-0.000001
-0.000209
-0.000908
-0.001994
-0.003360
-0.005412
-0.008087
-0.011636
-0.015885
-0.020796
-0.026096
-0.031650
-0.037539
-0.044233
-0.052090
-0.060973
-0.070886
-0.081207
-0.091685
-0.101916
-0.111806
-0.121260
-0.130942
-0.140175
-0.148957
-0.157885
-0.167219
-0.177088
-0.186881
-0.196493
-0.206429
-0.217214
-0.228707
-0.240798
-0.253001
-0.264934
-0.276872
-0.289867
-0.303175
-0.317336
-0.332235
-0.348160
-0.363981
-0.380045
-0.396668
-0.414161
-0.431872
-0.449701
-0.467684
-0.486498
-0.505797
-0.525980
-0.546600
-0.567062
-0.586385
-0.604681
-0.621767
-0.637838
-0.652937
-0.667338
-0.681699
-0.696296
-0.711544
-0.727281
-0.743180
-0.759739
-0.777129
-0.795736
-0.814678
-0.833679
-0.852706
-0.872466
-0.892110
-0.910637
-0.927678
-0.943825
-0.959302
-0.974412
-0.989630
-1.004648
-1.019411
-1.033688
-1.047495
-1.061197
-1.074980
-1.088566
-1.102007
-1.115095
-1.127709
-1.140143
-1.152656
-1.165684
-1.179654
-1.194939
-1.210359
-1.225590
-1.240687
-1.256100
-1.271711
-1.287722
-1.303956
-1.321023
-1.337869
-1.355277
-1.373611
-1.392557
-1.411238
-1.429966
-1.448807
-1.467971
-1.486943
-1.506000
-1.525550
-1.545560
-1.564929
-1.584639
-1.604799
-1.624572
-1.644599
-1.664866
-1.685057
-1.705056
-1.724853
-1.744483
-1.764985
-1.785208
-1.805908
-1.827120
-1.848654
-1.870327
-1.892291
-1.914245
-1.936173
-1.958444
-1.981164
-2.004761
-2.028435
-2.052793
-2.078041
-2.103635
-2.129589
-2.155631
-2.181140
-2.205797
-2.228989
-2.250973
-2.271838
-2.291612
-2.310635
-2.329579
-2.347661
-2.364151
-2.379225
-2.393584
-2.407168
-2.420247
-2.433566
-2.447640
-2.462637
-2.478185
-2.493773
-2.509947
-2.526129
-2.542461
-2.558614
-2.575294
-2.592402
-2.609969
-2.626760
-2.642384
-2.657471
-2.673283
-2.689358
-2.704992
-2.720232
-2.734944
-2.749221
-2.763943
-2.779773
-2.796242
-2.812704
-2.828428
-2.843853
-2.859645
-2.875782
-2.891687
-2.907202
-2.922452
-2.938191
-2.954890
-2.972787
-2.992001
-3.012237
-3.032996
-3.054456
-3.076977
-3.099385
-3.121657
-3.143908
-3.166159
-3.188428
-3.210554
-3.232225
-3.253343
-3.273909
-3.293635
-3.312719
-3.331098
-3.348256
-3.364497
-3.379620
-3.393886
-3.407051
-3.418957
-3.429627
-3.439459
-3.449532
-3.460245
-3.470651
-3.481413
-3.493114
-3.504987
-3.516414
-3.526226
-3.534688
-3.544264
-3.555893
-3.569716
-3.584386
-3.599469
-3.616070
-3.633616
-3.651621
-3.670745
-3.691985
-3.715697
-3.741358
-3.768436
-3.796864
-3.826261
-3.856164
-3.883040
-3.904283
-3.923509
-3.942515
-3.960694
-3.978090
-3.994308
-4.009933
-4.025256
-4.040908
-4.057363
-4.073935
-4.090116
-4.106536
-4.123580
-4.140990
-4.158841
-4.176995
-4.195351
-4.214064
-4.234032
-4.254766
-4.275369
-4.296276
-4.318170
-4.340719
-4.363496
-4.386260
-4.408944
-4.431257
-4.453990
-4.476803
-4.499043
-4.520647
-4.542473
-4.565196
-4.588689
-4.612450
-4.635919
-4.658865
-4.682178
-4.705397
-4.728294
-4.750841
-4.773107
-4.795460
-4.817341
-4.838667
-4.860489
-4.882670
-4.905644
-4.929943
-4.954624
-4.979079
-5.003414
-5.027391
-5.050618
-5.073067
-5.094525
-5.115335
-5.135884
-5.156115
-5.176293
-5.196836
-5.217797
-5.239058
-5.260577
-5.281099
-5.300018
-5.317392
-5.334145
-5.350915
-5.368521
-5.386062
-5.403692
-5.421436
-5.439530
-5.457788
-5.476226
-5.494083
-5.510905
-5.526821
-5.542338
-5.558102
-5.573883
-5.588758
-5.602941
-5.617144
-5.631986
-5.647678
-5.664133
-5.680632
-5.696650
-5.712085
-5.727124
-5.742097
-5.756767
-5.771038
-5.785714
-5.801004
-5.817163
-5.834126
-5.852324
-5.871191
-5.889919
-5.908986
-5.928763
-5.949545
-5.970429
-5.991693
-6.013472
-6.035347
-6.057215
-6.078979
-6.100682
-6.122072
-6.143148
-6.163536
-6.183248
-6.201982
-6.219824
-6.236706
-6.252120
-6.266242
-6.279479
-6.292157
-6.304387
-6.315382
-6.324756
-6.334315
-6.344564
-6.355654
-6.367123
-6.378523
-6.389659
-6.401264
-6.414145
-6.427753
-6.440415
-6.454249
-6.470160
-6.488070
-6.507327
-6.527529
-6.549278
-6.573234
-6.599521
-6.626951
-6.654783
-6.682332
-6.706164
-6.725766
-6.743916
-6.761758
-6.778686
-6.794339
-6.810927
-6.828293
-6.844771
-6.860010
-6.875110
-6.889986
-6.905203
-6.920795
-6.936022
-6.951190
-6.967188
-6.984483
-7.002643
-7.021045
-7.039771
-7.059380
-7.079575
-7.100653
-7.122007
-7.143301
-7.165350
-7.188278
-7.211664
-7.235008
-7.257760
-7.280082
-7.301842
-7.323861
-7.346677
-7.369135
-7.391221
-7.413715
-7.436595
-7.459507
-7.482096
-7.504040
-7.525767
-7.547222
-7.568814
-7.590802
-7.613130
-7.635706
-7.658778
-7.682330
-7.706439
-7.731134
-7.756017
-7.780847
-7.805610
-7.830326
-7.854349
-7.877178
-7.899164
-7.920520
-7.940892
-7.960026
-7.978369
-7.996578
-8.014808
-8.032766
-8.050487
-8.067808
-8.084323
-8.099484
-8.113554
-8.127299
-8.140837
-8.155082
-8.170167
-8.185958
-8.201859
-8.218048
-8.234647
-8.251199
-8.268719
-8.286777
-8.304202
-8.321109
-8.338051
-8.354676
-8.370836
-8.386555
-8.402233
-8.417963
-8.433858
-8.448747
-8.463501
-8.478633
-8.494106
-8.509557
-8.525243
-8.540750
-8.556129
-8.571461
-8.586897
-8.602552
-8.618814
-8.634626
-8.650830
-8.667580
-8.685413
-8.704223
-8.724127
-8.744492
-8.765046
-8.786117
-8.807541
-8.829400
-8.850977
-8.872603
-8.894338
-8.915711
-8.935427
-8.953026
-8.969718
-8.986241
-9.002688
-9.019242
-9.035358
-9.050261
-9.064053
-9.077118
-9.089694
-9.101493
-9.112876
-9.124332
-9.136342
-9.148967
-9.161172
-9.171723
-9.182066
-9.193251
-9.206217
-9.220855
-9.236639
-9.253583
-9.271706
-9.290502
-9.309084
-9.327952
-9.348245
-9.369395
-9.391749
-9.415833
-9.442421
-9.471156
-9.501345
-9.532533
-9.564347
-9.595416
-9.622285
-9.642904
-9.661942
-9.681722
-9.701491
-9.719233
-9.735412
-9.751136
-9.767034
-9.783425
-9.800604
-9.818159
-9.836085
-9.855069
-9.875368
-9.896210
-9.916710
-9.937295
-9.958185
-9.978666
-10.000387
-10.022983
-10.046032
-10.069823
-10.094344
-10.118886
-10.142766
-10.166475
-10.190137
-10.213618
-10.237445
-10.260725
-10.283332
-10.306215
-10.329552
-10.352940
-10.376105
-10.399224
-10.422200
-10.444805
-10.467635
-10.490471
-10.513204
-10.536268
-10.559759
-10.583492
-10.607514
-10.631669
-10.655787
-10.679526
-10.702749
-10.725581
-10.747730
-10.768698
-10.788407
-10.807262
-10.825367
-10.843163
-10.860857
-10.878261
-10.895497
-10.912482
-10.928846
-10.944036
-10.957891
-10.972062
-10.986271
-11.000548
-11.015162
-11.030555
-11.046762
-11.063174
-11.079835
-11.096528
-11.113874
-11.131686
-11.150081
-11.169058
-11.187730
-11.205485
-11.222631
-11.239704
-11.256638
-11.272927
-11.288784
-11.304306
-11.319617
-11.334261
-11.349309
-11.364775
-11.380438
-11.395792
-11.410961
-11.426094
-11.441203
-11.456056
-11.471165
-11.486674
-11.502718
-11.518584
-11.535432
-11.553619
-11.572783
-11.592760
-11.613665
-11.635272
-11.657379
-11.680099
-11.703078
-11.725838
-11.748206
-11.770967
-11.793901
-11.816480
-11.838426
-11.859326
-11.879034
-11.897749
-11.915567
-11.932058
-11.947135
-11.961489
-11.974927
-11.987365
-11.998618
-12.009152
-12.019565
-12.030488
-12.042066
-12.053251
-12.063588
-12.075004
-12.088253
-12.102556
-12.117523
-12.133224
-12.150088
-12.168416
-12.188201
-12.209828
-12.232147
-12.256145
-12.282139
-12.308936
-12.336334
-12.363532
-12.387554
-12.407386
-12.425393
-12.443291
-12.460264
-12.475856
-12.490702
-12.505917
-12.521140
-12.536623
-12.552614
-12.568535
-12.583882
-12.598403
-12.612851
-12.628150
-12.643908
-12.660257
-12.677150
-12.694463
-12.712602
-12.731894
-12.751495
-12.770777
-12.790234
-12.810220
-12.830680
-12.851491
-12.873026
-12.894645
-12.916499
-12.938695
-12.961239
-12.983318
-13.004918
-13.026144
-13.047560
-13.068380
-13.089561
-13.110550
-13.130830
-13.150919
-13.171516
-13.192650
-13.213547
-13.234360
-13.255268
-13.277099
-13.298794
-13.321844
-13.345531
-13.368834
-13.391952
-13.415246
-13.438443
-13.461852
-13.485497
-13.509616
-13.533570
-13.557618
-13.581591
-13.604483
-13.626374
-13.647359
-13.667531
-13.686810
-13.704787
-13.720992
-13.735517
-13.749632
-13.763484
-13.777138
-13.790883
-13.805338
-13.820024
-13.834913
-13.850242
-13.866074
-13.882466
-13.898913
-13.915161
-13.931129
-13.947231
-13.963786
-13.980026
-13.996351
-14.012791
-14.028975
-14.044318
-14.059720
-14.075780
-14.092220
-14.108328
-14.123965
-14.138858
-14.153875
-14.168624
-14.183619
-14.199038
-14.214920
-14.230484
-14.245959
-14.261911
-14.278294
-14.294586
-14.311014
-14.327550
-14.344677
-14.362161
-14.380933
-14.400949
-14.421921
-14.443402
-14.465611
-14.488420
-14.511463
-14.534816
-14.557936
-14.580645
-14.602714
-14.624245
-14.645614
-14.666934
-14.687651
-14.707592
-14.726871
-14.745414
-14.763101
-14.779726
-14.795066
-14.809112
-14.820883
-14.831217
-14.840612
-14.849634
-14.858871
-14.868616
-14.879256
-14.890263
-14.901917
-14.914478
-14.927603
-14.940977
-14.954720
-14.969134
-14.984402
-14.999297
-15.012574
-15.026370
-15.041984
-15.058957
-15.077409
-15.097871
-15.120168
-15.143593
-15.168404
-15.194596
-15.221927
-15.250104
-15.278853
-15.305378
-15.326672
-15.345828
-15.365209
-15.384492
-15.402159
-15.418441
-15.433697
-15.447980
-15.461985
-15.477031
-15.492185
-15.507799
-15.524613
-15.541748
-15.558948
-15.576872
-15.595276
-15.613831
-15.633002
-15.652790
-15.672977
-15.692917
-15.713507
-15.734562
-15.755697
-15.777422
-15.799391
-15.820738
-15.841607
-15.862340
-15.883454
-15.904182
-15.924984
-15.945723
-15.966255
-15.987121
-16.008934
-16.030968
-16.052780
-16.074650
-16.096733
-16.118713
-16.140617
-16.162722
-16.184952
-16.207195
-16.229715
-16.253355
-16.277702
-16.302961
-16.328581
-16.354029
-16.378815
-16.402937
-16.426228
0.000000
0.000000
0.000000
0.000000
0.000000
0.000000
0.000000
0.000000
0.000000
0.000000
0.000000
0.000000
0.000000
0.000000
0.000000
0.000000
0.000000
0.000000
0.000000
0.000000
0.000000
0.000000
0.000000
0.000000
0.000000
0.000000
0.000000
0.000000
0.000000
0.000000
0.000000
0.000000
0.000000
0.000000
0.000000
0.000000
0.000000
0.000000
0.000000
0.000000
0.000000
0.000000
0.000000
0.000000
0.000000
0.000000
0.000000
0.000000
0.000000
0.000000
0.000000
0.000000
0.000000
0.000000
0.000000
0.000000
0.000000
0.000000
0.000000
0.000000
0.000000
0.000000
0.000000
0.000000
0.000000
0.000000
0.000000
0.000000
0.000000
0.000000
0.000000
0.000000
0.000000
0.000000
0.000000
0.000000
0.000000
0.000000
0.000000
0.000000
0.000000
0.000000
0.000000
0.000000
0.000000
0.000000
0.000000
0.000000
0.000000
0.000000
0.000000
