0.000196
0.000427
0.000819
0.001388
0.002100
0.003025
0.003968
0.005143
0.006442
0.007954
0.009520
0.011227
0.013148
0.015281
0.017485
0.019883
0.022386
0.024940
0.027474
0.030342
0.032853
0.035485
0.038185
0.040916
0.043732
0.046614
0.049562
0.052575
0.055512
0.058532
0.061475
0.064482
0.067394
0.070366
0.073364
0.076301
0.079279
0.082247
0.085321
0.088347
0.091510
0.094605
0.097681
0.100705
0.103775
0.106772
0.109681
0.112630
0.115553
0.118369
0.121093
0.123787
0.126234
0.128651
0.130800
0.132718
0.134497
0.136241
0.137895
0.139643
0.141397
0.143131
0.144857
0.146478
0.148247
0.150054
0.151969
0.153837
0.155730
0.157572
0.159445
0.161345
0.163188
0.164923
0.166609
0.168342
0.170018
0.171617
0.173258
0.174957
0.176589
0.178164
0.179738
0.181266
0.182663
0.184107
0.185474
0.186813
0.188118
0.189418
0.190668
0.192057
0.193360
0.194614
0.195806
0.196908
0.197958
0.198939
0.199909
0.200813
0.201672
0.202420
0.203147
0.203805
0.204433
0.204985
0.205483
0.205897
0.206259
0.206569
0.206818
0.207014
0.207150
0.207222
0.207240
0.207198
0.207097
0.206927
0.206702
0.206416
0.206078
0.205692
0.205236
0.204676
0.204099
0.203440
0.202735
0.201941
0.201073
0.200143
0.199176
0.198133
0.197021
0.195776
0.194413
0.193029
0.191535
0.189893
0.188130
0.186358
0.184575
0.182836
0.181112
0.179370
0.177672
0.176005
0.174340
0.172708
0.170992
0.169266
0.167494
0.165769
0.164045
0.162283
0.160500
0.158643
0.156696
0.154699
0.152622
0.150392
0.148178
0.145909
0.143628
0.141188
0.138559
0.135976
0.133274
0.130559
0.127957
0.125129
0.122294
0.119419
0.116570
0.113667
0.110809
0.107802
0.104744
0.101551
0.098355
0.095224
0.092125
0.089010
0.085863
0.082718
0.079678
0.076644
0.073649
0.070453
0.067159
0.063889
0.060609
0.057371
0.054124
0.050939
0.047695
0.044534
0.041316
0.038024
0.034999
0.031868
0.028828
0.025952
0.023134
0.020411
0.017818
0.015285
0.012987
0.011467
0.009394
0.007450
0.005583
0.003773
0.002022
0.000584
-0.000832
-0.003044
-0.003926
-0.004348
-0.006318
-0.007812
-0.009315
-0.011112
-0.011741
-0.013275
-0.014985
-0.016720
-0.019473
-0.019635
-0.022674
-0.024590
-0.026790
-0.028845
-0.031019
-0.033416
-0.035964
-0.038609
-0.041385
-0.044224
-0.047032
-0.049982
-0.052845
-0.055575
-0.058264
-0.061029
-0.063829
-0.066393
-0.069004
-0.071522
-0.074017
-0.076523
-0.079003
-0.081409
-0.083700
-0.085941
-0.088150
-0.090295
-0.092354
-0.094281
-0.096097
-0.097856
-0.099592
-0.101287
-0.102907
-0.104443
-0.105861
-0.107207
-0.108487
-0.109673
-0.110756
-0.111761
-0.112724
-0.113602
-0.114395
-0.115118
-0.115753
-0.116330
-0.116826
-0.117241
-0.117568
-0.117814
-0.117989
-0.118090
-0.118113
-0.118060
-0.117935
-0.117714
-0.117541
-0.117209
-0.116783
-0.116313
-0.115782
-0.115167
-0.114480
-0.113737
-0.112972
-0.112186
-0.111376
-0.110531
-0.109627
-0.108704
-0.107686
-0.106698
-0.105606
-0.104396
-0.103086
-0.101673
-0.100260
-0.098730
-0.097254
-0.095695
-0.094055
-0.092314
-0.090468
-0.088557
-0.086626
-0.084674
-0.082438
-0.080167
-0.077789
-0.075487
-0.073281
-0.070986
-0.068604
-0.066215
-0.063817
-0.061440
-0.059034
-0.056391
-0.053789
-0.050972
-0.048136
-0.045209
-0.042335
-0.039534
-0.036734
-0.033893
-0.031086
-0.028316
-0.025447
-0.022585
-0.019652
-0.016647
-0.013666
-0.010755
-0.007869
-0.005009
-0.002093
0.000944
0.003819
0.006783
0.009714
0.012716
0.015752
0.018787
0.021715
0.024532
0.027290
0.030039
0.032707
0.035275
0.037669
0.039960
0.042182
0.044050
0.045954
0.047769
0.049495
0.050474
0.052341
0.053870
0.055488
0.057122
0.058808
0.060138
0.062033
0.063626
0.065499
0.066840
0.068636
0.071273
0.073307
0.075527
0.077932
0.080482
0.083297
0.086284
0.089388
0.092584
0.095785
0.099084
0.102331
0.105463
0.108647
0.111851
0.115200
0.118393
0.121544
0.124680
0.127906
0.130949
0.133977
0.137004
0.140031
0.143053
0.146070
0.149025
0.151987
0.154855
0.157683
0.160387
0.163034
0.165570
0.168047
0.170523
0.172958
0.175313
0.177611
0.179828
0.181938
0.183963
0.185894
0.187723
0.189423
0.191197
0.192870
0.194444
0.195904
0.197342
0.198707
0.199969
0.201159
0.202310
0.203335
0.204305
0.205245
0.206141
0.206965
0.207717
0.208399
0.209013
0.209560
0.210047
0.210453
0.210773
0.211007
0.211164
0.211236
0.211235
0.211170
0.211059
0.210899
0.210698
0.210436
0.210154
0.209800
0.209452
0.209015
0.208574
0.208064
0.207475
0.206887
0.206216
0.205505
0.204795
0.203987
0.203107
0.202185
0.201221
0.200162
0.199058
0.197847
0.196599
0.195248
0.193769
0.192318
0.190778
0.189266
0.187692
0.185975
0.184240
0.182471
0.180696
0.178852
0.176937
0.174928
0.172908
0.170815
0.168734
0.166658
0.164566
0.162343
0.160164
0.157948
0.155730
0.153488
0.151197
0.148727
0.146255
0.143754
0.141265
0.138788
0.136299
0.133713
0.131101
0.128582
0.126026
0.123450
0.120917
0.118618
0.115633
0.113335
0.111065
0.108906
0.106812
0.104784
0.103879
0.102106
0.100342
0.098635
0.096887
0.095385
0.093827
0.092178
0.090472
0.088589
0.088125
0.086367
0.084450
0.082493
0.080460
0.078334
0.076079
0.073659
0.072234
0.069730
0.067132
0.064315
0.061477
0.058527
0.055201
0.051713
0.048208
0.044599
0.040909
0.037122
0.033386
0.029669
0.025899
0.022077
0.018168
0.014209
0.010477
0.006935
0.003343
-0.000231
-0.003902
-0.007518
-0.011093
-0.014644
-0.018085
-0.021449
-0.024733
-0.027904
-0.031010
-0.033957
-0.036976
-0.039987
-0.043018
-0.045974
-0.048911
-0.051727
-0.054448
-0.057074
-0.059674
-0.062154
-0.064554
-0.066936
-0.069310
-0.071505
-0.073645
-0.075739
-0.077773
-0.079715
-0.081554
-0.083323
-0.085022
-0.086726
-0.088322
-0.089863
-0.091374
-0.092810
-0.094162
-0.095452
-0.096691
-0.097812
-0.098838
-0.099779
-0.100616
-0.101385
-0.101996
-0.102520
-0.102996
-0.103426
-0.103824
-0.104164
-0.104458
-0.104729
-0.104960
-0.105155
-0.105312
-0.105433
-0.105531
-0.105592
-0.105617
-0.105603
-0.105549
-0.105451
-0.105306
-0.105104
-0.104849
-0.104521
-0.104162
-0.103722
-0.103210
-0.102614
-0.101992
-0.101288
-0.100535
-0.099743
-0.098889
-0.097973
-0.097021
-0.096016
-0.095001
-0.093919
-0.092760
-0.091540
-0.090277
-0.088967
-0.087682
-0.086337
-0.084926
-0.083463
-0.081947
-0.080412
-0.078839
-0.077168
-0.075393
-0.073546
-0.071633
-0.069702
-0.067784
-0.065861
-0.063859
-0.061778
-0.059707
-0.057677
-0.055573
-0.053430
-0.051251
-0.049089
-0.047017
-0.045096
-0.043211
-0.041410
-0.039640
-0.037992
-0.036412
-0.034934
-0.033515
-0.032219
-0.030974
-0.029660
-0.028307
-0.026900
-0.026345
-0.023229
-0.021576
-0.019975
-0.018332
-0.016597
-0.014802
-0.012815
-0.010585
-0.008239
-0.005593
-0.003042
0.000052
0.003170
0.006296
0.009669
0.013099
0.016464
0.019773
0.023130
0.026689
0.030274
0.033778
0.037216
0.040800
0.044495
0.048264
0.051875
0.055434
0.058921
0.062338
0.065913
0.069504
0.073038
0.076569
0.080148
0.083756
0.087427
0.090948
0.094353
0.097659
0.100970
0.104423
0.107756
0.110917
0.114213
0.117402
0.120586
0.123695
0.126762
0.129686
0.132549
0.135385
0.138272
0.141001
0.143949
0.146601
0.149235
0.151881
0.154522
0.157098
0.159564
0.161949
0.164324
0.166893
0.169159
0.171990
0.174309
0.176525
0.178788
0.181009
0.183149
0.185221
0.187312
0.189352
0.191317
0.193155
0.194900
0.196514
0.197987
0.199309
0.200523
0.201683
0.202729
0.203706
0.204634
0.205594
0.206482
0.207378
0.208237
0.209113
0.209988
0.210809
0.211625
0.212386
0.213124
0.213819
0.214483
0.215126
0.215704
0.216255
0.216753
0.217223
0.217655
0.218044
0.218378
0.218672
0.218921
0.219120
0.219268
0.219359
0.219402
0.219397
0.219343
0.219239
0.219080
0.218865
0.218597
0.218275
0.217906
0.217483
0.217012
0.216482
0.215891
0.215272
0.214601
0.213854
0.213043
0.212147
0.211202
0.210231
0.209209
0.208126
0.206974
0.205754
0.204497
0.203183
0.201905
0.200531
0.199058
0.197628
0.196241
0.194867
0.193541
0.192249
0.190998
0.189804
0.188487
0.187889
0.187170
0.186168
0.185166
0.184213
0.183154
0.182013
0.180726
0.179619
0.178301
0.176978
0.175586
0.174177
0.172684
0.171119
0.170225
0.168401
0.166611
0.164662
0.162689
0.160620
0.158363
0.155883
0.153247
0.150406
0.147505
0.144482
0.141241
0.137856
0.134410
0.131102
0.127634
0.123972
0.120117
0.116405
0.112876
0.109345
0.105731
0.102102
0.098322
0.094650
0.090930
0.087232
0.083488
0.079785
0.076089
0.072507
0.068971
0.065392
0.061861
0.058396
0.054999
0.051493
0.048023
0.044519
0.041088
0.037786
0.034614
0.031343
0.028062
0.024827
0.021708
0.018444
0.015281
0.012099
0.008881
0.005734
0.002708
-0.000211
-0.003209
-0.006166
-0.009048
-0.011887
-0.014795
-0.017689
-0.020582
-0.023566
-0.026559
-0.029389
-0.032071
-0.034738
-0.037330
-0.039788
-0.042102
-0.044289
-0.046299
0.000000
0.000000
0.000000
0.000000
0.000000
0.000000
0.000000
0.000000
0.000000
0.000000
0.000000
0.000000
0.000000
0.000000
0.000000
0.000000
0.000000
0.000000
0.000000
0.000000
0.000000
0.000000
0.000000
0.000000
0.000000
0.000000
0.000000
0.000000
0.000000
0.000000
0.000000
0.000000
0.000000
0.000000
0.000000
0.000000
0.000000
0.000000
0.000000
0.000000
0.000000
0.000000
0.000000
0.000000
0.000000
0.000000
0.000000
0.000000
0.000000
0.000000
0.000000
0.000000
0.000000
0.000000
0.000000
0.000000
0.000000
0.000000
0.000000
0.000000
0.000000
0.000000
0.000000
0.000000
0.000000
0.000000
0.000000
0.000000
0.000000
0.000000
0.000000
0.000000
0.000000
0.000000
0.000000
0.000000
0.000000
0.000000
0.000000
0.000000
0.000000
0.000000
0.000000
0.000000
0.000000
0.000000
0.000000
0.000000
0.000000
0.000000
0.000000
