-0.000000
-0.000000
-0.000000
-0.000002
-0.000004
-0.000009
-0.000017
-0.000030
-0.000051
-0.000082
-0.000123
-0.000177
-0.000249
-0.000344
-0.000459
-0.000605
-0.000783
-0.000991
-0.001224
-0.001517
-0.001799
-0.002120
-0.002475
-0.002861
-0.003283
-0.003742
-0.004240
-0.004779
-0.005334
-0.005935
-0.006552
-0.007215
-0.007893
-0.008623
-0.009398
-0.010195
-0.011041
-0.011926
-0.012888
-0.013882
-0.014973
-0.016096
-0.017268
-0.018476
-0.019762
-0.021080
-0.022421
-0.023844
-0.025320
-0.026809
-0.028318
-0.029882
-0.031371
-0.032910
-0.034338
-0.035663
-0.036938
-0.038231
-0.039496
-0.040873
-0.042297
-0.043746
-0.045234
-0.046677
-0.048303
-0.050019
-0.051903
-0.053810
-0.055817
-0.057846
-0.059990
-0.062253
-0.064538
-0.066773
-0.069023
-0.071415
-0.073805
-0.076161
-0.078660
-0.081333
-0.083986
-0.086631
-0.089359
-0.092093
-0.094676
-0.097435
-0.100134
-0.102867
-0.105616
-0.108446
-0.111259
-0.114497
-0.117656
-0.120834
-0.123998
-0.127063
-0.130127
-0.133139
-0.136285
-0.139395
-0.142536
-0.145468
-0.148532
-0.151540
-0.154681
-0.157746
-0.160838
-0.163763
-0.166713
-0.169722
-0.172684
-0.175702
-0.178707
-0.181553
-0.184543
-0.187550
-0.190520
-0.193683
-0.196718
-0.199748
-0.202700
-0.205557
-0.208494
-0.211684
-0.214617
-0.217643
-0.220585
-0.223615
-0.226661
-0.229670
-0.232575
-0.235490
-0.238399
-0.241447
-0.244580
-0.247567
-0.250600
-0.253738
-0.256911
-0.259916
-0.262767
-0.265394
-0.267858
-0.270222
-0.272418
-0.274480
-0.276452
-0.278310
-0.280190
-0.282010
-0.283813
-0.285510
-0.287157
-0.288791
-0.290401
-0.292035
-0.293701
-0.295363
-0.297039
-0.298782
-0.300457
-0.302117
-0.303730
-0.305396
-0.307130
-0.308772
-0.310426
-0.312023
-0.313495
-0.315037
-0.316528
-0.317982
-0.319366
-0.320720
-0.322001
-0.323296
-0.324562
-0.325829
-0.327038
-0.328165
-0.329222
-0.330231
-0.331197
-0.332108
-0.332935
-0.333710
-0.334425
-0.335137
-0.335816
-0.336434
-0.336993
-0.337481
-0.337903
-0.338250
-0.338534
-0.338738
-0.338874
-0.338940
-0.338933
-0.338856
-0.338713
-0.338515
-0.338259
-0.337953
-0.337608
-0.337220
-0.336823
-0.336531
-0.336097
-0.335656
-0.335203
-0.334736
-0.334260
-0.333851
-0.333431
-0.332752
-0.332472
-0.332333
-0.331660
-0.331132
-0.330580
-0.329897
-0.329650
-0.329029
-0.328320
-0.327580
-0.326370
-0.326296
-0.324855
-0.323911
-0.322781
-0.321679
-0.320463
-0.319062
-0.317498
-0.315787
-0.313889
-0.311833
-0.309675
-0.307266
-0.304782
-0.302282
-0.299713
-0.296967
-0.294079
-0.291336
-0.288443
-0.285562
-0.282614
-0.279560
-0.276439
-0.273306
-0.270220
-0.267096
-0.263907
-0.260696
-0.257493
-0.254374
-0.251313
-0.248219
-0.245030
-0.241760
-0.238471
-0.235182
-0.231976
-0.228739
-0.225456
-0.222195
-0.218992
-0.215782
-0.212448
-0.209127
-0.205822
-0.202483
-0.199216
-0.195849
-0.192504
-0.189166
-0.185908
-0.182697
-0.179427
-0.176101
-0.172773
-0.169410
-0.166174
-0.162532
-0.160457
-0.157307
-0.153953
-0.150802
-0.147715
-0.144572
-0.141462
-0.138455
-0.135657
-0.133032
-0.130545
-0.128144
-0.125746
-0.123451
-0.121061
-0.118871
-0.116573
-0.114154
-0.111665
-0.109112
-0.106681
-0.104175
-0.101866
-0.099526
-0.097155
-0.094724
-0.092238
-0.089756
-0.087336
-0.084978
-0.082371
-0.079819
-0.077243
-0.074839
-0.072617
-0.070381
-0.068134
-0.065948
-0.063824
-0.061784
-0.059780
-0.057642
-0.055597
-0.053450
-0.051359
-0.049273
-0.047296
-0.045434
-0.043635
-0.041869
-0.040183
-0.038573
-0.036960
-0.035406
-0.033871
-0.032360
-0.030923
-0.029585
-0.028324
-0.027137
-0.025992
-0.024868
-0.023872
-0.022914
-0.022034
-0.021204
-0.020436
-0.019738
-0.019132
-0.018612
-0.018164
-0.017776
-0.017455
-0.017198
-0.017003
-0.016858
-0.016754
-0.016696
-0.016664
-0.016657
-0.016673
-0.016694
-0.016754
-0.016817
-0.016900
-0.017000
-0.017123
-0.017235
-0.017416
-0.017586
-0.017808
-0.017985
-0.018247
-0.018665
-0.019016
-0.019436
-0.019936
-0.020517
-0.021219
-0.022033
-0.022959
-0.024006
-0.025151
-0.026437
-0.027807
-0.029216
-0.030725
-0.032316
-0.034053
-0.035779
-0.037546
-0.039375
-0.041331
-0.043245
-0.045215
-0.047251
-0.049351
-0.051519
-0.053754
-0.056013
-0.058350
-0.060689
-0.063077
-0.065446
-0.067852
-0.070246
-0.072678
-0.075209
-0.077805
-0.080426
-0.083097
-0.085790
-0.088477
-0.091184
-0.093895
-0.096590
-0.099220
-0.102099
-0.104954
-0.107785
-0.110556
-0.113438
-0.116336
-0.119183
-0.122042
-0.124993
-0.127801
-0.130648
-0.133617
-0.136674
-0.139733
-0.142791
-0.145867
-0.148974
-0.152130
-0.155404
-0.158689
-0.161948
-0.165143
-0.168378
-0.171456
-0.174303
-0.177096
-0.179567
-0.181964
-0.184269
-0.186729
-0.188989
-0.191455
-0.193598
-0.196015
-0.198231
-0.200579
-0.203091
-0.205439
-0.207967
-0.210503
-0.212910
-0.215510
-0.218199
-0.220874
-0.223534
-0.226312
-0.229071
-0.231959
-0.234793
-0.237717
-0.240777
-0.243653
-0.246583
-0.249346
-0.252115
-0.255028
-0.257868
-0.260666
-0.263375
-0.266102
-0.268845
-0.271631
-0.274343
-0.277065
-0.279685
-0.282217
-0.284690
-0.287238
-0.289658
-0.292044
-0.294355
-0.296618
-0.298857
-0.301192
-0.303446
-0.305642
-0.307741
-0.309745
-0.311676
-0.313596
-0.315450
-0.317156
-0.318808
-0.320395
-0.321881
-0.323164
-0.324754
-0.325926
-0.327037
-0.328049
-0.328990
-0.329860
-0.330232
-0.330929
-0.331594
-0.332213
-0.332821
-0.333325
-0.333827
-0.334338
-0.334844
-0.335377
-0.335502
-0.335957
-0.336432
-0.336893
-0.337344
-0.337784
-0.338213
-0.338632
-0.338852
-0.339190
-0.339492
-0.339765
-0.339983
-0.340147
-0.340257
-0.340288
-0.340226
-0.340058
-0.339775
-0.339366
-0.338841
-0.338200
-0.337446
-0.336599
-0.335654
-0.334614
-0.333554
-0.332480
-0.331326
-0.330117
-0.328809
-0.327453
-0.326043
-0.324569
-0.323068
-0.321524
-0.319935
-0.318319
-0.316654
-0.314996
-0.313214
-0.311351
-0.309385
-0.307370
-0.305268
-0.303149
-0.300995
-0.298810
-0.296538
-0.294266
-0.291961
-0.289562
-0.287055
-0.284626
-0.282147
-0.279607
-0.277018
-0.274425
-0.271846
-0.269240
-0.266609
-0.263834
-0.261098
-0.258310
-0.255425
-0.252522
-0.249618
-0.246667
-0.243636
-0.240692
-0.237789
-0.234914
-0.232137
-0.229358
-0.226943
-0.224672
-0.222408
-0.220152
-0.217837
-0.215621
-0.213452
-0.211155
-0.208853
-0.206512
-0.204168
-0.201822
-0.199208
-0.196646
-0.193923
-0.191165
-0.188407
-0.185615
-0.182771
-0.179789
-0.176774
-0.173534
-0.170512
-0.167303
-0.164015
-0.160615
-0.157418
-0.154111
-0.150851
-0.147674
-0.144476
-0.141258
-0.138107
-0.134953
-0.131934
-0.128862
-0.125723
-0.122570
-0.119453
-0.116355
-0.113441
-0.110514
-0.107559
-0.104610
-0.101667
-0.098795
-0.095964
-0.093066
-0.090104
-0.087146
-0.084208
-0.081368
-0.078670
-0.076086
-0.073517
-0.070966
-0.068545
-0.066278
-0.064031
-0.061845
-0.059721
-0.057708
-0.055861
-0.054220
-0.052673
-0.051250
-0.049902
-0.048689
-0.047563
-0.046541
-0.045589
-0.044741
-0.043947
-0.043128
-0.042305
-0.041469
-0.041148
-0.039392
-0.038483
-0.037627
-0.036775
-0.035908
-0.035043
-0.034124
-0.033138
-0.032152
-0.031101
-0.030150
-0.029076
-0.028077
-0.027163
-0.026275
-0.025472
-0.024780
-0.024182
-0.023644
-0.023139
-0.022695
-0.022322
-0.022010
-0.021738
-0.021515
-0.021344
-0.021236
-0.021188
-0.021195
-0.021255
-0.021369
-0.021536
-0.021755
-0.022029
-0.022366
-0.022768
-0.023241
-0.023759
-0.024328
-0.024947
-0.025634
-0.026420
-0.027249
-0.028104
-0.029070
-0.030080
-0.031165
-0.032300
-0.033498
-0.034716
-0.035985
-0.037315
-0.038744
-0.040169
-0.041787
-0.043317
-0.044911
-0.046586
-0.048334
-0.050116
-0.051899
-0.053702
-0.055576
-0.057691
-0.059642
-0.062188
-0.064372
-0.066561
-0.068902
-0.071309
-0.073740
-0.076206
-0.078817
-0.081491
-0.084199
-0.086866
-0.089531
-0.092132
-0.094631
-0.096990
-0.099267
-0.101552
-0.103715
-0.105832
-0.107932
-0.110192
-0.112367
-0.114653
-0.116935
-0.119362
-0.121903
-0.124405
-0.127021
-0.129599
-0.132256
-0.134926
-0.137658
-0.140505
-0.143274
-0.146141
-0.148980
-0.151951
-0.154999
-0.158107
-0.161185
-0.164339
-0.167550
-0.170783
-0.174072
-0.177220
-0.180512
-0.183769
-0.186972
-0.190280
-0.193693
-0.197175
-0.200616
-0.204054
-0.207433
-0.210805
-0.214118
-0.217457
-0.220822
-0.224038
-0.227224
-0.230486
-0.233749
-0.237065
-0.240293
-0.243364
-0.246363
-0.249320
-0.252252
-0.255156
-0.257966
-0.260731
-0.263275
-0.265870
-0.268513
-0.270954
-0.273214
-0.275356
-0.277338
-0.279193
-0.280923
-0.282519
-0.284223
-0.284975
-0.285858
-0.287061
-0.288242
-0.289346
-0.290549
-0.291820
-0.293224
-0.294405
-0.295779
-0.297124
-0.298501
-0.299859
-0.301259
-0.302685
-0.303475
-0.305038
-0.306532
-0.308113
-0.309663
-0.311233
-0.312880
-0.314614
-0.316370
-0.318169
-0.319906
-0.321611
-0.323323
-0.324991
-0.326568
-0.327976
-0.329367
-0.330754
-0.332129
-0.333374
-0.334488
-0.335540
-0.336557
-0.337522
-0.338471
-0.339335
-0.340150
-0.340900
-0.341595
-0.342216
-0.342771
-0.343243
-0.343643
-0.343981
-0.344246
-0.344438
-0.344556
-0.344609
-0.344590
-0.344497
-0.344333
-0.344103
-0.343812
-0.343442
-0.343001
-0.342497
-0.341944
-0.341295
-0.340598
-0.339827
-0.338977
-0.338075
-0.337136
-0.336158
-0.335082
-0.333946
-0.332765
-0.331529
-0.330186
-0.328771
-0.327276
-0.325649
-0.323928
-0.322211
-0.320493
-0.318687
-0.316835
-0.314981
-0.313145
-0.311322
-0.309565
0.000000
0.000000
0.000000
0.000000
0.000000
0.000000
0.000000
0.000000
0.000000
0.000000
0.000000
0.000000
0.000000
0.000000
0.000000
0.000000
0.000000
0.000000
0.000000
0.000000
0.000000
0.000000
0.000000
0.000000
0.000000
0.000000
0.000000
0.000000
0.000000
0.000000
0.000000
0.000000
0.000000
0.000000
0.000000
0.000000
0.000000
0.000000
0.000000
0.000000
0.000000
0.000000
0.000000
0.000000
0.000000
0.000000
0.000000
0.000000
0.000000
0.000000
0.000000
0.000000
0.000000
0.000000
0.000000
0.000000
0.000000
0.000000
0.000000
0.000000
0.000000
0.000000
0.000000
0.000000
0.000000
0.000000
0.000000
0.000000
0.000000
0.000000
0.000000
0.000000
0.000000
0.000000
0.000000
0.000000
0.000000
0.000000
0.000000
0.000000
0.000000
0.000000
0.000000
0.000000
0.000000
0.000000
0.000000
0.000000
0.000000
0.000000
0.000000
