4071.417969
1208.765991
2564.162109
2660.887207
5000.000000
5000.000000
1508.469727
4455.781738
5000.000000
5000.000000
3433.195312
5000.000000
5000.000000
3913.962891
5000.000000
3939.796875
2300.736572
5000.000000
2397.875732
5000.000000
5000.000000
1638.032837
5000.000000
864.757141
1901.572144
1477.142822
5000.000000
5000.000000
1186.250122
686.397461
2802.732422
2714.150391
1285.690308
1347.277588
5000.000000
2840.240479
3487.262695
3266.729492
2193.959473
3665.605225
1786.140381
3945.500488
5000.000000
3528.398438
5000.000000
2540.925049
1457.622925
1578.331055
3977.112305
1040.820557
816.711609
2827.267090
2520.012207
2982.479980
3047.657471
717.438354
1303.807007
5000.000000
1040.888794
2687.778320
2503.662354
2002.652100
1956.617065
1643.274536
2744.638184
3152.849365
5000.000000
5000.000000
5000.000000
1303.008667
713.723511
619.937683
356.287811
229.776657
173.567307
153.345703
125.391510
116.859489
102.091194
95.553787
83.319878
97.862206
110.000290
120.667351
102.972488
131.938782
370.147247
2096.327148
263.172333
188.946991
124.713593
112.567909
120.925133
112.159462
122.734459
139.978531
109.732384
113.203629
122.339386
117.183090
125.814941
113.453735
103.375740
103.598862
99.249954
89.867363
89.472206
81.798340
86.908867
93.118042
90.352028
93.624825
105.748566
91.694260
89.735847
90.470787
96.718178
76.420181
87.411880
108.984108
131.857376
158.434967
234.230957
488.994995
542.353210
911.038269
2588.728516
5000.000000
4001.214355
2166.083984
1240.264404
1227.797119
2809.431641
5000.000000
4868.415527
1380.247925
896.662903
1289.279175
1477.210327
969.210388
2355.933105
1849.589844
3179.184326
2075.341553
5000.000000
3894.313477
2232.115723
1150.466797
1225.427246
5000.000000
1755.796387
3137.838623
5000.000000
2634.746826
5000.000000
1983.855103
2728.744141
4887.360352
2085.450439
1704.656982
1293.072754
2839.273682
2578.717529
1032.070801
578.842346
379.575256
327.405151
305.676910
243.991089
234.177658
218.559006
212.082504
190.269363
189.597763
195.311478
153.439423
150.950165
139.790253
132.556305
135.105469
143.466660
142.323242
155.989685
159.656998
146.791260
149.973785
136.691345
134.225998
123.147507
125.247353
121.479294
127.969009
128.148529
161.181503
207.831772
215.237534
202.374451
233.290543
350.997772
592.350952
788.977112
663.350098
706.596497
609.288879
557.964478
1103.699097
1924.627197
1162.299683
771.528809
1245.209106
2660.313721
5000.000000
3871.203369
5000.000000
3701.344727
3003.052490
2428.961182
1553.273193
1064.878662
509.258179
337.719940
283.613892
221.413437
180.792007
150.062500
135.610657
120.388962
111.417130
102.702362
103.018608
103.628944
101.434021
92.788734
95.231056
88.763138
88.019051
80.444466
81.030289
81.836525
85.646675
85.798042
88.187500
90.040359
95.618507
103.223969
111.051437
140.870728
215.910233
571.982056
1279.014526
350.192200
213.306824
147.812546
131.121063
149.656906
131.526077
125.788902
133.838684
129.374283
121.711555
112.540428
102.177788
99.411751
97.860916
100.092064
99.378647
97.464699
98.831154
91.526031
90.134560
87.456161
80.578987
85.749977
76.158501
94.053551
80.163612
87.836784
88.023048
102.409760
124.073860
181.602768
302.558136
702.559692
2684.667236
622.505127
313.828583
213.542877
182.316177
155.267380
140.417114
123.633018
121.246231
117.448166
113.533226
110.698532
112.313385
109.610458
104.371071
95.363945
91.468887
84.794380
81.458839
79.300140
82.169594
83.243614
86.248932
75.131416
97.806351
139.327148
166.703598
266.240387
418.333008
1840.376099
429.660553
358.291931
300.443909
257.643433
219.924210
174.002304
190.638962
182.548416
173.435303
188.865341
171.351944
177.950500
190.390030
183.229919
153.301926
137.698288
144.201111
129.412582
132.373672
125.092300
142.692017
152.179581
165.125748
161.491333
153.870148
153.758057
161.526138
164.518478
160.696182
146.152130
153.636246
151.028061
142.986526
135.535965
134.426758
124.937973
133.746826
128.658371
136.160843
156.688019
166.604996
166.147247
152.279190
129.988998
126.640091
120.514160
124.235077
138.087784
179.654541
194.979996
272.380157
356.632965
374.959229
439.303619
508.632172
409.522095
382.093201
746.284485
1170.118408
616.849243
773.392029
3810.106201
1848.196167
660.625610
1005.144653
5000.000000
1956.095337
887.623169
2665.859131
5000.000000
5000.000000
4066.284912
2601.882568
2161.057861
1673.073364
596.760132
680.378967
4583.940918
4597.458008
3874.998779
4879.034668
5000.000000
5000.000000
5000.000000
5000.000000
3284.735840
1381.292480
2165.890869
5000.000000
1363.462402
5000.000000
1646.593506
2367.988281
1329.533936
426.533478
399.743896
567.643921
534.253723
354.719574
262.356781
209.900223
299.659424
412.169006
444.534241
360.444000
299.712463
335.547668
529.747925
655.656860
853.320251
3555.108154
1149.422119
517.393494
361.339111
346.640594
333.914124
335.217468
261.049896
244.541489
217.882034
218.589828
242.669525
313.803864
492.197601
1801.704224
1050.305786
636.960083
677.394775
536.497192
472.512268
306.136108
233.458755
196.823746
235.465500
248.044983
292.607544
253.941101
246.131989
223.415848
223.562698
231.445709
214.336395
251.193451
290.356720
279.458527
277.282867
221.620636
185.354324
166.735977
161.901703
229.999390
310.009766
494.355713
1697.495972
3745.039062
4038.892334
720.757385
650.242310
813.426270
511.111450
399.576508
520.745422
543.790161
387.562103
295.909882
261.289490
207.500732
207.266037
202.008881
216.613998
212.868271
224.462234
283.294800
467.682587
1492.935059
5000.000000
4043.872314
1499.802490
642.573242
482.235809
344.531891
268.481659
343.786255
420.842224
342.749664
280.828857
228.600616
192.962967
182.416840
190.600174
240.131836
257.737946
267.650238
225.818665
214.638657
199.858353
187.230042
184.474747
184.126785
184.517578
243.055115
378.819885
685.313843
1562.327881
4099.833984
5000.000000
5000.000000
1972.473633
556.710632
467.234497
590.530884
478.027985
359.033966
262.538788
257.729980
230.129272
216.291718
212.829102
216.003922
210.568283
246.173416
317.711578
427.315216
766.026367
1265.389771
1546.748291
5000.000000
814.022339
462.544128
332.742004
286.270020
305.292389
282.911621
382.963470
393.851166
287.235535
209.950165
181.230988
164.884995
196.672470
234.649124
290.555939
289.322998
271.584412
213.102356
181.187637
167.170166
161.015366
211.976425
273.332184
246.493393
316.761108
636.697754
820.253906
555.527161
978.263489
1388.280029
581.703979
654.096436
780.526428
485.677460
346.000458
300.648010
285.244873
253.794037
242.837234
288.472015
317.856750
634.724060
5000.000000
3212.215332
5000.000000
1491.659912
508.257233
322.842987
286.655975
267.762634
233.140030
255.898666
296.945068
281.680084
311.098267
453.638062
1512.590332
5000.000000
4214.955566
901.526184
568.201355
333.477753
375.208282
463.315857
347.134247
294.573944
272.367004
264.659912
270.504517
338.472260
557.086731
1512.927246
5000.000000
4821.656738
1283.445435
631.708374
407.063934
353.105835
389.216187
356.219391
271.396271
232.210281
226.855011
230.154572
232.372971
242.703644
256.364380
235.233185
212.781540
184.733505
164.530243
185.547882
264.642426
226.774506
314.011505
238.463928
204.228790
189.195770
233.421371
436.472168
655.366272
1049.153931
5000.000000
1504.618286
707.486633
506.015259
438.382843
441.567719
619.198547
566.112854
348.109436
311.022461
292.934692
254.522430
250.887772
358.889740
870.932129
2593.488525
1065.590698
734.229370
675.686646
512.070190
358.384827
255.284515
237.952682
248.259003
258.622284
270.688721
239.699066
231.107330
228.309677
303.182251
472.363190
583.358887
1563.826050
5000.000000
1604.829590
583.026794
384.966614
390.960663
394.733551
306.375366
279.019348
309.122681
375.697845
300.474487
235.891083
205.341476
241.652405
334.119385
753.100220
1652.169800
5000.000000
1157.616333
752.150085
517.171997
347.756134
335.664673
286.933899
260.372498
243.898148
219.316772
191.612503
175.302353
155.400558
144.867355
126.639450
115.730682
110.584930
102.274002
97.867287
92.666924
88.465416
89.399597
96.508606
95.306503
91.703568
90.159569
90.701141
83.024223
81.008286
78.693085
83.144936
81.048492
83.565140
78.262695
90.591118
109.563377
156.016617
239.046661
425.681976
1309.186035
959.249939
430.467804
273.305908
221.377747
190.039963
175.341049
153.323898
129.857559
134.193771
121.882500
132.103485
131.508118
177.991776
220.434662
264.182190
305.279785
344.988434
543.045471
608.750671
626.170044
773.170105
755.160645
750.162354
1067.849243
1302.762695
2339.668945
5000.000000
1667.974365
1692.945923
4069.832031
1452.381104
4023.401123
1854.453613
1554.494263
5000.000000
3265.920898
5000.000000
2478.561035
1699.559692
2583.365234
3054.620605
1795.445190
5000.000000
1055.778076
1432.169678
4996.015625
5000.000000
2812.745361
2381.075928
5000.000000
2039.268433
2904.622803
3768.729980
3781.593994
5000.000000
3928.321045
2458.761719
5000.000000
5000.000000
5000.000000
5000.000000
5000.000000
2966.053711
4119.460938
5000.000000
1908.698364
1243.080811
986.921143
546.278992
281.331757
221.545547
175.353424
144.619339
118.113670
108.216400
111.303230
105.746101
97.784081
101.229118
105.820770
105.767036
112.541595
147.404694
239.642303
371.795715
388.407928
505.873779
666.682800
693.819641
605.824463
811.969604
947.085815
952.586853
914.062256
1145.010376
1398.528076
1655.880737
846.962341
1222.297485
3166.121338
5000.000000
1784.136475
1596.322144
5000.000000
1932.379761
1110.971802
5000.000000
3018.968506
2232.339844
3977.894531
1867.946777
864.540466
1688.441040
3701.065674
5000.000000
3470.846191
5000.000000
1699.608521
2976.625977
1644.256226
1309.052368
5000.000000
2904.059570
5000.000000
5000.000000
3065.389893
1772.701172
5000.000000
3313.367676
5000.000000
5000.000000
5000.000000
4275.697754
3039.782227
5000.000000
5000.000000
1355.445312
527.088745
366.273163
364.999390
276.755005
205.154343
166.192627
123.128761
127.034462
103.851891
100.722755
90.188705
85.907715
87.039314
92.900574
101.649673
102.038513
103.200569
97.700752
90.233803
88.249939
83.776047
77.654915
74.957443
80.086662
77.343231
66.503799
129.435333
122.311455
259.950714
5000.000000
333.292175
180.378128
140.284195
125.904488
125.917381
156.737991
134.257904
134.036942
155.460388
144.233597
152.245926
153.208923
197.547394
194.561676
193.367905
252.167435
299.292511
369.588501
471.551697
721.126953
947.825928
796.678162
673.049255
793.091064
1110.443848
1156.571655
1258.657837
5000.000000
4129.805664
5000.000000
1268.683228
1185.168823
2623.576416
2342.371094
2404.563232
5000.000000
4868.394531
4897.470215
1921.290527
5000.000000
5000.000000
3313.872314
1302.952759
2624.307617
2993.205078
1461.164185
5000.000000
2247.985596
5000.000000
1093.082397
635.969666
370.064758
256.246124
187.499588
158.476395
134.696701
124.655716
110.299370
117.786194
148.847641
194.222656
380.977173
968.434082
2672.855957
391.929901
231.120544
172.229889
151.210419
129.154373
115.607567
109.146477
103.758705
107.844391
104.329926
97.410149
99.662743
95.680008
95.056931
94.861465
92.805779
104.465370
110.557541
143.734772
175.416061
255.476196
589.838013
5000.000000
888.758728
406.314972
194.603958
194.762436
139.595184
130.463257
119.307899
133.306793
170.245972
325.634338
2159.142334
508.010986
253.404388
195.246353
164.415619
133.323456
114.752823
119.261482
107.952850
133.102112
140.455734
160.259842
194.840378
331.349609
954.392761
1506.275391
474.704926
307.655487
187.611191
167.792343
139.074631
142.225922
265.454865
1387.146606
520.328247
305.096313
215.209106
171.420532
123.399712
110.738571
114.312500
103.342896
104.300865
102.467056
100.429947
97.201546
100.222031
91.109154
99.221420
99.495285
110.969002
108.742180
142.681030
143.848663
169.425980
238.784332
290.655060
351.046265
409.123413
477.877319
560.008118
657.835693
512.782959
342.984070
240.210831
184.258118
146.597824
100.642204
86.804085
79.661964
75.332039
71.152641
87.273560
95.499939
99.974373
104.723763
130.328079
108.066338
125.176125
121.683815
122.215103
119.962006
137.091980
197.684753
344.730011
973.050110
1494.424561
469.301147
337.212158
234.042938
192.575851
156.377502
138.273865
115.776482
108.914703
98.967049
104.355881
105.259094
106.840332
110.940437
103.845322
112.942337
110.021210
103.178986
90.318520
79.329910
79.486053
77.722786
82.125816
86.593872
90.045479
97.208305
100.172028
101.672981
105.185120
92.045341
91.476479
77.497803
78.115227
76.330696
82.675491
77.039635
80.979294
114.872650
190.356125
473.267761
914.063354
279.300568
174.669846
141.001572
165.657333
141.325500
124.572563
137.104904
117.407852
116.017448
109.640884
106.296516
106.527748
101.299347
103.421425
100.866570
98.005478
97.933151
94.354004
92.280533
97.013939
88.458603
84.898003
89.570625
89.696136
82.778252
89.083786
86.032478
89.526161
84.564163
90.722794
87.916481
90.576225
89.356842
89.977127
90.709328
108.071754
125.386635
187.669785
309.396454
633.368286
1948.463501
517.489563
315.760864
218.093109
176.323120
143.395035
130.301086
117.383766
112.843628
113.795670
118.830338
126.739639
92.322693
137.244049
101.284782
94.972343
101.313332
106.914398
104.681992
123.928673
181.085098
281.333405
380.285248
384.744019
432.551086
436.532654
383.173859
250.073563
217.399582
180.902100
153.873352
135.270950
93.948433
91.964241
88.671616
95.430794
105.242989
102.078247
105.352257
107.697762
136.713898
206.774307
188.810211
245.598114
328.825043
329.638275
355.833130
443.823059
722.549683
941.099792
735.960632
757.071228
834.760437
702.630371
612.772278
1024.758789
2075.750732
5000.000000
4402.134277
1972.104614
1333.204712
2283.548584
2549.362549
2204.066650
5000.000000
2825.327637
1762.574829
5000.000000
2476.564941
2828.251709
4055.970703
5000.000000
5000.000000
5000.000000
4794.741699
5000.000000
4055.242432
3183.780762
5000.000000
943.606018
1042.844116
5000.000000
4019.494629
5000.000000
1452.975098
1887.891357
3697.576904
2100.558350
5000.000000
2820.664551
2346.303223
5000.000000
5000.000000
3641.495605
5000.000000
5000.000000
2199.763672
3727.356445
1869.573120
1553.512695
5000.000000
4699.259277
5000.000000
2127.748291
1516.398560
2191.275391
3310.860596
5000.000000
1125.223389
750.198120
2496.531982
2991.674805
2161.550293
1199.228271
3870.509766
2222.288330
5000.000000
5000.000000
5000.000000
5000.000000
4417.583984
3128.873535
2416.441406
3251.607666
2216.036621
1621.453735
2765.733643
1984.662109
2348.388184
5000.000000
5000.000000
1199.692505
4779.145020
1789.081909
5000.000000
1296.192505
1245.152466
2846.646484
2696.837646
2351.575684
5000.000000
2313.963135
5000.000000
3645.644287
3710.326660
3904.735840
5000.000000
1054.174438
886.577332
1795.869873
1580.851807
4546.751953
5000.000000
1870.296387
4341.181641
1846.903687
3690.466553
5000.000000
5000.000000
5000.000000
5000.000000
5000.000000
5000.000000
5000.000000
4835.620605
2112.225342
4985.750488
3643.221924
5000.000000
5000.000000
4648.267578
5000.000000
1932.046997
5000.000000
5000.000000
1279.254028
2885.320312
2681.017334
5000.000000
5000.000000
5000.000000
5000.000000
2574.103760
565.310547
307.150818
206.334366
170.912674
140.052109
133.216797
123.033417
115.940819
112.713821
110.307892
108.982903
111.908203
111.402710
110.636101
102.106308
84.072159
76.907944
79.590134
78.929657
76.729149
79.800941
83.233192
86.773514
91.359406
99.755203
96.403008
98.394997
87.835732
80.226997
80.477356
76.499176
72.423172
75.510941
87.856461
126.136192
234.233017
1547.633789
400.253906
190.378510
122.870201
108.236221
84.842621
97.801636
103.371498
139.406601
111.432434
125.784279
123.012337
137.507111
135.475235
136.046326
127.999229
119.784760
102.079964
89.497307
84.800514
76.750549
84.058151
84.392212
98.686501
107.370789
132.929367
171.558044
299.152252
804.544312
2463.695312
555.006592
356.594604
265.308563
223.077774
184.033356
152.313568
140.059067
123.043877
113.120132
106.356796
97.060165
93.357712
92.005783
93.452225
94.234573
93.827400
110.675270
114.691811
105.088402
107.725708
96.136208
90.603424
83.269882
71.117340
76.055084
76.490051
83.636688
79.416039
87.778801
84.061905
99.111237
123.727417
157.954880
169.429657
209.500031
402.395355
1876.334473
1324.823730
1205.309326
5000.000000
2353.586426
5000.000000
4406.326660
5000.000000
5000.000000
5000.000000
2222.678711
2218.646973
2672.726562
2791.874756
1575.868774
1176.972778
1309.584106
1675.430908
5000.000000
4767.339355
3583.416260
978.386536
1652.606201
3000.826660
3178.503906
5000.000000
5000.000000
1434.573242
5000.000000
5000.000000
4510.097168
3041.578125
4371.785156
1851.469116
5000.000000
5000.000000
3912.249023
2100.985840
3929.085449
5000.000000
3644.124268
1293.984619
2701.856934
4323.272949
1671.093018
1829.284302
4724.135254
4473.877441
4997.966797
5000.000000
3086.589600
5000.000000
5000.000000
5000.000000
2798.468018
1182.933594
2118.752441
2515.772705
2157.553223
5000.000000
5000.000000
4740.167969
1164.275024
660.310669
417.772522
300.928497
233.702866
179.187653
141.730637
121.315437
107.273773
96.127815
99.589432
92.360443
94.770233
92.633850
96.389267
98.615990
97.781754
91.081116
95.649704
87.637276
89.094215
83.448441
77.685699
87.397331
78.234764
97.297150
96.159851
113.759445
141.009201
175.341187
235.665131
312.978760
436.664093
601.503113
688.334106
701.912842
728.910889
825.306274
949.560303
1018.442505
1073.251709
2539.094727
5000.000000
3284.338867
931.497131
967.998962
1344.621216
1423.396606
3200.351807
2731.425537
916.569641
1128.886719
5000.000000
4416.442871
2261.899658
1718.178955
1334.568848
1445.442749
4558.881348
753.444092
581.810852
2625.915527
2192.885254
939.378967
1723.987793
5000.000000
5000.000000
5000.000000
5000.000000
5000.000000
5000.000000
5000.000000
5000.000000
5000.000000
3800.654053
2329.329346
919.904663
558.229370
350.110840
241.890839
185.289291
139.413040
120.282921
103.417458
96.324379
93.264412
82.493866
92.547066
93.703278
96.897369
99.302063
103.698456
101.509598
93.579330
93.624237
86.677124
84.388199
83.246414
87.015335
98.332260
91.003876
91.705544
94.544159
135.997070
121.079254
165.571381
191.830414
228.464020
434.722626
761.589294
1275.318115
1238.182007
1137.504395
1373.715210
1507.264404
1321.475342
1056.466553
1375.648682
1291.120972
1020.195923
666.121399
927.484558
1823.059204
5000.000000
836.471191
1826.572632
5000.000000
5000.000000
5000.000000
1507.573120
1773.174683
1843.843872
1072.269653
1254.303955
5000.000000
5000.000000
2917.211914
5000.000000
1737.760132
5000.000000
1324.512817
1721.414429
5000.000000
5000.000000
3660.156982
3281.208008
1550.900757
2108.712158
5000.000000
5000.000000
5000.000000
4182.239746
5000.000000
2877.134033
681.898560
420.523865
346.789001
295.166382
228.253677
202.689636
190.889084
205.350037
246.688202
254.455338
201.460007
158.476273
140.423889
130.268951
131.169113
156.814392
150.347458
158.811554
164.196167
162.829193
165.588287
157.288757
147.614609
133.318802
129.031097
134.590775
119.336205
143.961090
133.234802
140.713181
147.109818
141.785538
146.253433
152.895523
144.764404
134.628662
141.417297
136.133911
132.240219
138.315567
136.162247
172.237198
207.575256
254.705490
286.027985
367.323761
443.054321
479.804138
459.761719
667.555542
1116.046265
2131.895264
5000.000000
1812.940063
750.832153
642.086304
925.821045
1488.802734
5000.000000
5000.000000
3953.295654
5000.000000
3351.545166
1714.364136
1126.817627
1772.900024
3152.849365
3019.978516
3980.114746
3051.711182
4143.126953
3633.848633
3418.392578
4892.638672
5000.000000
5000.000000
3273.364258
5000.000000
5000.000000
5000.000000
5000.000000
4342.271484
5000.000000
5000.000000
2891.371582
3789.586914
5000.000000
1959.209717
745.793579
731.212402
1410.471924
1712.081055
1039.438965
715.469971
709.296021
696.598328
664.357544
738.538147
758.345337
1029.645020
1011.906128
907.032104
764.760803
516.592712
541.140259
617.256165
714.075500
813.636353
1515.464966
1389.989258
674.833984
411.362244
424.230927
774.312561
898.503418
916.787476
657.442749
458.151428
361.931244
531.606689
632.677490
1626.619995
940.561523
478.569397
382.496124
582.147888
879.139221
573.221436
661.648438
863.790894
863.574829
694.672974
457.648285
431.396759
453.323975
454.771423
481.280060
671.429199
831.363647
829.554749
648.810425
518.418274
546.261780
695.589417
837.981995
597.784485
531.610291
860.337769
1208.704590
941.402649
590.652466
457.622864
439.221191
404.998138
395.666229
590.940735
818.535706
783.955139
742.213867
683.094238
518.788879
460.169952
541.702576
678.809937
1414.722168
766.129089
604.481506
783.948425
873.270813
565.332520
403.443085
623.410767
724.912964
593.741455
571.760559
604.048279
575.449768
814.002563
5000.000000
3430.652832
3571.472900
1103.150391
699.949158
433.072144
314.778381
361.063080
350.369873
298.469757
269.882690
234.617188
241.798065
263.915283
264.640564
211.883820
200.592102
210.165695
322.212341
460.528412
1197.067749
1350.563843
405.572845
272.026062
201.521317
153.035431
131.650085
123.730812
115.748161
114.387535
111.371338
110.714409
103.768112
98.176552
90.877617
89.584747
92.152596
92.922272
95.325020
104.013535
105.285187
140.664108
245.088776
825.665100
630.348511
243.757996
146.242722
117.929070
92.148453
82.124977
86.092308
94.649010
103.897507
102.715164
129.344864
194.605362
537.072754
1743.904785
504.581665
357.387665
242.081436
198.036072
179.148163
164.211899
138.908432
124.099754
115.145378
98.156448
89.433487
84.572388
86.475121
89.533058
92.247978
93.551170
97.103653
101.533119
101.346046
96.259262
86.809441
82.072723
81.655174
64.835495
76.601944
84.323235
128.891235
198.651047
320.007599
626.855774
1674.530762
5000.000000
1417.263062
1275.266113
1544.898071
1764.790894
5000.000000
3123.056396
2299.395508
2586.794189
3212.492676
1971.916138
1469.611572
1341.138916
1379.561401
2195.586670
5000.000000
5000.000000
5000.000000
5000.000000
1636.655396
1513.567871
3126.258057
3937.673340
5000.000000
5000.000000
5000.000000
4315.335938
3283.350098
3093.560303
1385.413696
5000.000000
1197.018433
4936.974121
2194.621826
2626.883301
5000.000000
2425.754639
1318.236938
3588.062988
2072.654053
1340.859009
2061.607422
5000.000000
5000.000000
1682.271729
1629.808105
2385.268799
1174.984863
5000.000000
2564.981689
4043.912109
1591.766968
5000.000000
1961.317871
5000.000000
2891.525635
2508.761475
5000.000000
5000.000000
5000.000000
2312.354980
2509.398438
1152.910767
1358.463501
5000.000000
4891.241211
5000.000000
2746.004639
2779.598145
4151.785645
4578.873047
5000.000000
2702.554443
4460.070801
5000.000000
5000.000000
2024.737061
2688.613281
2361.651123
2873.298096
3362.042236
3616.598145
5000.000000
1531.022095
1782.650879
5000.000000
5000.000000
2001.244873
1994.005737
5000.000000
2013.696899
5000.000000
5000.000000
2268.267822
2835.562012
941.159180
2405.050537
1905.382324
1496.463135
2216.259766
4438.386230
1823.148071
2939.628906
2378.082520
5000.000000
1776.486084
5000.000000
1955.786621
5000.000000
1669.582275
2906.489014
2035.052002
1136.126221
5000.000000
3164.944092
5000.000000
2713.917725
5000.000000
5000.000000
5000.000000
5000.000000
5000.000000
5000.000000
3434.359619
2439.353027
3210.209717
3967.759521
5000.000000
2220.615967
1662.289795
2830.738770
3787.104492
3538.756104
5000.000000
5000.000000
5000.000000
5000.000000
3126.052002
5000.000000
1798.607910
1082.489014
3423.735596
2201.579102
1414.782471
1455.924438
1816.602905
5000.000000
1068.840088
969.825623
3019.199463
5000.000000
1827.046509
1622.624268
5000.000000
2254.236328
5000.000000
2081.660889
4103.101074
1085.237915
3528.161377
2621.832031
2239.139160
3221.626465
3024.162598
5000.000000
3414.236572
5000.000000
5000.000000
5000.000000
5000.000000
5000.000000
5000.000000
3750.590820
5000.000000
5000.000000
5000.000000
5000.000000
5000.000000
5000.000000
3196.056885
5000.000000
5000.000000
2085.405273
4772.777832
2505.251221
1793.594360
3525.524658
5000.000000
3143.723389
1891.570068
3060.353027
2734.035645
2845.558350
2764.895996
1040.359131
2434.363281
5000.000000
2204.099365
1553.113525
1904.528198
2010.346069
1614.859131
5000.000000
1478.558472
5000.000000
5000.000000
5000.000000
2374.039795
2298.349609
4199.814941
3116.836914
5000.000000
5000.000000
3189.344482
3485.843018
2549.386719
2726.859619
1242.863159
5000.000000
1252.255249
2397.107666
2753.989502
2625.867920
5000.000000
3511.342041
3943.865234
2920.911133
1477.347046
722.843628
583.349487
424.947571
335.181183
381.887024
587.971802
520.226318
422.237610
347.194672
355.122986
363.491791
332.089752
282.091705
298.133636
329.108368
322.926514
296.326630
265.681671
278.025208
426.975006
1263.676880
1541.025635
539.001038
282.067596
188.931519
173.602707
127.849037
105.652855
95.088081
85.988838
90.134560
95.490921
111.718925
137.804749
200.561478
371.117889
989.708130
4060.523193
5000.000000
1506.023315
934.276672
615.008667
450.744263
367.831909
324.801331
284.747955
254.751678
226.169296
213.052109
219.577057
214.743225
205.763870
204.346664
226.715012
229.711761
227.641266
206.365814
176.308014
183.433945
186.661285
169.619125
162.116776
182.484222
270.694763
289.750092
277.559479
247.315842
216.051712
189.966904
165.649567
153.837219
169.145264
222.770157
289.613586
277.825165
238.757416
213.329422
198.903778
207.644730
195.263992
196.700790
211.221725
203.858963
210.002335
210.044373
196.272156
175.466614
175.259888
161.537888
154.510132
169.760895
179.124710
200.417480
217.557068
212.982101
193.994049
203.064484
187.432968
173.848083
155.173691
165.497559
195.893570
213.935272
221.918015
194.408676
196.050644
201.111954
183.798065
161.662323
174.097656
196.800018
227.775162
229.807144
223.107620
215.631226
203.354431
186.703384
183.140594
200.757339
222.613983
296.887512
502.186554
1287.152222
1515.036743
1259.729004
1758.950928
3083.113037
2865.944336
5000.000000
957.749023
624.816101
704.049133
1117.604004
4214.910645
2078.864990
1473.528198
1278.488159
1883.091553
1198.309082
603.909607
936.893616
1271.538330
862.767456
608.556519
564.835022
749.155212
870.455627
746.297791
578.847046
399.839233
471.290070
767.577515
1364.158203
979.830322
690.720703
609.504639
706.826965
547.455017
405.773682
465.905762
702.556274
832.409119
1027.226929
1101.047607
645.033081
555.405457
635.280334
661.265869
1011.581604
2128.266113
3075.143066
1751.230957
1235.063477
918.593933
1087.562134
5000.000000
5000.000000
1171.373291
984.104919
5000.000000
5000.000000
2205.056885
5000.000000
1423.088623
2599.951904
2124.395996
1896.753418
5000.000000
5000.000000
5000.000000
5000.000000
3103.116699
5000.000000
3260.631592
1120.327271
551.524963
367.697052
243.722198
197.371490
118.904007
129.299576
117.899300
109.543167
93.141861
93.610779
102.358513
97.275879
101.779495
109.779007
125.932228
179.618469
217.293274
303.001892
546.623230
639.849121
876.650269
1306.291016
1691.276367
1541.902954
1622.234375
1742.854980
1937.747559
1535.528931
1836.858398
5000.000000
5000.000000
1807.797607
1125.108276
1905.584595
1362.514648
1387.890991
5000.000000
5000.000000
2843.259766
4231.854004
5000.000000
2351.686523
1890.416138
5000.000000
5000.000000
5000.000000
5000.000000
5000.000000
2396.992676
1098.136108
5000.000000
1886.361572
5000.000000
5000.000000
2136.608398
1059.394165
2611.953613
5000.000000
5000.000000
5000.000000
5000.000000
3743.640625
5000.000000
5000.000000
3004.848877
1132.600098
1471.559082
5000.000000
3080.777588
3123.641846
1917.377563
5000.000000
5000.000000
2633.000244
4142.435547
2109.261963
2767.579102
5000.000000
5000.000000
1976.641357
2194.955811
3671.823730
2053.288818
5000.000000
4981.609375
4393.427246
5000.000000
2500.425293
1859.659912
5000.000000
5000.000000
5000.000000
5000.000000
5000.000000
2971.053223
5000.000000
5000.000000
4984.030762
2966.647949
3034.739014
1671.892822
5000.000000
5000.000000
3574.635986
5000.000000
5000.000000
3570.626709
5000.000000
5000.000000
5000.000000
1672.298828
1095.768188
2340.117432
2396.832031
3553.671143
5000.000000
4614.762207
5000.000000
5000.000000
5000.000000
3876.654785
5000.000000
1602.295776
1273.844971
2735.410889
1411.441650
3158.465820
2526.250000
2835.236084
5000.000000
2275.426025
3065.319092
2644.543213
3523.551514
5000.000000
5000.000000
5000.000000
5000.000000
2016.377075
887.016846
566.378906
450.495880
346.635223
260.447418
175.195129
153.149399
140.005493
118.653816
101.151184
88.072235
77.591270
70.417389
66.271294
80.743301
116.390053
251.447189
1872.305786
305.858856
122.167892
110.092422
115.636581
127.005989
140.587418
128.873154
165.611435
118.176750
123.095200
119.945564
101.939964
99.855515
99.652573
102.076218
107.710182
99.512894
96.210075
92.885284
93.729553
88.751945
85.221306
85.632423
81.464691
79.858276
79.581612
84.373672
85.971230
102.182632
102.027473
127.724030
128.558502
168.395706
203.876480
229.135666
349.764893
497.599762
518.017334
531.105774
500.538788
483.503815
472.519928
564.791626
1064.003052
1602.154419
1319.166870
1572.325073
1898.610840
1206.076172
860.130859
935.380432
2087.758057
5000.000000
2969.797607
1969.739746
5000.000000
2245.005371
5000.000000
2520.002197
3496.849365
1084.867432
1527.006348
5000.000000
3067.274414
5000.000000
3008.997803
2485.841064
1999.073120
1416.907227
2251.441895
2852.961426
1773.686768
5000.000000
4284.727051
2825.587646
903.460510
544.848145
339.371246
276.275909
244.985901
232.040359
212.938339
206.144379
226.362915
210.472397
188.731567
169.752335
160.477509
142.057297
132.960114
131.491959
134.021530
154.951065
168.959702
179.472855
163.320099
156.456070
146.172760
126.752655
123.776573
111.909439
124.936752
142.890594
153.064545
148.224457
151.171707
180.708557
200.318756
175.496979
200.747299
295.623932
443.532806
832.049011
802.172852
863.851257
845.442139
1094.379395
767.940918
416.785553
563.870056
1361.045410
4092.152832
5000.000000
5000.000000
5000.000000
2462.499023
1766.752930
1866.208984
1572.885498
3333.502197
3600.566895
5000.000000
937.946960
444.781464
298.678284
217.815292
174.844315
128.271805
118.885780
109.750565
107.379379
105.903931
99.970833
105.273232
101.580902
100.625809
91.902237
92.450066
88.266243
87.633675
88.113403
89.417831
88.678062
88.665085
94.285339
89.349686
86.606094
88.892128
92.934898
96.653595
119.169098
174.003418
335.733643
5000.000000
364.979614
196.171768
131.742874
102.918068
86.062675
84.497963
72.725800
89.268822
101.393784
125.998413
124.379875
132.318695
160.699661
136.766434
128.964233
110.860970
109.157364
103.496841
96.248863
88.454048
88.859261
85.597908
87.428902
83.250168
81.359146
83.276436
83.899757
93.598793
94.814339
122.973396
136.338913
209.979858
466.490082
1874.308960
838.452454
471.466461
320.911682
228.334061
171.528900
151.971115
132.861298
115.528831
114.131607
99.955719
96.817207
94.815826
94.251007
100.107536
100.359978
100.135452
102.595650
98.496948
93.991463
82.107590
82.019363
82.747566
81.448761
74.369286
99.155441
119.953651
160.442001
386.277527
2645.368408
309.948547
181.135986
156.536316
159.407944
146.400848
168.135147
158.374924
158.065399
235.320602
208.248108
188.148880
189.329071
181.500275
190.263443
166.414062
181.120026
183.586258
182.482330
175.524231
154.124405
144.444290
121.917946
135.461014
134.106339
160.970291
168.253647
146.453873
155.033646
158.364548
151.120560
145.306686
151.989548
141.552841
145.706741
139.886353
141.455978
151.157806
152.158218
146.906509
130.966522
131.830887
135.519135
142.983459
139.173126
138.799118
142.314697
138.031616
152.472900
153.497009
189.313293
253.499481
304.211914
369.325317
357.976715
332.021423
408.399750
644.736389
849.501648
1032.274780
3855.431396
5000.000000
2456.703857
903.056030
1222.909058
2460.630859
1564.600830
792.364319
891.517639
3742.861328
5000.000000
2431.951904
1184.289917
1337.702637
5000.000000
4934.240234
5000.000000
1545.853882
3372.097168
3174.721680
5000.000000
4384.130371
5000.000000
3226.245850
5000.000000
1358.640625
5000.000000
2074.720703
5000.000000
5000.000000
3508.155518
3255.008057
4761.490234
2732.284668
1231.667603
915.872742
610.921021
452.651886
501.389740
405.760437
290.671631
261.579834
312.643280
390.206146
300.194153
235.327713
226.337234
282.185944
593.944885
1347.424805
1858.878784
826.199097
893.876221
616.767639
422.398346
411.311707
347.195526
296.986603
288.483154
286.117157
253.401810
243.013382
230.769089
297.505157
457.055511
1024.532349
4193.005371
997.201233
794.090942
650.211670
493.496063
391.863403
298.726471
238.595001
225.676056
226.230804
233.077194
215.614273
196.951004
223.163040
260.273682
241.750977
221.171295
193.237305
184.891541
196.474731
186.455017
196.684189
227.708740
281.804016
297.332458
327.334076
363.951691
598.410339
914.191711
921.904724
2959.236328
1084.286133
588.111816
431.207367
352.150757
295.926300
259.622711
246.113983
294.721313
350.007751
312.648499
270.471039
265.917206
245.619202
208.061096
183.482193
186.837952
278.962830
525.646423
1111.988159
1760.941895
3919.260254
815.352051
413.278870
341.994110
334.198303
359.683716
329.362335
294.329498
264.001160
237.225113
203.932739
188.868347
210.236877
233.143997
227.719910
210.282990
191.001923
191.975815
202.099106
193.929077
185.068573
179.624054
196.814240
246.681870
284.249603
349.396881
629.137817
1535.812378
2690.606445
3071.456299
765.320068
498.396820
333.947815
259.024902
299.678741
261.995300
249.921478
266.619141
281.731476
246.012253
215.949936
188.217575
188.828888
194.863068
177.996613
257.297211
458.251129
1105.145996
5000.000000
1161.387939
526.143738
374.472168
331.114044
298.961884
317.609528
294.348663
261.255310
244.712448
220.355896
208.088486
190.396835
215.658340
220.115082
222.428894
229.217026
203.670929
195.991409
197.435806
180.587769
165.725739
181.930069
227.879364
277.323212
240.039871
219.126923
268.878174
456.177032
1408.840210
1550.598145
541.778137
440.607086
403.377686
311.613800
243.622437
266.056885
323.127930
337.657104
301.811951
261.823822
338.643250
598.569153
957.827209
1173.038696
5000.000000
898.834534
591.833984
456.486237
429.556549
405.544281
381.619171
350.268951
287.395874
263.374207
229.673004
246.712479
347.387299
823.858887
5000.000000
1487.735596
622.111694
403.138489
341.065491
372.216888
364.164581
317.058594
262.739624
237.233078
218.486496
227.540512
309.887360
645.296448
3676.372803
1885.742065
870.739441
627.718384
495.633942
386.715576
333.866730
327.551392
268.968170
233.948013
241.180832
235.770538
255.114273
234.171524
246.574615
253.570709
242.598358
206.418945
172.019470
165.787369
172.442688
198.175644
252.245331
222.629227
181.807587
179.783585
224.635712
314.471741
592.355835
1359.387085
5000.000000
1824.011353
726.870117
451.876495
390.645081
509.563538
518.162659
667.401123
501.200928
335.849609
265.602173
290.296997
276.219116
291.800171
469.505890
1495.900024
3418.420898
2059.576416
1658.212646
946.160767
486.300812
343.294647
282.881866
251.306244
242.674011
229.513992
208.134964
250.951157
333.738434
366.088745
379.473694
391.209564
597.652466
1757.417847
4992.964844
1127.264526
702.740051
470.823639
351.153015
335.130096
288.504761
239.551605
263.837311
349.082336
312.447815
325.314056
302.811523
370.338989
402.394470
598.298767
1377.875244
2234.543945
708.302856
531.504333
565.034241
481.930939
340.706787
283.761230
270.163788
204.837219
204.287521
222.935471
222.854660
183.014679
155.663986
123.049606
107.210617
96.574921
91.287079
93.797180
100.947166
95.235558
97.044014
96.615097
97.422256
93.825783
88.929092
86.777328
86.672676
83.552666
80.356560
79.119637
81.997444
84.594391
88.135338
84.779976
107.754822
122.521454
153.903595
288.756653
780.638123
1849.677002
495.181824
331.575348
234.907501
195.412354
164.021881
150.679916
143.798828
127.863380
116.115959
117.048973
117.443733
126.700844
177.010483
257.638641
315.668549
432.188965
522.058289
589.519714
648.302917
945.998901
1155.745728
1054.918091
1203.565063
1296.214844
1171.740479
1252.238647
1508.456787
1204.653442
2788.640137
3767.840088
4759.721191
5000.000000
5000.000000
5000.000000
1503.488037
1416.413208
3442.792480
2524.535889
2475.155029
5000.000000
3175.368408
5000.000000
1833.222412
1081.138306
5000.000000
538.368896
1023.005188
3262.288818
5000.000000
5000.000000
5000.000000
5000.000000
4112.663574
4134.717773
5000.000000
2446.431641
1639.761719
2092.813232
5000.000000
5000.000000
5000.000000
2475.195801
5000.000000
5000.000000
5000.000000
5000.000000
1500.487305
722.542053
464.523621
276.465759
214.022186
185.875229
147.211060
130.093613
110.391808
106.000008
98.018349
95.354492
99.673752
100.606010
110.282181
108.465424
137.247528
192.072708
326.525055
466.113678
571.951538
731.735840
867.619751
942.286560
847.185120
897.051086
1045.142578
1307.371216
1383.755981
1033.827881
890.161316
865.980469
771.759521
1202.916260
5000.000000
5000.000000
2874.329834
5000.000000
3056.711182
887.593689
1423.996582
2199.329834
2883.783203
5000.000000
959.763977
703.986267
2210.829834
5000.000000
1443.197021
1055.386108
3569.088623
1114.202759
2299.218018
3734.745361
2624.999268
5000.000000
5000.000000
5000.000000
3005.245605
2359.573975
5000.000000
5000.000000
3890.002441
2505.005615
3239.977783
3433.775391
1473.997803
2195.237305
5000.000000
2731.350342
1416.770264
692.401917
419.203033
268.879089
173.870590
162.859131
152.506042
135.699509
119.422371
110.180214
103.210815
97.221420
95.304054
94.851761
97.856812
99.414513
89.279427
95.529144
89.677940
85.303978
81.440491
78.541870
82.397881
82.926506
99.893562
92.580162
98.465179
109.000046
149.047150
265.348846
924.465088
694.195435
289.787354
196.625244
147.151398
133.241394
129.685257
140.250244
120.733650
116.736687
116.159424
120.040131
126.146500
155.766190
212.904099
261.546875
327.218506
376.331024
469.353607
673.448486
775.987549
819.697266
1229.146240
1869.645142
1722.816040
1478.576538
2103.142578
5000.000000
5000.000000
1692.008423
1119.308838
1670.924438
3843.376709
5000.000000
5000.000000
5000.000000
3826.396973
2204.806885
5000.000000
2598.566895
4241.878906
5000.000000
5000.000000
5000.000000
4731.372070
5000.000000
5000.000000
5000.000000
1553.404785
972.968506
1924.283203
2087.648926
396.306305
345.850677
314.317261
202.886749
144.222870
118.006126
110.098595
102.004219
117.454254
188.790268
218.814392
723.831848
1358.405762
350.884857
212.915298
150.964127
122.300056
110.163124
118.045128
106.893967
104.436203
99.810982
106.572029
103.607796
98.994705
101.354691
96.114326
91.993073
89.909233
100.729057
100.463470
113.708626
163.758041
236.132202
496.679382
5000.000000
920.312561
412.302307
265.722961
153.973007
144.279099
131.815308
125.723633
120.780563
163.016846
302.152893
1510.297607
723.661865
346.153229
257.905609
203.142853
170.548386
138.411362
114.617599
120.831978
104.291405
100.159599
112.512245
145.389343
208.922043
590.645630
5000.000000
3980.588379
830.741150
289.527008
200.432007
165.118835
150.095810
147.509399
215.260422
566.739624
5000.000000
871.632202
447.014893
244.777603
171.842102
157.251358
124.043694
105.081291
100.918915
98.586220
99.449181
98.781319
105.598206
103.207397
105.934265
100.840683
105.100937
114.334648
117.416916
118.763008
151.055756
157.706329
194.044922
240.889191
294.748749
398.820770
564.715942
567.721375
437.291351
339.775360
272.644684
207.516388
174.996384
130.902603
121.709770
106.662300
101.634300
94.458153
84.271332
93.313080
86.935944
86.225800
87.345207
95.653137
95.482834
104.436546
100.500443
101.983612
124.325233
156.088440
207.733215
388.493225
2290.516602
619.644409
328.136871
263.121826
193.988297
158.549622
151.241333
135.600830
119.302528
110.409950
99.050888
93.191910
91.975334
96.635605
128.919022
108.456490
104.521561
107.196671
111.115639
99.109253
95.993805
88.367851
88.657867
87.231606
89.014648
86.116798
88.492966
86.931465
94.060440
87.794067
79.789978
85.279022
81.010460
81.041313
78.052277
77.719360
78.814415
95.901718
89.109665
115.977921
169.855469
288.054901
3066.419189
274.203918
163.314331
105.954887
99.720627
77.227310
91.943436
96.974586
140.365067
120.426147
158.560135
146.602066
138.640427
129.258667
115.795258
107.700455
102.754456
97.173485
88.976936
89.434509
100.135757
90.262115
88.970573
90.141075
89.424164
88.811356
87.708275
88.950195
89.101547
83.707886
87.521980
86.698441
92.962036
83.390373
88.742912
93.797066
101.181511
112.657791
154.443390
213.661377
449.606171
787.058594
4377.124512
663.441284
328.165161
238.544083
175.097855
140.153763
112.727646
102.207169
99.316605
105.317482
119.571556
132.763245
113.767448
134.404434
99.172859
102.915283
139.994507
108.025597
117.242828
140.075363
146.524231
210.308411
344.477661
488.845490
506.541199
490.504089
439.323669
366.013580
294.089966
236.816895
187.883591
161.449402
136.227631
109.767868
90.756424
91.564636
89.691269
85.456139
97.273903
105.755280
126.509209
145.772827
169.928482
213.906921
280.128815
365.215820
347.364899
351.477875
370.687958
433.324768
456.170746
687.571960
818.764893
718.237610
948.342834
837.570068
795.486938
1702.630859
4841.979980
5000.000000
1731.692871
1138.711182
1523.478027
5000.000000
2393.604736
3377.031006
2406.159180
2782.332520
2254.505615
1946.706177
1630.332520
5000.000000
3030.424561
5000.000000
5000.000000
5000.000000
5000.000000
5000.000000
5000.000000
5000.000000
5000.000000
5000.000000
903.803833
833.284241
4096.648926
2951.780273
5000.000000
5000.000000
2553.089111
4103.716797
5000.000000
1782.378662
4155.532227
3313.160889
4127.554199
5000.000000
5000.000000
5000.000000
5000.000000
5000.000000
5000.000000
3122.749023
1969.012817
5000.000000
1982.576904
3860.402588
5000.000000
5000.000000
1459.857910
1582.593872
2977.778076
1816.657715
5000.000000
5000.000000
1748.127808
3142.175781
5000.000000
5000.000000
4659.482422
5000.000000
4377.521484
1790.642944
3787.779541
2028.281006
2046.829468
2302.287598
2875.804199
5000.000000
817.517883
763.566895
2671.710449
5000.000000
2508.085938
5000.000000
2319.972168
841.214355
818.983948
5000.000000
2419.377441
2535.423096
5000.000000
5000.000000
1956.265381
3017.137939
4244.514160
3969.142578
5000.000000
5000.000000
5000.000000
5000.000000
2635.115967
2065.563477
2339.021240
5000.000000
3034.242676
1931.031006
2085.032227
5000.000000
5000.000000
4762.141113
1438.168579
5000.000000
1828.284180
5000.000000
3296.650146
4639.444336
1949.304077
5000.000000
1499.780151
3961.833252
3226.812012
2268.133057
5000.000000
5000.000000
5000.000000
1745.606934
2081.104980
4402.245605
5000.000000
4184.368164
4639.324707
3742.246338
5000.000000
4538.415039
1427.791870
570.980225
370.229675
265.101471
202.760025
134.500839
124.494484
103.992531
98.293739
94.552383
93.515404
99.230957
97.143555
99.769585
102.998825
104.512161
98.642540
95.135963
90.507454
79.867950
76.001114
75.886673
81.464127
80.172188
89.060249
96.520721
102.546486
105.475006
94.845284
98.325806
87.822601
80.092819
73.362206
77.840973
94.392990
151.032913
433.690399
615.101624
190.167496
117.385414
95.688400
85.153008
95.821175
111.734428
119.118393
131.857132
111.997269
125.861130
120.236603
133.750229
124.496017
121.690300
118.902054
104.691589
96.858978
82.599937
78.387024
78.942795
78.456192
96.427483
103.526054
124.498489
196.478912
377.804413
1028.481445
1398.064209
487.623871
343.539825
278.434021
221.274872
169.695816
124.108742
119.035294
111.087685
107.900604
105.686707
108.169220
106.420303
101.781265
102.044632
92.215363
87.997658
86.900162
89.107437
87.065308
87.685974
89.405205
92.511848
88.684837
90.417076
85.807579
82.971428
82.023338
85.257774
87.343430
89.602943
100.489098
135.309952
211.671875
236.080444
312.676147
828.010620
5000.000000
2794.127686
5000.000000
5000.000000
5000.000000
2664.802979
2545.436035
5000.000000
2784.463867
1985.321655
2972.137451
3618.765625
2845.817139
2011.555786
1296.111450
1028.846069
1136.801025
1622.867432
1751.418579
1720.832275
5000.000000
1829.362305
5000.000000
2383.058105
4800.543945
5000.000000
1791.299316
1586.207642
2113.738281
5000.000000
1302.585815
1506.564087
2191.167725
1776.582397
5000.000000
5000.000000
5000.000000
3864.273438
2800.494141
5000.000000
4598.915527
2441.432129
1918.014771
4786.737305
5000.000000
1876.349731
2925.355469
4364.836426
5000.000000
4491.156738
3924.143066
2551.435059
5000.000000
3265.399170
5000.000000
5000.000000
2403.011230
5000.000000
3382.395752
5000.000000
964.074585
429.671570
276.306610
238.914078
163.912552
138.880600
127.131302
110.225586
101.408966
94.290199
95.327087
97.593628
98.809982
99.059914
102.668663
104.864716
98.670929
88.757202
83.436623
79.271149
78.103699
85.340736
86.952911
92.427467
89.786667
101.534470
110.225471
140.210953
165.464157
212.313751
302.093445
279.096100
384.210083
560.047668
558.561401
704.511536
914.110107
1267.084106
1867.243042
1487.703491
814.999695
764.996460
954.706482
890.513977
783.990479
1202.899414
1794.597656
2763.226807
5000.000000
5000.000000
5000.000000
5000.000000
2755.339111
1628.479736
2418.603271
4015.476807
5000.000000
5000.000000
4300.449707
5000.000000
1989.004883
1384.267090
3738.820557
5000.000000
5000.000000
2801.828125
5000.000000
5000.000000
2030.808228
2222.307129
3370.592285
2650.853027
5000.000000
5000.000000
5000.000000
2170.083496
1129.253784
705.273987
448.114655
293.200073
254.809555
205.300476
170.706955
139.108109
111.139427
103.404556
97.920265
89.856613
90.363914
91.035492
93.056404
96.437119
102.961960
99.764664
95.665810
88.974579
80.371025
80.429359
79.480827
83.444618
86.586693
86.136208
83.949234
102.631752
113.566338
160.051270
171.351135
204.768250
322.280823
798.813354
1410.015625
1676.824585
2411.995117
3582.676025
1480.938843
1310.256348
1606.302002
1574.526733
3866.314209
1489.324219
726.202576
847.192200
1332.588135
5000.000000
2588.841064
5000.000000
2179.870361
5000.000000
5000.000000
3335.828857
2942.138184
5000.000000
2324.751465
1088.378662
2623.596191
5000.000000
5000.000000
5000.000000
4031.176025
5000.000000
5000.000000
3240.613281
5000.000000
5000.000000
2240.946289
5000.000000
1657.483765
1929.798584
5000.000000
4370.241699
5000.000000
1412.959595
2466.977539
1299.002808
544.168945
426.137756
334.138214
317.651825
332.283600
267.848816
231.360367
199.611816
167.937805
166.899124
168.597641
163.733017
164.652298
156.133987
155.370148
150.178207
168.654984
149.789627
152.365356
150.611771
147.942551
155.455582
143.578506
143.356400
139.983383
134.802063
135.597763
127.057755
138.619629
133.578796
148.464798
138.760178
141.615021
146.842728
142.152817
141.286835
128.554062
143.831833
136.720474
151.476135
146.076584
164.273254
198.065216
224.883377
272.106140
332.963806
471.821350
730.952515
781.163940
643.719971
495.443817
536.165955
1088.956177
1821.097046
1407.396484
1137.092285
1459.869263
1312.581543
975.441406
1529.090942
4152.962402
5000.000000
3599.254395
5000.000000
1952.857300
2080.091553
5000.000000
2898.609619
3675.162842
5000.000000
5000.000000
3479.837646
2859.252197
5000.000000
1425.557251
2960.606201
5000.000000
1266.165405
1505.754272
5000.000000
5000.000000
2580.300293
1883.369751
3886.242188
2175.881592
5000.000000
5000.000000
5000.000000
1374.960449
901.736633
853.145752
758.144592
808.909607
682.943542
705.256531
992.151001
1287.623535
819.314514
496.545593
632.018127
778.648621
741.230103
765.307434
969.303894
836.700073
567.175903
508.131897
546.187744
885.298706
903.041687
659.109985
590.674316
467.514771
498.350647
793.312744
966.575195
931.200928
785.144653
565.426819
452.149780
460.401978
688.761658
992.057800
939.082764
843.673828
746.457214
685.144470
639.752563
456.246368
424.374908
522.779541
519.699402
610.139526
1012.441162
801.242188
501.428314
364.205475
377.990967
443.596924
702.137695
854.235229
842.570129
696.472839
629.491211
575.879089
467.234985
597.577820
1101.781982
1300.408813
836.041199
607.597046
487.581421
470.304565
470.979309
573.972839
584.311096
506.743805
520.397278
721.905029
773.518677
581.521973
418.888123
517.499634
887.345581
639.877930
404.889191
478.482147
702.814087
614.783630
514.381409
782.509949
1570.931152
854.902893
571.100708
648.517517
776.841675
672.399597
682.093262
1252.201904
1460.728638
823.950134
831.001465
877.294617
624.378418
479.367706
406.423401
361.334717
297.967773
253.545181
233.709122
226.818924
224.233719
250.360916
240.015060
223.226166
171.073120
241.997635
427.183319
1515.459473
728.618042
355.335419
204.382004
175.070587
138.749542
121.619904
109.223770
110.151138
100.808823
90.971046
94.540497
100.150291
104.105347
106.368156
104.080124
101.164024
108.495758
98.343880
110.393684
116.055420
170.393646
258.363098
780.816895
810.089478
277.854706
170.769165
123.464523
100.075577
77.819382
72.306328
71.291779
78.407310
106.317558
105.002724
184.377823
533.158813
965.061401
369.775574
250.649200
189.453323
159.628433
144.384201
132.254410
106.051895
109.548950
103.160271
99.719078
91.141037
89.411469
86.956062
88.559021
93.049461
94.184578
99.347717
96.497879
85.423668
90.482430
87.454788
85.371803
89.445656
81.738365
82.086517
94.625740
161.236374
208.847214
287.426788
453.447723
1083.512939
5000.000000
3129.503662
5000.000000
5000.000000
5000.000000
1733.875488
1253.242432
1359.131836
1579.190674
1851.834106
2235.740967
2613.256104
1953.682495
1485.579102
1495.293579
1715.118408
1227.632812
1008.060303
2034.475098
5000.000000
5000.000000
1933.696533
5000.000000
2247.372314
5000.000000
1325.404541
3087.505371
2134.731934
5000.000000
5000.000000
2000.643555
804.466309
2347.968262
1818.688232
1735.840698
2675.172852
5000.000000
5000.000000
5000.000000
5000.000000
5000.000000
3347.213867
2535.878662
1741.572510
1777.114258
5000.000000
2959.287598
4690.463379
5000.000000
5000.000000
5000.000000
4659.872559
2197.170166
5000.000000
4970.729004
5000.000000
2774.329346
2571.300293
5000.000000
2406.696045
5000.000000
2418.314941
5000.000000
5000.000000
1884.602661
3724.608398
1948.279907
1565.921997
3388.175781
2034.323975
2916.647461
4669.576660
1696.537476
5000.000000
3092.687256
5000.000000
5000.000000
3644.149658
5000.000000
4071.656982
5000.000000
4810.783203
3059.160889
5000.000000
2574.201416
5000.000000
1462.845093
1764.405396
5000.000000
5000.000000
5000.000000
5000.000000
3820.155029
5000.000000
1225.585083
1390.181763
5000.000000
2222.682373
5000.000000
4618.674316
1728.529541
4140.595703
5000.000000
3588.466309
1612.799561
4199.093262
1895.800171
2053.528809
3890.477539
5000.000000
1729.360962
1785.775879
4540.734863
1483.831177
4102.458008
3697.950439
5000.000000
2765.979736
5000.000000
1831.619995
5000.000000
1553.727539
1304.546875
3674.708252
2212.212402
1557.649658
5000.000000
2399.791260
4830.636719
5000.000000
5000.000000
3887.383545
2964.712646
4514.449219
5000.000000
5000.000000
5000.000000
5000.000000
2029.620728
3761.780762
2628.822754
2514.525391
5000.000000
3540.942383
3349.777832
3394.248535
4907.279297
1984.085571
2505.403320
3855.706543
1942.640259
3764.064209
4703.370605
1613.220215
1273.856445
5000.000000
2901.309082
5000.000000
5000.000000
1845.511353
3921.782227
2571.532227
1700.413818
4672.585938
5000.000000
5000.000000
5000.000000
3241.929688
5000.000000
5000.000000
3035.058594
1561.868042
3243.109131
4460.693848
2836.581543
5000.000000
4022.084717
3108.811279
5000.000000
2153.437744
2264.960938
4746.455566
5000.000000
3209.154541
4277.317383
5000.000000
2452.607910
1615.482422
5000.000000
3404.397949
5000.000000
4300.652832
1571.271484
2804.636719
5000.000000
4556.528809
5000.000000
3429.959473
5000.000000
4320.046875
4492.502441
5000.000000
3271.737793
1456.940430
3132.614258
3371.009277
5000.000000
2295.771729
4082.294922
1236.554565
2500.850586
2432.936768
4636.081543
2224.914551
1649.245605
5000.000000
3194.989746
3295.269775
3471.799805
5000.000000
3791.977539
3359.743164
1927.607422
2077.574219
4842.054688
1285.108154
664.724548
588.017700
643.042847
503.455536
403.621582
529.140869
611.233704
500.693878
360.041504
334.797668
344.603241
312.439026
372.172302
373.910736
422.191315
329.196777
302.053223
298.643860
252.188889
255.868637
448.957275
2702.657227
836.194580
486.959015
296.035553
238.027466
175.915924
148.997772
120.827126
108.213623
99.065163
100.112267
102.941742
121.801598
139.281403
169.829514
271.083832
400.895599
802.152161
4288.382812
5000.000000
1319.030762
677.733765
572.599487
392.590118
336.118164
313.356232
262.898193
256.226562
237.946503
215.576035
229.730896
244.014481
217.883621
222.524048
212.979019
197.870865
188.773926
180.666687
177.529633
183.379776
195.134338
213.933334
227.890808
219.104462
208.225571
204.872864
181.248489
161.990189
158.230682
167.249130
185.035355
212.069992
232.050613
253.048370
257.137085
242.282654
194.340836
172.065628
180.308670
196.319427
201.936478
213.531494
220.547546
218.024429
214.039566
208.733887
184.759399
171.498184
162.137695
169.415344
204.776169
212.506271
193.699127
201.151825
222.584061
229.668518
202.056885
169.907028
166.097900
160.635529
186.723572
204.688202
186.564804
190.048660
206.902939
215.176163
204.667358
178.862946
173.058289
170.253967
163.844086
189.568558
217.543488
224.427444
217.732758
210.099701
207.035095
182.095535
181.411240
214.375778
281.925537
405.729218
797.980042
1197.220215
1782.745850
1846.729126
2199.567139
5000.000000
2697.308105
1224.310547
932.072388
916.576294
1206.920044
1859.388184
2195.510254
1111.618408
896.028870
886.897278
662.746765
468.759491
448.828430
529.122925
604.822449
788.783203
1095.442871
1210.018066
995.294434
612.327209
374.729553
466.068115
588.334351
1317.683228
1422.054565
694.819763
581.260620
665.668701
603.031860
514.514771
643.480774
841.888794
902.897522
846.309265
801.919922
776.798340
876.145996
718.458923
556.501770
921.459473
2364.329834
1425.517090
716.170654
692.970520
1431.570679
2037.615723
5000.000000
2010.605347
5000.000000
1129.813477
1356.604370
5000.000000
5000.000000
2009.285645
2193.110840
5000.000000
2705.129395
2060.294678
1603.618896
4405.152344
2574.962158
2205.572021
5000.000000
5000.000000
5000.000000
5000.000000
3675.789795
1137.378296
629.648621
398.141052
282.706818
195.528366
165.817810
138.075653
122.024162
110.418144
97.842476
97.455986
87.946053
105.545509
100.266426
114.757767
127.734497
147.188614
211.972717
235.404037
374.030396
517.112854
526.916260
655.322510
931.499207
946.894897
1255.363647
1744.674194
2149.437256
2487.965576
4125.024902
5000.000000
5000.000000
5000.000000
2307.686523
3629.191162
2059.977539
736.008667
937.365112
5000.000000
5000.000000
2164.718262
2236.361816
5000.000000
4429.021973
1729.768555
1925.246826
4814.596191
1702.981689
4950.872070
5000.000000
1846.729492
2791.970215
1908.553223
4916.409180
5000.000000
3417.631592
1136.410645
1672.724487
5000.000000
2346.214600
1559.226318
2429.335449
5000.000000
2301.495361
1392.442261
3836.788330
2010.343628
2166.118164
5000.000000
3764.678955
0.000000
0.000000
0.000000
0.000000
0.000000
0.000000
0.000000
0.000000
0.000000
0.000000
0.000000
0.000000
0.000000
0.000000
0.000000
0.000000
0.000000
0.000000
0.000000
0.000000
0.000000
0.000000
0.000000
0.000000
0.000000
0.000000
0.000000
0.000000
0.000000
0.000000
0.000000
0.000000
0.000000
0.000000
0.000000
0.000000
0.000000
0.000000
0.000000
0.000000
0.000000
0.000000
0.000000
0.000000
0.000000
0.000000
0.000000
0.000000
0.000000
0.000000
0.000000
0.000000
0.000000
0.000000
0.000000
0.000000
0.000000
0.000000
0.000000
0.000000
0.000000
0.000000
0.000000
0.000000
0.000000
0.000000
0.000000
0.000000
0.000000
0.000000
0.000000
0.000000
0.000000
0.000000
0.000000
0.000000
0.000000
0.000000
0.000000
0.000000
0.000000
0.000000
0.000000
0.000000
0.000000
0.000000
0.000000
0.000000
0.000000
0.000000
0.000000
0.000000
0.000000
0.000000
0.000000
0.000000
0.000000
0.000000
0.000000
0.000000
0.000000
0.000000
0.000000
0.000000
0.000000
0.000000
0.000000
0.000000
0.000000
0.000000
0.000000
0.000000
0.000000
0.000000
0.000000
0.000000
0.000000
0.000000
0.000000
0.000000
0.000000
0.000000
0.000000
0.000000
0.000000
0.000000
0.000000
0.000000
0.000000
0.000000
0.000000
0.000000
0.000000
0.000000
0.000000
0.000000
0.000000
0.000000
0.000000
0.000000
0.000000
0.000000
0.000000
0.000000
0.000000
0.000000
0.000000
0.000000
0.000000
0.000000
0.000000
0.000000
0.000000
0.000000
0.000000
0.000000
0.000000
0.000000
0.000000
0.000000
0.000000
0.000000
0.000000
0.000000
0.000000
0.000000
0.000000
0.000000
0.000000
0.000000
0.000000
0.000000
0.000000
0.000000
0.000000
0.000000
0.000000
0.000000
0.000000
0.000000
0.000000
0.000000
0.000000
0.000000
0.000000
0.000000
0.000000
0.000000
0.000000
0.000000
0.000000
0.000000
0.000000
0.000000
0.000000
0.000000
0.000000
0.000000
0.000000
0.000000
0.000000
0.000000
0.000000
0.000000
0.000000
0.000000
0.000000
0.000000
0.000000
0.000000
0.000000
0.000000
0.000000
0.000000
0.000000
0.000000
0.000000
0.000000
0.000000
0.000000
0.000000
0.000000
0.000000
0.000000
0.000000
0.000000
0.000000
0.000000
0.000000
0.000000
0.000000
0.000000
0.000000
0.000000
0.000000
0.000000
0.000000
0.000000
0.000000
0.000000
0.000000
0.000000
0.000000
0.000000
0.000000
0.000000
0.000000
0.000000
0.000000
0.000000
0.000000
0.000000
0.000000
0.000000
0.000000
0.000000
0.000000
0.000000
0.000000
0.000000
0.000000
0.000000
0.000000
0.000000
0.000000
0.000000
0.000000
0.000000
0.000000
0.000000
0.000000
0.000000
0.000000
0.000000
0.000000
0.000000
0.000000
0.000000
0.000000
0.000000
0.000000
0.000000
0.000000
0.000000
0.000000
0.000000
0.000000
0.000000
0.000000
0.000000
0.000000
0.000000
0.000000
0.000000
0.000000
0.000000
0.000000
0.000000
0.000000
0.000000
0.000000
0.000000
0.000000
0.000000
0.000000
0.000000
0.000000
0.000000
0.000000
0.000000
0.000000
0.000000
0.000000
0.000000
0.000000
0.000000
0.000000
0.000000
0.000000
0.000000
0.000000
0.000000
0.000000
0.000000
0.000000
0.000000
0.000000
0.000000
0.000000
0.000000
0.000000
0.000000
0.000000
0.000000
0.000000
0.000000
0.000000
0.000000
0.000000
0.000000
0.000000
0.000000
0.000000
0.000000
0.000000
0.000000
0.000000
0.000000
0.000000
0.000000
0.000000
0.000000
0.000000
0.000000
0.000000
0.000000
0.000000
0.000000
0.000000
0.000000
0.000000
0.000000
0.000000
0.000000
0.000000
0.000000
0.000000
0.000000
0.000000
0.000000
0.000000
0.000000
0.000000
0.000000
0.000000
0.000000
0.000000
0.000000
0.000000
0.000000
0.000000
0.000000
0.000000
0.000000
0.000000
0.000000
0.000000
0.000000
0.000000
0.000000
0.000000
0.000000
0.000000
0.000000
0.000000
0.000000
0.000000
0.000000
0.000000
0.000000
0.000000
0.000000
0.000000
0.000000
0.000000
0.000000
0.000000
0.000000
0.000000
0.000000
0.000000
0.000000
0.000000
0.000000
0.000000
0.000000
0.000000
0.000000
0.000000
0.000000
0.000000
0.000000
0.000000
0.000000
0.000000
0.000000
0.000000
0.000000
0.000000
0.000000
0.000000
0.000000
0.000000
0.000000
0.000000
0.000000
0.000000
0.000000
0.000000
0.000000
0.000000
0.000000
0.000000
0.000000
0.000000
0.000000
0.000000
0.000000
0.000000
0.000000
0.000000
0.000000
0.000000
0.000000
0.000000
0.000000
0.000000
0.000000
0.000000
0.000000
0.000000
0.000000
0.000000
0.000000
0.000000
0.000000
0.000000
0.000000
0.000000
0.000000
0.000000
0.000000
0.000000
0.000000
0.000000
0.000000
0.000000
0.000000
0.000000
0.000000
0.000000
0.000000
0.000000
0.000000
0.000000
0.000000
0.000000
0.000000
0.000000
0.000000
0.000000
0.000000
0.000000
0.000000
0.000000
0.000000
0.000000
0.000000
0.000000
0.000000
0.000000
0.000000
0.000000
0.000000
0.000000
0.000000
0.000000
0.000000
0.000000
0.000000
0.000000
0.000000
0.000000
0.000000
0.000000
0.000000
0.000000
0.000000
0.000000
0.000000
0.000000
0.000000
0.000000
0.000000
0.000000
0.000000
0.000000
0.000000
0.000000
0.000000
0.000000
0.000000
0.000000
0.000000
0.000000
0.000000
0.000000
0.000000
0.000000
0.000000
0.000000
0.000000
0.000000
0.000000
0.000000
0.000000
0.000000
0.000000
0.000000
0.000000
0.000000
0.000000
0.000000
0.000000
0.000000
0.000000
0.000000
0.000000
0.000000
0.000000
0.000000
0.000000
0.000000
0.000000
0.000000
0.000000
0.000000
0.000000
0.000000
0.000000
0.000000
0.000000
0.000000
0.000000
0.000000
0.000000
0.000000
0.000000
0.000000
0.000000
0.000000
0.000000
0.000000
0.000000
0.000000
0.000000
0.000000
0.000000
0.000000
0.000000
0.000000
0.000000
0.000000
0.000000
0.000000
0.000000
0.000000
0.000000
0.000000
0.000000
0.000000
0.000000
0.000000
0.000000
0.000000
0.000000
0.000000
0.000000
0.000000
0.000000
0.000000
0.000000
0.000000
0.000000
0.000000
0.000000
0.000000
0.000000
0.000000
0.000000
0.000000
0.000000
0.000000
0.000000
0.000000
0.000000
0.000000
0.000000
0.000000
0.000000
0.000000
0.000000
0.000000
0.000000
0.000000
0.000000
0.000000
0.000000
0.000000
0.000000
0.000000
0.000000
0.000000
0.000000
0.000000
0.000000
0.000000
0.000000
0.000000
0.000000
0.000000
0.000000
0.000000
0.000000
0.000000
0.000000
0.000000
0.000000
0.000000
0.000000
0.000000
0.000000
0.000000
0.000000
0.000000
0.000000
0.000000
0.000000
0.000000
0.000000
0.000000
0.000000
0.000000
0.000000
0.000000
0.000000
0.000000
0.000000
0.000000
0.000000
0.000000
0.000000
0.000000
0.000000
0.000000
0.000000
0.000000
0.000000
0.000000
0.000000
0.000000
0.000000
0.000000
0.000000
0.000000
0.000000
0.000000
0.000000
0.000000
0.000000
0.000000
0.000000
0.000000
0.000000
0.000000
0.000000
0.000000
0.000000
0.000000
0.000000
0.000000
0.000000
0.000000
0.000000
0.000000
0.000000
0.000000
0.000000
0.000000
0.000000
0.000000
0.000000
0.000000
0.000000
0.000000
0.000000
0.000000
0.000000
0.000000
0.000000
0.000000
0.000000
0.000000
0.000000
0.000000
0.000000
0.000000
0.000000
0.000000
0.000000
0.000000
0.000000
0.000000
0.000000
0.000000
0.000000
0.000000
0.000000
0.000000
0.000000
0.000000
0.000000
0.000000
0.000000
0.000000
0.000000
0.000000
0.000000
0.000000
0.000000
0.000000
0.000000
0.000000
0.000000
0.000000
0.000000
0.000000
0.000000
0.000000
0.000000
0.000000
0.000000
0.000000
0.000000
0.000000
0.000000
0.000000
0.000000
0.000000
0.000000
0.000000
0.000000
0.000000
0.000000
0.000000
0.000000
0.000000
0.000000
0.000000
0.000000
0.000000
0.000000
0.000000
0.000000
0.000000
0.000000
0.000000
0.000000
0.000000
0.000000
0.000000
0.000000
0.000000
0.000000
0.000000
0.000000
0.000000
0.000000
0.000000
0.000000
0.000000
0.000000
0.000000
0.000000
0.000000
0.000000
0.000000
0.000000
0.000000
0.000000
0.000000
0.000000
0.000000
0.000000
0.000000
0.000000
0.000000
0.000000
0.000000
0.000000
0.000000
0.000000
0.000000
0.000000
0.000000
0.000000
0.000000
0.000000
0.000000
0.000000
0.000000
0.000000
0.000000
0.000000
0.000000
0.000000
0.000000
0.000000
0.000000
0.000000
0.000000
0.000000
0.000000
0.000000
0.000000
0.000000
0.000000
0.000000
0.000000
0.000000
0.000000
0.000000
0.000000
0.000000
0.000000
0.000000
0.000000
0.000000
0.000000
0.000000
0.000000
0.000000
0.000000
0.000000
0.000000
0.000000
0.000000
0.000000
0.000000
0.000000
0.000000
0.000000
0.000000
0.000000
0.000000
0.000000
0.000000
0.000000
0.000000
0.000000
0.000000
0.000000
0.000000
0.000000
0.000000
0.000000
0.000000
0.000000
0.000000
0.000000
0.000000
0.000000
0.000000
0.000000
0.000000
0.000000
0.000000
0.000000
0.000000
0.000000
0.000000
0.000000
0.000000
0.000000
0.000000
0.000000
0.000000
0.000000
0.000000
0.000000
0.000000
0.000000
0.000000
0.000000
0.000000
0.000000
0.000000
0.000000
0.000000
0.000000
0.000000
0.000000
0.000000
0.000000
0.000000
0.000000
0.000000
0.000000
0.000000
0.000000
0.000000
0.000000
0.000000
0.000000
0.000000
0.000000
0.000000
0.000000
0.000000
0.000000
0.000000
0.000000
0.000000
0.000000
0.000000
0.000000
0.000000
0.000000
0.000000
0.000000
0.000000
0.000000
0.000000
0.000000
0.000000
0.000000
0.000000
0.000000
0.000000
0.000000
0.000000
0.000000
0.000000
0.000000
0.000000
0.000000
0.000000
0.000000
0.000000
0.000000
0.000000
0.000000
0.000000
0.000000
0.000000
0.000000
0.000000
0.000000
0.000000
0.000000
0.000000
0.000000
0.000000
0.000000
0.000000
0.000000
0.000000
0.000000
0.000000
0.000000
0.000000
0.000000
0.000000
0.000000
0.000000
0.000000
0.000000
0.000000
0.000000
0.000000
0.000000
0.000000
0.000000
0.000000
0.000000
0.000000
0.000000
0.000000
0.000000
0.000000
0.000000
0.000000
0.000000
0.000000
0.000000
0.000000
0.000000
0.000000
0.000000
0.000000
0.000000
0.000000
0.000000
0.000000
0.000000
0.000000
0.000000
0.000000
0.000000
0.000000
0.000000
0.000000
0.000000
0.000000
0.000000
0.000000
0.000000
0.000000
0.000000
0.000000
0.000000
0.000000
0.000000
0.000000
0.000000
0.000000
0.000000
0.000000
0.000000
0.000000
0.000000
0.000000
0.000000
0.000000
0.000000
0.000000
0.000000
0.000000
0.000000
0.000000
0.000000
0.000000
0.000000
0.000000
0.000000
0.000000
0.000000
0.000000
0.000000
0.000000
0.000000
0.000000
0.000000
0.000000
0.000000
0.000000
0.000000
0.000000
0.000000
0.000000
0.000000
0.000000
0.000000
0.000000
0.000000
0.000000
0.000000
0.000000
0.000000
0.000000
0.000000
0.000000
0.000000
0.000000
0.000000
0.000000
0.000000
0.000000
0.000000
0.000000
0.000000
0.000000
0.000000
0.000000
0.000000
0.000000
0.000000
0.000000
0.000000
0.000000
0.000000
0.000000
0.000000
0.000000
0.000000
0.000000
0.000000
0.000000
0.000000
0.000000
0.000000
0.000000
0.000000
0.000000
0.000000
0.000000
0.000000
0.000000
0.000000
0.000000
0.000000
0.000000
0.000000
0.000000
0.000000
0.000000
0.000000
0.000000
0.000000
0.000000
0.000000
0.000000
0.000000
0.000000
0.000000
0.000000
0.000000
0.000000
0.000000
0.000000
0.000000
0.000000
0.000000
0.000000
0.000000
0.000000
0.000000
0.000000
0.000000
