4613.897949
5000.000000
5000.000000
5000.000000
3070.530762
1918.469238
1771.730469
4703.333496
3258.528564
1204.587769
1010.990051
5000.000000
3467.023438
5000.000000
3492.218506
5000.000000
2726.367432
1373.989624
1031.901367
1543.150635
3308.109131
980.428284
1266.009155
3038.674316
5000.000000
2941.703613
1706.597168
1862.921509
2848.680176
5000.000000
1799.412231
1689.485962
3220.156006
5000.000000
5000.000000
4091.631104
2435.915771
1483.568237
1391.619507
4450.300293
1433.560547
1001.244629
1376.912231
4151.139648
4127.282227
2195.068115
3486.349609
5000.000000
5000.000000
5000.000000
2255.404785
1819.397095
4794.346191
5000.000000
5000.000000
5000.000000
5000.000000
3536.970459
5000.000000
1805.224487
1038.717896
1191.158569
2825.329590
1806.509033
987.665161
1206.890137
2354.648193
5000.000000
1958.326538
835.762756
417.672211
258.193542
182.975235
149.266937
135.065216
150.279770
113.979683
111.144295
114.326256
112.022270
104.493492
110.286118
119.641022
111.886108
138.389862
180.376419
314.480133
2176.758301
544.962280
248.789795
164.161469
119.852753
98.481361
87.383522
97.335976
98.081215
88.067795
102.174271
115.974419
127.038902
130.750870
169.943100
134.720367
131.831772
130.466843
131.288940
122.821579
107.732018
101.018265
90.909225
80.146614
70.536415
89.410774
99.133209
81.937614
90.083000
101.281059
100.828384
104.816399
111.839424
124.175186
160.912918
199.084335
235.535690
327.613953
407.946136
497.971008
610.310547
695.261536
791.641296
1005.895813
1451.322876
2566.313965
3148.964600
1722.177490
1134.052246
1054.195923
1236.703491
1980.409912
5000.000000
5000.000000
5000.000000
5000.000000
5000.000000
4354.020508
1743.963867
1312.914062
2210.319092
2462.525146
1746.255981
3185.438477
5000.000000
5000.000000
2500.426025
2011.986450
5000.000000
5000.000000
5000.000000
5000.000000
5000.000000
5000.000000
4695.848145
3468.859131
3393.876465
5000.000000
1377.058716
504.195404
308.549988
226.151001
192.833359
179.644302
178.766922
203.452744
213.950211
207.290146
186.501770
173.024933
154.275238
133.744431
118.700363
114.863327
112.325363
118.098412
175.137161
219.290359
232.875381
204.040054
162.364456
144.727814
129.749634
132.630875
157.059814
151.585236
147.720703
149.056458
204.555435
227.783661
226.945938
216.883331
260.358734
173.729431
124.883011
228.272827
485.385559
1579.998291
5000.000000
5000.000000
2676.217041
1466.703369
2891.467773
4059.446533
4000.613525
2557.810303
1651.065186
2458.698486
5000.000000
1302.802368
761.419495
1038.229858
5000.000000
1604.124146
2494.966553
1384.976562
435.403961
260.526550
194.997620
166.168747
134.866074
108.583313
98.678993
94.742607
89.668411
108.062004
108.728355
112.337318
113.102524
103.511269
102.162392
93.452850
90.458061
78.145157
76.297997
75.063202
81.422623
85.856468
76.984673
89.506569
101.791656
121.077095
121.582657
205.188095
543.496155
2785.461182
442.652557
220.030930
186.346664
154.712479
124.664879
112.358551
111.473808
103.673073
101.992584
95.054626
101.061676
103.377098
118.113319
123.483238
114.688087
118.926476
136.731735
132.106781
111.227409
98.007538
101.661316
86.563568
79.080696
85.304886
95.795433
91.850204
90.402901
98.097107
108.263489
102.194275
95.051399
106.045898
132.071442
175.257462
259.932709
722.796143
1108.771118
364.407654
223.237656
168.927032
136.631393
124.862541
118.092598
115.997589
111.983025
102.808212
90.481766
90.334221
92.579811
93.426460
91.975655
101.674187
105.645203
105.734505
103.852745
101.314079
96.120033
92.780960
95.404472
87.463547
109.619148
101.248703
120.791977
185.180496
322.769135
960.673645
1001.244568
362.510559
221.017349
186.191559
142.900772
148.042175
143.522034
149.290131
164.984055
194.509995
195.547028
173.023407
172.621964
164.141586
161.735596
149.590363
160.718658
156.913025
151.517731
154.601883
148.680374
151.534439
153.076340
153.576828
151.044754
148.374039
139.822647
142.992523
141.740799
129.321472
127.381012
142.153625
163.405594
178.131226
179.853516
168.767838
153.621613
144.450272
128.617432
122.364159
137.158997
162.498047
209.258682
215.843979
209.444351
170.618149
147.929092
134.063370
133.000900
178.437592
167.614410
188.583572
249.679642
277.520264
596.877197
1069.577026
908.574280
645.096191
540.889282
592.921631
816.772583
1037.442993
1196.191162
1649.257690
4740.492188
2235.203369
1252.852539
5000.000000
1063.513916
990.608337
1329.405640
1689.995117
1888.401123
2267.952148
3796.849121
5000.000000
2387.493408
1906.171143
2645.146240
2476.523926
5000.000000
1849.016357
1114.133301
1182.320679
2003.161865
2240.032959
836.804077
1000.997559
5000.000000
3143.965820
2470.847656
3031.690186
1857.417358
1088.706177
601.688721
486.112213
424.287659
418.787476
359.446777
338.392639
351.364014
317.936798
258.883911
251.759888
282.028015
371.316864
537.505676
611.045898
779.934021
1469.068604
2817.270752
780.353455
532.272278
423.356323
376.653717
331.187622
290.552734
253.083191
234.290314
210.665695
208.369141
215.816498
254.309128
414.093262
1627.160522
1506.303101
657.859253
414.553558
383.644287
328.493805
290.802399
266.543854
253.400528
243.007385
234.661957
234.959961
276.563019
310.108246
337.285889
283.928619
244.448898
197.066788
190.298309
185.897354
171.971619
170.071274
198.003067
258.636841
289.599396
294.001129
258.489868
248.020279
356.592865
783.248840
5000.000000
1377.017700
573.891479
396.346375
350.844055
331.545410
368.176270
335.094849
320.602386
274.732513
255.133728
212.744659
183.447052
179.755753
179.902344
187.999557
207.185608
248.828293
474.771423
1715.383667
3922.338623
916.097900
459.729645
355.358643
310.710266
322.665710
320.951752
316.657135
322.428253
256.609100
224.308167
203.159470
236.012802
328.356262
357.615570
266.761383
205.744537
223.615372
196.935425
175.300522
185.879822
207.752563
227.900528
214.396149
220.746292
246.959518
252.724976
335.870056
516.669434
1275.022095
2254.401855
715.348450
462.338196
397.444824
358.983063
381.053497
389.010101
314.562958
267.028137
246.769608
235.841431
255.500504
246.635696
183.379318
176.256500
211.411835
239.651764
308.848846
487.221771
1038.953125
3356.980957
648.392578
380.327728
328.036774
285.316223
255.857193
246.441345
232.795975
216.108459
206.515747
227.671066
305.113983
362.343414
354.545807
273.979156
226.696732
195.618927
172.100311
171.154572
170.829605
162.787750
188.820511
199.583893
238.238037
250.961472
254.268188
295.011353
493.817535
1653.088989
4055.870850
1520.395508
875.796814
562.064636
445.798035
337.876740
283.104156
271.818665
262.091675
238.303741
223.245560
250.255524
353.485291
738.661560
5000.000000
1257.558350
931.675720
627.141541
459.927216
337.812714
267.428589
234.214996
218.848022
213.559128
226.706223
242.323029
391.198181
1143.924194
5000.000000
5000.000000
5000.000000
1159.005859
542.441833
369.076141
321.747192
352.800385
387.430023
329.994995
289.390411
242.898956
242.935471
277.738434
363.313416
607.918152
3840.118164
1355.537964
722.759094
496.372559
449.830597
443.533508
374.006500
289.914673
224.573761
200.021027
193.497833
186.148361
196.314270
218.553406
236.227432
272.359131
272.236694
234.308914
202.504028
172.076553
162.292648
175.033890
174.048035
176.117645
210.004623
298.250122
378.809296
466.583984
709.851990
1138.147461
5000.000000
1038.269531
609.761536
434.651276
380.590149
403.045898
366.854889
314.095856
263.816956
226.844070
207.160400
236.065201
364.651733
736.678284
3894.565186
1307.561890
579.522705
387.180420
308.203766
303.015747
301.616577
305.780945
291.109375
292.169678
228.167633
200.192139
185.230896
246.420761
342.960571
390.952667
520.334656
819.812256
3747.479492
2587.001465
898.085205
549.235840
417.644745
328.822327
275.639130
224.976807
189.920975
172.418900
166.676056
170.687988
234.000671
313.167542
599.630859
2619.731445
2315.146484
1014.026428
544.320862
346.858459
277.444092
240.652206
242.150223
242.925262
239.095642
233.701996
229.213562
227.283295
215.886902
183.988510
184.817780
154.541901
124.154167
109.814713
92.497246
83.158928
80.570679
82.786102
84.935890
96.380638
102.213646
103.932312
109.670227
108.789307
112.375229
112.702972
110.519104
95.600517
83.068344
78.498680
79.022652
78.674026
78.568581
86.966515
101.547829
117.366028
185.677200
393.263275
4352.727051
550.517517
275.745697
189.293747
154.602158
131.770676
124.465584
118.267097
121.176285
126.833939
125.642044
130.600479
144.727631
146.899353
189.057541
243.900192
247.729950
323.399963
433.535034
478.207764
520.087463
696.325317
955.280090
1223.703369
837.130493
727.917664
1090.029297
2436.143799
5000.000000
5000.000000
5000.000000
5000.000000
5000.000000
1723.881470
1974.346924
5000.000000
2330.729248
5000.000000
5000.000000
3906.130371
3009.399170
2708.734131
4411.254883
5000.000000
1810.191284
2262.619141
3102.518799
5000.000000
5000.000000
4063.774414
3223.252930
2974.510498
3014.320068
5000.000000
2173.970215
5000.000000
3834.863770
2799.903564
4788.536133
5000.000000
3997.892090
5000.000000
5000.000000
5000.000000
5000.000000
5000.000000
5000.000000
5000.000000
2829.970947
754.194214
389.264221
264.410187
191.957336
150.894714
124.415474
101.974052
104.569412
108.452171
112.083023
118.900734
125.570869
127.778893
138.597763
149.502884
167.644730
187.437164
232.765671
283.132507
315.196991
338.388092
375.534637
496.592468
812.588867
1281.048706
1324.616943
1127.844727
889.301819
796.241028
889.331543
1465.832397
2571.326172
2227.353027
2750.091064
5000.000000
5000.000000
5000.000000
3694.949219
5000.000000
5000.000000
5000.000000
5000.000000
3235.198730
5000.000000
5000.000000
3365.153320
3691.071777
3580.587646
5000.000000
1600.692749
1328.190430
2709.525635
5000.000000
5000.000000
5000.000000
5000.000000
5000.000000
5000.000000
2007.582031
1795.660522
2233.686035
4047.405762
4189.203613
1895.824097
1858.050903
4337.040527
5000.000000
2683.371338
2073.823975
5000.000000
660.100952
328.674683
239.226791
165.949020
168.293869
148.338379
132.585419
130.002792
122.315575
108.275124
110.152496
105.528183
91.902069
80.990746
79.758606
84.282043
85.884018
90.571136
106.818092
104.260368
104.585388
98.652252
93.766090
89.196266
86.118019
90.128654
77.617722
86.325310
116.505196
197.045563
545.686646
921.173706
273.549744
178.948013
147.442017
133.291382
110.646851
121.552780
100.750000
102.019341
106.096741
116.777908
126.144936
129.758759
168.169235
207.820023
263.494019
308.382233
486.552795
1049.045166
1977.392822
1948.531616
1678.795898
1249.553345
871.438354
756.456787
879.620850
1347.429932
4226.620117
5000.000000
5000.000000
5000.000000
5000.000000
1711.844238
1342.597778
1438.319824
3505.457520
2816.324463
1259.653687
1303.369141
5000.000000
2426.946289
1856.710083
5000.000000
5000.000000
5000.000000
2157.410156
2329.473633
5000.000000
5000.000000
1217.016113
475.926025
282.567261
201.240280
136.165680
144.446747
143.110611
145.014252
127.957092
129.999023
172.797668
289.202820
383.701324
1094.958618
1539.782715
395.427032
226.579636
170.820801
118.223923
106.919456
104.694466
88.851204
93.735649
101.373955
95.741051
102.144073
102.120720
105.503746
101.864784
103.880920
109.120277
117.529442
115.289856
124.284973
156.202271
194.378433
358.276764
2862.048584
760.958496
375.793304
233.907623
170.015228
140.314011
135.710907
123.982796
126.811989
175.916870
282.144592
547.704834
1109.745850
5000.000000
858.213257
365.962494
357.763458
183.327011
143.284332
128.991882
105.531059
95.623222
87.036865
76.522537
86.930466
121.715630
304.943359
556.742737
658.141357
2390.458008
399.674866
224.452240
140.517746
123.945663
105.942856
93.690872
139.117920
271.176758
408.489197
1627.492920
492.909851
226.790070
178.400192
142.614182
120.840584
118.827057
89.033905
86.961006
88.864822
89.118141
93.377220
102.851791
102.701965
107.604851
104.658020
110.649529
126.953461
137.174423
148.959839
177.062012
196.620392
196.773972
274.581268
311.882904
349.194977
539.184875
737.485046
836.842346
704.174255
508.332520
327.994629
214.728256
153.150635
108.616287
100.379730
85.878273
89.521599
83.206917
78.248047
85.345718
95.697815
93.839211
95.295578
109.416641
114.913094
115.129051
114.503578
130.307922
118.740685
167.822937
237.326492
343.474121
962.950806
1403.888550
401.982788
253.482712
163.589386
144.862991
130.851288
111.807892
100.959366
86.061729
92.141937
92.997742
102.394249
134.875259
133.304062
110.557648
112.577415
123.188538
111.690613
109.510384
88.870285
88.066017
89.299713
87.411751
98.254593
105.707367
102.855476
100.924561
98.250526
94.661789
88.012207
83.761810
81.078003
84.476601
90.756592
80.975670
104.854034
97.970451
89.845528
109.591713
155.340271
229.541840
413.861816
1814.563843
859.683594
358.977753
222.465363
164.261627
125.679382
118.704758
110.016510
86.801498
104.362358
95.740906
102.509911
105.947090
109.711700
117.444481
119.346634
123.921829
116.311897
124.077972
114.282974
111.444443
98.539192
98.128624
92.180527
85.050186
81.939629
84.697464
98.350319
91.667084
105.223206
112.099266
107.500870
110.674942
112.891609
117.141106
121.560265
116.153206
110.981056
106.142807
97.560318
97.778503
109.272156
133.568863
185.324310
355.304199
5000.000000
435.366150
184.199463
145.467575
117.033585
109.120949
100.060204
102.552635
108.962608
130.779129
120.936378
111.125114
135.069534
109.351646
86.699738
101.629150
95.809975
102.177597
135.463150
180.991959
256.803802
385.080811
334.752411
421.245087
638.101196
605.479187
458.931061
322.870636
237.351852
194.080673
151.485291
123.902092
99.223610
93.111130
91.680099
95.973549
97.462044
114.669571
123.135391
134.399109
145.449631
156.067322
181.927734
206.354492
238.385803
255.895050
292.374786
356.375275
463.912231
551.087646
774.708923
873.419861
649.497559
548.399292
545.945190
777.019165
1237.233154
1687.966431
3904.584473
3678.701660
1641.555298
1457.690430
2754.871338
3740.381104
2168.578613
4850.160645
5000.000000
4126.929688
2686.458740
2439.457275
2429.676270
4851.559082
2390.099609
1269.739990
1645.034912
2377.259521
3038.273682
4133.630371
4020.768066
5000.000000
2314.199463
999.940735
875.181885
1926.042358
2255.521973
966.938416
1707.173950
5000.000000
2801.726562
5000.000000
5000.000000
5000.000000
3682.333252
2423.136230
2204.565918
4665.945801
2144.163330
1609.218506
2825.801270
5000.000000
3709.248535
1752.776123
1950.145264
5000.000000
5000.000000
5000.000000
2399.704346
1643.814453
1751.271118
2570.616211
5000.000000
5000.000000
4020.852051
2952.542969
2269.884277
2559.777100
5000.000000
1927.469727
1059.368164
1688.252197
5000.000000
5000.000000
5000.000000
5000.000000
5000.000000
4971.710938
1832.888550
1429.358276
1967.231445
5000.000000
2542.125732
2928.324463
5000.000000
5000.000000
2932.809570
3473.015869
5000.000000
5000.000000
4272.213379
3160.541260
5000.000000
5000.000000
5000.000000
3450.957764
3005.740723
4365.094238
5000.000000
3653.658691
2156.798096
1465.585693
1367.556885
2677.988525
5000.000000
4595.369629
2329.272217
1424.293457
1752.832886
2715.110107
5000.000000
1512.200562
871.853455
1342.976074
5000.000000
1414.537109
2633.562256
5000.000000
3577.032471
5000.000000
2225.505859
1696.363770
2025.917236
5000.000000
4962.362305
1588.473999
1185.250122
1407.526489
5000.000000
2835.041504
1648.808105
1295.222656
1197.131348
826.227722
505.829956
315.738251
247.121979
196.864380
163.986252
133.693817
107.366554
96.833328
90.801918
93.173401
90.904243
98.465508
105.000107
112.922638
114.985832
102.250061
91.642143
91.838013
85.752861
77.177261
77.494385
76.885872
78.562286
95.565224
92.035980
93.597404
99.584480
96.893127
99.991051
91.782066
85.838158
80.915474
78.801315
93.003998
120.695129
179.150314
554.444458
768.067383
287.954529
179.259979
141.155518
122.310051
112.210785
99.181061
100.204552
86.371689
84.741577
79.038284
83.403687
101.693962
113.637207
108.805489
119.165810
132.783478
150.441254
145.533737
146.439087
146.184586
132.095200
114.141716
100.656738
95.187103
96.571358
107.201637
127.152588
186.557968
445.123566
1210.947876
400.726440
268.452393
191.054398
163.513397
141.067352
123.760742
112.346916
111.171387
96.842751
87.244850
82.971138
84.434937
85.516357
93.326340
102.583588
108.673264
106.448006
103.764038
100.516068
88.626694
82.673706
73.957138
81.968712
93.665627
81.257019
88.815010
96.959602
97.703522
99.223091
106.099380
110.569839
113.836540
141.220673
199.639313
267.805054
318.735626
833.454590
5000.000000
2821.977295
2279.475098
3602.273926
3434.112793
2475.894043
2548.706055
2534.864014
4693.513672
4148.489746
2290.844238
1849.323242
1195.341553
995.818420
1003.548523
1245.728638
2665.559082
5000.000000
5000.000000
5000.000000
5000.000000
5000.000000
5000.000000
3061.360107
2500.429443
2914.225098
2854.788574
2200.552002
2097.642090
2077.034424
2175.065186
3456.049561
1527.311035
808.872681
1710.669434
5000.000000
3237.121826
1190.137695
1129.367798
4682.033691
2151.458740
1273.472534
1707.686890
5000.000000
5000.000000
5000.000000
5000.000000
5000.000000
5000.000000
5000.000000
5000.000000
5000.000000
2767.107666
1846.998779
1902.375854
2546.190430
5000.000000
5000.000000
4694.599121
5000.000000
2724.712402
1135.602783
631.731812
300.222198
206.930283
152.714447
147.139267
126.273415
106.643654
102.446983
100.974358
104.020691
100.329987
99.445999
109.460770
108.625732
107.599953
108.649315
106.396576
106.456139
96.224800
93.758438
94.177193
88.545258
87.180389
88.212311
93.086136
92.799805
86.870300
101.398987
120.897568
137.130478
160.772583
258.698151
478.479645
860.423279
1868.333862
4349.091797
4495.592773
2206.216064
2977.923096
5000.000000
3829.495361
3161.098877
5000.000000
3407.647461
2264.663086
2562.291260
4582.291016
4369.094238
2702.980713
2071.424316
1959.132080
1885.717773
1679.879517
1957.078613
3378.247070
5000.000000
5000.000000
5000.000000
5000.000000
5000.000000
5000.000000
5000.000000
5000.000000
5000.000000
5000.000000
4185.476074
2166.748047
1610.747559
5000.000000
2532.932861
2371.765869
4163.694824
5000.000000
5000.000000
4236.079102
5000.000000
3656.865479
873.385010
416.329437
271.080353
212.113922
191.311874
153.660934
126.883392
111.938438
104.512398
100.127861
95.491234
95.665718
98.073555
96.397957
101.844254
101.948326
98.162399
97.227028
91.696594
84.173515
83.547470
81.565460
81.439224
89.089439
89.279907
98.615089
99.791237
119.445457
117.974152
127.255463
154.286972
206.618454
261.679016
395.023041
673.061951
1296.731567
4581.519043
5000.000000
2378.567871
2432.640381
5000.000000
5000.000000
5000.000000
5000.000000
1093.759766
1094.345337
1498.307861
5000.000000
2471.488281
2635.716309
5000.000000
1658.159546
1463.003174
5000.000000
5000.000000
5000.000000
1550.618042
1221.946655
1713.278076
4681.007324
5000.000000
5000.000000
5000.000000
4943.018555
4034.180908
3509.000488
3573.243408
5000.000000
5000.000000
5000.000000
5000.000000
5000.000000
5000.000000
5000.000000
5000.000000
5000.000000
5000.000000
5000.000000
1572.842407
725.040771
473.972687
326.926697
255.752380
215.304718
199.466522
196.960190
178.515778
170.847336
170.265579
166.221619
153.592377
156.978455
159.712540
149.037735
145.821030
142.472717
148.791855
151.145767
161.472870
157.283325
150.062546
146.984619
148.123962
150.802200
131.466980
134.489502
137.713058
140.473297
140.662949
143.141296
143.588226
151.663254
156.657501
153.101028
147.549591
155.573639
150.394821
142.552292
139.623123
141.052063
138.337250
175.049744
219.983719
270.407867
297.928345
377.653229
578.877258
1133.262939
2147.848633
3256.485596
5000.000000
5000.000000
5000.000000
2164.579102
1470.703979
1530.965332
2453.717041
2844.270508
2682.145996
2511.069336
2417.208008
1753.399658
1730.717529
3011.904297
3860.783936
3413.860596
2988.649170
2837.356201
4618.920410
5000.000000
5000.000000
5000.000000
5000.000000
5000.000000
3791.289795
3351.577637
4549.997559
5000.000000
5000.000000
5000.000000
5000.000000
3192.662598
5000.000000
5000.000000
5000.000000
2416.746582
890.905029
654.804932
629.869019
879.186218
3641.056396
5000.000000
1435.118408
874.407898
735.084351
647.528625
563.915527
580.279297
575.998169
604.668030
694.326233
741.282532
684.679321
679.935242
616.719666
627.979919
541.442810
532.938965
507.422424
507.616547
452.532745
457.646667
813.657471
5000.000000
5000.000000
1663.700073
644.913452
575.234009
569.864502
489.834686
489.267609
491.166931
531.250305
828.520203
1996.809570
1345.369629
633.230591
502.269501
482.927124
481.276154
432.703064
432.148712
424.592499
454.082184
598.709839
895.933105
1120.034180
836.395630
625.861145
505.903900
416.577332
405.768463
497.077637
613.600464
789.469543
858.393188
759.943054
640.634338
564.696472
443.520630
391.828918
444.819672
792.498169
1043.828247
814.873657
694.959351
510.164246
363.156738
400.348877
658.316345
1107.225586
1105.184204
873.904114
614.471375
489.245178
477.698547
545.862366
684.076965
723.155457
644.984009
684.992554
745.672974
916.836304
1468.086548
2286.451172
2442.076904
1788.551636
1497.941284
1264.063599
658.432068
440.645630
368.241943
315.413422
255.165802
246.379669
239.647095
224.517883
267.928284
317.030121
294.403076
284.902588
248.024658
214.203049
214.726852
268.207153
515.673279
5000.000000
635.887146
316.676300
209.420593
158.506607
131.521164
119.677330
115.056122
110.210892
111.963654
110.935310
110.722931
97.034721
92.823868
84.953773
87.397972
90.556038
86.601524
89.733910
96.265724
124.340996
156.774719
229.904404
620.655884
982.280151
325.011200
217.441940
151.910370
122.318199
99.691719
88.450592
79.984337
82.270744
70.979126
80.033653
107.677704
129.803345
162.843170
368.436554
1629.670654
335.224243
176.028046
128.627777
109.436409
92.261726
89.043236
88.701241
88.241852
90.472885
96.689194
99.108536
99.120712
103.115791
102.859741
107.172501
106.562012
103.701118
96.945526
91.175484
85.570686
81.969429
82.793953
86.430290
86.419197
99.182671
120.160736
160.675323
213.811157
238.913193
274.476135
416.342651
717.920593
5000.000000
3197.584473
4647.297852
5000.000000
5000.000000
5000.000000
5000.000000
4106.443359
2276.414551
1923.590576
3759.214600
5000.000000
5000.000000
5000.000000
5000.000000
2266.959473
1297.477661
1037.489990
1395.254028
5000.000000
5000.000000
4184.798340
2841.803711
2772.594971
3163.791504
5000.000000
2176.241211
1495.211182
5000.000000
2266.053223
3112.153809
5000.000000
4450.743164
5000.000000
5000.000000
5000.000000
5000.000000
1308.595703
1511.928223
5000.000000
4750.686523
2060.103760
1392.026367
1407.292480
2470.188721
4831.146973
1186.856079
1458.221436
2886.738281
5000.000000
5000.000000
5000.000000
4938.670410
5000.000000
5000.000000
5000.000000
5000.000000
4262.474609
4192.782227
5000.000000
5000.000000
5000.000000
3691.159180
1977.723389
1567.278198
2587.381836
2638.587158
1120.588989
1427.916260
2326.445801
5000.000000
3030.598145
1679.615723
1644.866577
1504.600464
5000.000000
1927.470703
1732.813965
2811.087646
4783.239746
5000.000000
5000.000000
5000.000000
3479.841064
1507.917114
1335.595947
3201.413574
3748.265137
1651.318970
5000.000000
1436.578491
1368.035522
5000.000000
4373.731934
2661.144531
2129.021240
2736.469727
2989.208984
5000.000000
4208.440430
2578.235107
5000.000000
4285.000488
2658.419434
3342.395508
5000.000000
5000.000000
5000.000000
5000.000000
5000.000000
5000.000000
5000.000000
5000.000000
5000.000000
5000.000000
5000.000000
5000.000000
5000.000000
5000.000000
5000.000000
5000.000000
5000.000000
5000.000000
3432.361572
4094.356934
5000.000000
3017.832764
1600.301880
2142.120605
3655.824463
1310.358032
1121.870483
2787.899414
1668.248413
902.911682
1008.150269
5000.000000
3074.701904
3104.155029
4481.726562
5000.000000
5000.000000
5000.000000
4771.238770
4259.919434
5000.000000
2798.933838
1627.236328
2030.371094
2592.707520
5000.000000
4059.275879
1350.103638
1015.302612
943.348328
4757.391113
1650.682983
1758.101685
2800.972412
5000.000000
5000.000000
5000.000000
3275.397461
2214.296143
2488.979248
5000.000000
5000.000000
5000.000000
5000.000000
5000.000000
4101.463867
2931.242188
3082.870361
5000.000000
5000.000000
2489.294189
2828.679688
5000.000000
2789.760742
3695.863281
5000.000000
5000.000000
5000.000000
5000.000000
4257.749512
2295.846680
2461.365723
2374.604736
2027.792847
2740.868896
5000.000000
1970.354248
1313.528687
1293.614502
2728.319824
2574.197266
1598.183228
5000.000000
3651.024170
5000.000000
2875.407959
2451.882812
5000.000000
5000.000000
5000.000000
5000.000000
5000.000000
4466.561523
5000.000000
5000.000000
5000.000000
5000.000000
5000.000000
5000.000000
5000.000000
5000.000000
5000.000000
5000.000000
4216.885254
5000.000000
3376.028809
2462.327393
1923.098999
1395.877441
968.713196
581.470642
389.488129
318.278900
344.099548
404.621796
418.876617
400.231201
362.347260
346.641266
331.559753
324.826294
334.013489
340.235321
301.134674
268.524139
230.605606
246.866211
372.871460
708.915222
3013.033203
539.532898
294.398468
201.881363
148.878174
118.342514
108.872902
100.722488
104.448891
117.097832
122.813072
126.543259
150.148727
185.271072
194.693588
254.603012
307.630829
460.603577
1393.758911
2102.346436
748.161926
531.962769
499.299469
382.553711
300.746735
246.655685
228.157211
214.220184
197.114639
187.347916
199.912628
191.005066
193.145233
183.461990
185.405472
184.590973
193.262482
188.352036
195.085022
189.162735
186.321701
185.746857
186.366913
194.519760
206.886047
209.384628
217.979218
214.333344
199.830750
193.578720
182.152283
188.076172
217.611679
234.295395
247.424683
231.069870
211.943008
207.329224
203.541473
213.881790
216.121811
221.265472
221.570190
200.237457
177.162766
166.984711
159.937347
159.127548
175.354263
189.318359
215.750473
236.538116
246.518066
222.670486
196.559357
186.009018
170.108643
161.658157
154.662369
151.176422
181.523407
226.952530
267.278381
257.110077
188.272476
203.404510
200.827499
184.439056
173.618988
163.679718
172.774612
211.395828
193.586044
247.405823
241.022446
227.140869
199.387024
189.360748
219.059250
273.526428
299.927673
276.480133
543.033386
3045.280029
1838.144043
2198.882568
4055.554688
1785.178467
1167.738892
1238.275391
1208.965820
988.347046
917.361511
702.577820
609.107727
595.676331
900.013672
1814.910156
1647.904297
1049.682129
717.271851
533.628235
440.368042
452.717743
569.226257
807.021667
1179.284302
1452.325562
1323.311157
769.157898
480.874725
388.917023
434.815979
557.032776
713.957581
827.564636
872.599915
996.458557
1183.052246
930.551758
691.990234
559.030090
487.593903
510.171509
590.569153
704.859436
1111.639160
1862.819336
3160.073242
3822.811768
1221.725098
1065.904907
1143.884644
1239.759399
1170.914917
1164.073608
2438.387695
4746.658203
1409.749512
1623.153809
3748.756836
5000.000000
5000.000000
5000.000000
5000.000000
5000.000000
4443.552246
3649.298096
4509.524902
5000.000000
3083.571289
3264.475586
2179.659180
609.549377
358.206848
237.936554
184.829651
190.590454
158.534637
121.607269
107.814392
104.091454
94.775970
100.868141
98.954712
103.713379
115.640282
130.839417
165.329407
187.524429
236.707245
314.334534
354.479858
455.744629
669.193298
998.906372
1679.755493
2546.872559
2077.285156
1923.065796
2634.531982
4135.441406
2197.978027
1278.133545
1019.496582
1452.152100
5000.000000
5000.000000
3943.578613
1414.095459
1449.631836
3892.816162
5000.000000
3498.694092
5000.000000
4311.083984
3700.347168
5000.000000
5000.000000
5000.000000
2431.359863
1572.940430
5000.000000
3634.531250
1519.175293
1421.304810
1553.882080
4023.990479
5000.000000
5000.000000
5000.000000
5000.000000
5000.000000
5000.000000
5000.000000
5000.000000
5000.000000
4374.087891
5000.000000
5000.000000
5000.000000
5000.000000
5000.000000
5000.000000
0.000000
0.000000
0.000000
0.000000
0.000000
0.000000
0.000000
0.000000
0.000000
0.000000
0.000000
0.000000
0.000000
0.000000
0.000000
0.000000
0.000000
0.000000
0.000000
0.000000
0.000000
0.000000
0.000000
0.000000
0.000000
0.000000
0.000000
0.000000
0.000000
0.000000
0.000000
0.000000
0.000000
0.000000
0.000000
0.000000
0.000000
0.000000
0.000000
0.000000
0.000000
0.000000
0.000000
0.000000
0.000000
0.000000
0.000000
0.000000
0.000000
0.000000
0.000000
0.000000
0.000000
0.000000
0.000000
0.000000
0.000000
0.000000
0.000000
0.000000
0.000000
0.000000
0.000000
0.000000
0.000000
0.000000
0.000000
0.000000
0.000000
0.000000
0.000000
0.000000
0.000000
0.000000
0.000000
0.000000
0.000000
0.000000
0.000000
0.000000
0.000000
0.000000
0.000000
0.000000
0.000000
0.000000
0.000000
0.000000
0.000000
0.000000
0.000000
0.000000
0.000000
0.000000
0.000000
0.000000
0.000000
0.000000
0.000000
0.000000
0.000000
0.000000
0.000000
0.000000
0.000000
0.000000
0.000000
0.000000
0.000000
0.000000
0.000000
0.000000
0.000000
0.000000
0.000000
0.000000
0.000000
0.000000
0.000000
0.000000
0.000000
0.000000
0.000000
0.000000
0.000000
0.000000
0.000000
0.000000
0.000000
0.000000
0.000000
0.000000
0.000000
0.000000
0.000000
0.000000
0.000000
0.000000
0.000000
0.000000
0.000000
0.000000
0.000000
0.000000
0.000000
0.000000
0.000000
0.000000
0.000000
0.000000
0.000000
0.000000
0.000000
0.000000
0.000000
0.000000
0.000000
0.000000
0.000000
0.000000
0.000000
0.000000
0.000000
0.000000
0.000000
0.000000
0.000000
0.000000
0.000000
0.000000
0.000000
0.000000
0.000000
0.000000
0.000000
0.000000
0.000000
0.000000
0.000000
0.000000
0.000000
0.000000
0.000000
0.000000
0.000000
0.000000
0.000000
0.000000
0.000000
0.000000
0.000000
0.000000
0.000000
0.000000
0.000000
0.000000
0.000000
0.000000
0.000000
0.000000
0.000000
0.000000
0.000000
0.000000
0.000000
0.000000
0.000000
0.000000
0.000000
0.000000
0.000000
0.000000
0.000000
0.000000
0.000000
0.000000
0.000000
0.000000
0.000000
0.000000
0.000000
0.000000
0.000000
0.000000
0.000000
0.000000
0.000000
0.000000
0.000000
0.000000
0.000000
0.000000
0.000000
0.000000
0.000000
0.000000
0.000000
0.000000
0.000000
0.000000
0.000000
0.000000
0.000000
0.000000
0.000000
0.000000
0.000000
0.000000
0.000000
0.000000
0.000000
0.000000
0.000000
0.000000
0.000000
0.000000
0.000000
0.000000
0.000000
0.000000
0.000000
0.000000
0.000000
0.000000
0.000000
0.000000
0.000000
0.000000
0.000000
0.000000
0.000000
0.000000
0.000000
0.000000
0.000000
0.000000
0.000000
0.000000
0.000000
0.000000
0.000000
0.000000
0.000000
0.000000
0.000000
0.000000
0.000000
0.000000
0.000000
0.000000
0.000000
0.000000
0.000000
0.000000
0.000000
0.000000
0.000000
0.000000
0.000000
0.000000
0.000000
0.000000
0.000000
0.000000
0.000000
0.000000
0.000000
0.000000
0.000000
0.000000
0.000000
0.000000
0.000000
0.000000
0.000000
0.000000
0.000000
0.000000
0.000000
0.000000
0.000000
0.000000
0.000000
0.000000
0.000000
0.000000
0.000000
0.000000
0.000000
0.000000
0.000000
0.000000
0.000000
0.000000
0.000000
0.000000
0.000000
0.000000
0.000000
0.000000
0.000000
0.000000
0.000000
0.000000
0.000000
0.000000
0.000000
0.000000
0.000000
0.000000
0.000000
0.000000
0.000000
0.000000
0.000000
0.000000
0.000000
0.000000
0.000000
0.000000
0.000000
0.000000
0.000000
0.000000
0.000000
0.000000
0.000000
0.000000
0.000000
0.000000
0.000000
0.000000
0.000000
0.000000
0.000000
0.000000
0.000000
0.000000
0.000000
0.000000
0.000000
0.000000
0.000000
0.000000
0.000000
0.000000
0.000000
0.000000
0.000000
0.000000
0.000000
0.000000
0.000000
0.000000
0.000000
0.000000
0.000000
0.000000
0.000000
0.000000
0.000000
0.000000
0.000000
0.000000
0.000000
0.000000
0.000000
0.000000
0.000000
0.000000
0.000000
0.000000
0.000000
0.000000
0.000000
0.000000
0.000000
0.000000
0.000000
0.000000
0.000000
0.000000
0.000000
0.000000
0.000000
0.000000
0.000000
0.000000
0.000000
0.000000
0.000000
0.000000
0.000000
0.000000
0.000000
0.000000
0.000000
0.000000
0.000000
0.000000
0.000000
0.000000
0.000000
0.000000
0.000000
0.000000
0.000000
0.000000
0.000000
0.000000
0.000000
0.000000
0.000000
0.000000
0.000000
0.000000
0.000000
0.000000
0.000000
0.000000
0.000000
0.000000
0.000000
0.000000
0.000000
0.000000
0.000000
0.000000
0.000000
0.000000
0.000000
0.000000
0.000000
0.000000
0.000000
0.000000
0.000000
0.000000
0.000000
0.000000
0.000000
0.000000
0.000000
0.000000
0.000000
0.000000
0.000000
0.000000
0.000000
0.000000
0.000000
0.000000
0.000000
0.000000
0.000000
0.000000
0.000000
0.000000
0.000000
0.000000
0.000000
0.000000
0.000000
0.000000
0.000000
0.000000
0.000000
0.000000
0.000000
0.000000
0.000000
0.000000
0.000000
0.000000
0.000000
0.000000
0.000000
0.000000
0.000000
0.000000
0.000000
0.000000
0.000000
0.000000
0.000000
0.000000
0.000000
0.000000
0.000000
0.000000
0.000000
0.000000
0.000000
0.000000
0.000000
0.000000
0.000000
0.000000
0.000000
0.000000
0.000000
0.000000
0.000000
0.000000
0.000000
0.000000
0.000000
0.000000
0.000000
0.000000
0.000000
0.000000
0.000000
0.000000
0.000000
0.000000
0.000000
0.000000
0.000000
0.000000
0.000000
0.000000
0.000000
0.000000
0.000000
0.000000
0.000000
0.000000
0.000000
0.000000
0.000000
0.000000
0.000000
0.000000
0.000000
0.000000
0.000000
0.000000
0.000000
0.000000
0.000000
0.000000
0.000000
0.000000
0.000000
0.000000
0.000000
0.000000
0.000000
0.000000
0.000000
0.000000
0.000000
0.000000
0.000000
0.000000
0.000000
0.000000
0.000000
0.000000
0.000000
0.000000
0.000000
0.000000
0.000000
0.000000
0.000000
0.000000
0.000000
0.000000
0.000000
0.000000
0.000000
0.000000
0.000000
0.000000
0.000000
0.000000
0.000000
0.000000
0.000000
0.000000
0.000000
0.000000
0.000000
0.000000
0.000000
0.000000
0.000000
0.000000
0.000000
0.000000
0.000000
0.000000
0.000000
0.000000
0.000000
0.000000
0.000000
0.000000
0.000000
0.000000
0.000000
0.000000
0.000000
0.000000
0.000000
0.000000
0.000000
0.000000
0.000000
0.000000
0.000000
0.000000
0.000000
0.000000
0.000000
0.000000
0.000000
0.000000
0.000000
0.000000
0.000000
0.000000
0.000000
0.000000
0.000000
0.000000
0.000000
0.000000
0.000000
0.000000
0.000000
0.000000
0.000000
0.000000
0.000000
0.000000
0.000000
0.000000
0.000000
0.000000
0.000000
0.000000
0.000000
0.000000
0.000000
0.000000
0.000000
0.000000
0.000000
0.000000
0.000000
0.000000
0.000000
0.000000
0.000000
0.000000
0.000000
0.000000
0.000000
0.000000
0.000000
0.000000
0.000000
0.000000
0.000000
0.000000
0.000000
0.000000
0.000000
0.000000
0.000000
0.000000
0.000000
0.000000
0.000000
0.000000
0.000000
0.000000
0.000000
0.000000
0.000000
0.000000
0.000000
0.000000
0.000000
0.000000
0.000000
0.000000
0.000000
0.000000
0.000000
0.000000
0.000000
0.000000
0.000000
0.000000
0.000000
0.000000
0.000000
0.000000
0.000000
0.000000
0.000000
0.000000
0.000000
0.000000
0.000000
0.000000
0.000000
0.000000
0.000000
0.000000
0.000000
0.000000
0.000000
0.000000
0.000000
0.000000
0.000000
0.000000
0.000000
0.000000
0.000000
0.000000
0.000000
0.000000
0.000000
0.000000
0.000000
0.000000
0.000000
0.000000
0.000000
0.000000
0.000000
0.000000
0.000000
0.000000
0.000000
0.000000
0.000000
0.000000
0.000000
0.000000
0.000000
0.000000
0.000000
0.000000
0.000000
0.000000
0.000000
0.000000
0.000000
0.000000
0.000000
0.000000
0.000000
0.000000
0.000000
0.000000
0.000000
0.000000
0.000000
0.000000
0.000000
0.000000
0.000000
0.000000
0.000000
0.000000
0.000000
0.000000
0.000000
0.000000
0.000000
0.000000
0.000000
0.000000
0.000000
0.000000
0.000000
0.000000
0.000000
0.000000
0.000000
0.000000
0.000000
0.000000
0.000000
0.000000
0.000000
0.000000
0.000000
0.000000
0.000000
0.000000
0.000000
0.000000
0.000000
0.000000
0.000000
0.000000
0.000000
0.000000
0.000000
0.000000
0.000000
0.000000
0.000000
0.000000
0.000000
0.000000
0.000000
0.000000
0.000000
0.000000
0.000000
0.000000
0.000000
0.000000
0.000000
0.000000
0.000000
0.000000
0.000000
0.000000
0.000000
0.000000
0.000000
0.000000
0.000000
0.000000
0.000000
0.000000
0.000000
0.000000
0.000000
0.000000
0.000000
0.000000
0.000000
0.000000
0.000000
0.000000
0.000000
0.000000
0.000000
0.000000
0.000000
0.000000
0.000000
0.000000
0.000000
0.000000
0.000000
0.000000
0.000000
0.000000
0.000000
0.000000
0.000000
0.000000
0.000000
0.000000
0.000000
0.000000
0.000000
0.000000
0.000000
0.000000
0.000000
0.000000
0.000000
0.000000
0.000000
0.000000
0.000000
0.000000
0.000000
0.000000
0.000000
0.000000
0.000000
0.000000
0.000000
0.000000
0.000000
0.000000
0.000000
0.000000
0.000000
0.000000
0.000000
0.000000
0.000000
0.000000
0.000000
0.000000
0.000000
0.000000
0.000000
0.000000
0.000000
0.000000
0.000000
0.000000
0.000000
0.000000
0.000000
0.000000
0.000000
0.000000
0.000000
0.000000
0.000000
0.000000
0.000000
0.000000
0.000000
0.000000
0.000000
0.000000
0.000000
0.000000
0.000000
0.000000
0.000000
0.000000
0.000000
0.000000
0.000000
0.000000
0.000000
0.000000
0.000000
0.000000
0.000000
0.000000
0.000000
0.000000
0.000000
0.000000
0.000000
0.000000
0.000000
0.000000
0.000000
0.000000
0.000000
0.000000
0.000000
0.000000
0.000000
0.000000
0.000000
0.000000
0.000000
0.000000
0.000000
0.000000
0.000000
0.000000
0.000000
0.000000
0.000000
0.000000
0.000000
0.000000
0.000000
0.000000
0.000000
0.000000
0.000000
0.000000
0.000000
0.000000
0.000000
0.000000
0.000000
0.000000
0.000000
0.000000
0.000000
0.000000
0.000000
0.000000
0.000000
0.000000
0.000000
0.000000
0.000000
0.000000
0.000000
0.000000
0.000000
0.000000
0.000000
0.000000
0.000000
0.000000
0.000000
0.000000
0.000000
0.000000
0.000000
0.000000
0.000000
0.000000
0.000000
0.000000
0.000000
0.000000
0.000000
0.000000
0.000000
0.000000
0.000000
0.000000
0.000000
0.000000
0.000000
0.000000
0.000000
0.000000
0.000000
0.000000
0.000000
0.000000
0.000000
0.000000
0.000000
0.000000
0.000000
0.000000
0.000000
0.000000
0.000000
0.000000
0.000000
0.000000
0.000000
0.000000
0.000000
0.000000
0.000000
0.000000
0.000000
0.000000
0.000000
0.000000
0.000000
0.000000
0.000000
0.000000
0.000000
0.000000
0.000000
0.000000
0.000000
0.000000
0.000000
0.000000
0.000000
0.000000
0.000000
0.000000
0.000000
0.000000
0.000000
0.000000
0.000000
0.000000
0.000000
0.000000
0.000000
0.000000
0.000000
0.000000
0.000000
0.000000
0.000000
0.000000
0.000000
0.000000
0.000000
0.000000
0.000000
0.000000
0.000000
0.000000
0.000000
0.000000
0.000000
0.000000
0.000000
0.000000
0.000000
0.000000
0.000000
0.000000
0.000000
0.000000
0.000000
0.000000
0.000000
0.000000
0.000000
0.000000
0.000000
0.000000
0.000000
0.000000
0.000000
0.000000
0.000000
0.000000
0.000000
0.000000
0.000000
0.000000
0.000000
0.000000
0.000000
0.000000
0.000000
0.000000
0.000000
0.000000
0.000000
0.000000
0.000000
0.000000
0.000000
0.000000
0.000000
0.000000
0.000000
0.000000
0.000000
0.000000
0.000000
0.000000
0.000000
0.000000
0.000000
0.000000
0.000000
0.000000
0.000000
0.000000
0.000000
0.000000
0.000000
0.000000
0.000000
0.000000
0.000000
0.000000
0.000000
0.000000
0.000000
0.000000
0.000000
0.000000
0.000000
0.000000
0.000000
0.000000
0.000000
0.000000
0.000000
0.000000
0.000000
0.000000
0.000000
0.000000
0.000000
0.000000
0.000000
0.000000
0.000000
0.000000
0.000000
0.000000
0.000000
0.000000
0.000000
0.000000
0.000000
0.000000
0.000000
0.000000
0.000000
0.000000
0.000000
0.000000
0.000000
0.000000
0.000000
0.000000
0.000000
0.000000
0.000000
0.000000
0.000000
0.000000
0.000000
0.000000
0.000000
0.000000
0.000000
0.000000
0.000000
0.000000
0.000000
0.000000
0.000000
0.000000
0.000000
0.000000
0.000000
0.000000
0.000000
0.000000
0.000000
0.000000
0.000000
0.000000
0.000000
0.000000
0.000000
0.000000
0.000000
0.000000
0.000000
0.000000
0.000000
0.000000
0.000000
0.000000
0.000000
0.000000
0.000000
0.000000
0.000000
0.000000
0.000000
0.000000
0.000000
0.000000
0.000000
0.000000
0.000000
0.000000
0.000000
0.000000
0.000000
0.000000
0.000000
0.000000
0.000000
0.000000
0.000000
0.000000
0.000000
0.000000
0.000000
0.000000
0.000000
0.000000
0.000000
0.000000
0.000000
0.000000
0.000000
0.000000
0.000000
0.000000
0.000000
0.000000
0.000000
0.000000
0.000000
0.000000
0.000000
0.000000
0.000000
0.000000
0.000000
0.000000
0.000000
0.000000
0.000000
0.000000
0.000000
0.000000
0.000000
0.000000
0.000000
0.000000
0.000000
0.000000
0.000000
0.000000
0.000000
0.000000
0.000000
0.000000
0.000000
0.000000
0.000000
0.000000
0.000000
0.000000
0.000000
0.000000
0.000000
0.000000
0.000000
0.000000
0.000000
0.000000
0.000000
0.000000
0.000000
0.000000
0.000000
0.000000
0.000000
0.000000
0.000000
0.000000
0.000000
0.000000
0.000000
0.000000
0.000000
0.000000
0.000000
0.000000
0.000000
0.000000
0.000000
0.000000
0.000000
0.000000
0.000000
0.000000
0.000000
0.000000
0.000000
0.000000
0.000000
0.000000
0.000000
0.000000
0.000000
0.000000
0.000000
0.000000
0.000000
0.000000
0.000000
0.000000
0.000000
0.000000
0.000000
0.000000
0.000000
0.000000
0.000000
0.000000
0.000000
0.000000
0.000000
0.000000
0.000000
0.000000
0.000000
0.000000
0.000000
0.000000
0.000000
0.000000
0.000000
0.000000
0.000000
0.000000
0.000000
0.000000
0.000000
0.000000
0.000000
0.000000
0.000000
0.000000
0.000000
0.000000
0.000000
0.000000
0.000000
0.000000
0.000000
0.000000
0.000000
0.000000
0.000000
0.000000
0.000000
0.000000
0.000000
0.000000
0.000000
0.000000
0.000000
0.000000
0.000000
0.000000
0.000000
0.000000
0.000000
0.000000
0.000000
0.000000
0.000000
0.000000
0.000000
0.000000
0.000000
0.000000
0.000000
0.000000
0.000000
0.000000
0.000000
0.000000
0.000000
0.000000
0.000000
0.000000
0.000000
0.000000
0.000000
0.000000
0.000000
0.000000
0.000000
0.000000
0.000000
0.000000
0.000000
0.000000
0.000000
0.000000
0.000000
0.000000
0.000000
0.000000
0.000000
0.000000
0.000000
0.000000
0.000000
0.000000
0.000000
0.000000
0.000000
0.000000
0.000000
0.000000
0.000000
0.000000
0.000000
0.000000
0.000000
0.000000
0.000000
0.000000
0.000000
0.000000
0.000000
0.000000
0.000000
0.000000
0.000000
0.000000
0.000000
0.000000
0.000000
0.000000
0.000000
0.000000
0.000000
0.000000
0.000000
0.000000
0.000000
0.000000
0.000000
0.000000
0.000000
0.000000
0.000000
0.000000
0.000000
0.000000
0.000000
0.000000
0.000000
0.000000
0.000000
0.000000
0.000000
0.000000
0.000000
0.000000
0.000000
0.000000
0.000000
0.000000
0.000000
0.000000
0.000000
0.000000
0.000000
0.000000
0.000000
0.000000
0.000000
0.000000
0.000000
0.000000
0.000000
0.000000
0.000000
0.000000
0.000000
0.000000
0.000000
0.000000
0.000000
0.000000
0.000000
0.000000
0.000000
0.000000
0.000000
0.000000
0.000000
0.000000
0.000000
0.000000
0.000000
0.000000
0.000000
0.000000
0.000000
0.000000
0.000000
0.000000
0.000000
0.000000
0.000000
0.000000
0.000000
0.000000
0.000000
0.000000
0.000000
0.000000
0.000000
0.000000
0.000000
0.000000
0.000000
0.000000
0.000000
0.000000
0.000000
0.000000
0.000000
0.000000
0.000000
0.000000
0.000000
0.000000
0.000000
0.000000
0.000000
0.000000
0.000000
0.000000
0.000000
0.000000
0.000000
0.000000
0.000000
0.000000
0.000000
0.000000
0.000000
0.000000
0.000000
0.000000
0.000000
0.000000
0.000000
0.000000
0.000000
0.000000
0.000000
0.000000
0.000000
0.000000
0.000000
0.000000
0.000000
0.000000
0.000000
0.000000
0.000000
0.000000
0.000000
0.000000
0.000000
0.000000
0.000000
0.000000
0.000000
0.000000
0.000000
0.000000
0.000000
0.000000
0.000000
0.000000
0.000000
0.000000
0.000000
0.000000
0.000000
0.000000
0.000000
0.000000
0.000000
0.000000
0.000000
0.000000
0.000000
0.000000
0.000000
0.000000
0.000000
0.000000
0.000000
0.000000
0.000000
0.000000
0.000000
0.000000
0.000000
0.000000
0.000000
0.000000
0.000000
0.000000
0.000000
0.000000
0.000000
0.000000
0.000000
0.000000
0.000000
0.000000
0.000000
0.000000
0.000000
0.000000
0.000000
0.000000
0.000000
0.000000
0.000000
0.000000
0.000000
0.000000
0.000000
0.000000
0.000000
0.000000
0.000000
0.000000
0.000000
0.000000
0.000000
0.000000
0.000000
0.000000
0.000000
0.000000
0.000000
0.000000
0.000000
0.000000
0.000000
0.000000
0.000000
0.000000
0.000000
0.000000
0.000000
0.000000
0.000000
0.000000
0.000000
0.000000
0.000000
0.000000
0.000000
0.000000
0.000000
0.000000
0.000000
0.000000
0.000000
0.000000
0.000000
0.000000
0.000000
0.000000
0.000000
0.000000
0.000000
0.000000
0.000000
0.000000
0.000000
0.000000
0.000000
0.000000
0.000000
0.000000
0.000000
0.000000
0.000000
0.000000
0.000000
0.000000
0.000000
0.000000
0.000000
0.000000
0.000000
0.000000
0.000000
0.000000
0.000000
0.000000
0.000000
0.000000
0.000000
0.000000
0.000000
0.000000
0.000000
0.000000
0.000000
0.000000
0.000000
0.000000
0.000000
0.000000
0.000000
0.000000
0.000000
0.000000
0.000000
0.000000
0.000000
0.000000
0.000000
0.000000
0.000000
0.000000
0.000000
0.000000
0.000000
0.000000
0.000000
0.000000
0.000000
0.000000
0.000000
0.000000
0.000000
0.000000
0.000000
0.000000
0.000000
0.000000
0.000000
0.000000
0.000000
0.000000
0.000000
0.000000
0.000000
0.000000
0.000000
0.000000
0.000000
0.000000
0.000000
0.000000
0.000000
0.000000
0.000000
0.000000
0.000000
0.000000
0.000000
0.000000
0.000000
0.000000
0.000000
0.000000
0.000000
0.000000
0.000000
0.000000
0.000000
0.000000
0.000000
0.000000
0.000000
0.000000
0.000000
0.000000
0.000000
0.000000
0.000000
0.000000
0.000000
0.000000
0.000000
0.000000
0.000000
0.000000
0.000000
0.000000
0.000000
0.000000
0.000000
0.000000
0.000000
0.000000
0.000000
0.000000
0.000000
0.000000
0.000000
0.000000
0.000000
0.000000
0.000000
0.000000
0.000000
0.000000
0.000000
0.000000
0.000000
0.000000
0.000000
0.000000
0.000000
0.000000
0.000000
0.000000
0.000000
0.000000
0.000000
0.000000
0.000000
0.000000
0.000000
0.000000
0.000000
0.000000
0.000000
0.000000
0.000000
0.000000
0.000000
0.000000
0.000000
0.000000
0.000000
0.000000
0.000000
0.000000
0.000000
0.000000
0.000000
0.000000
0.000000
0.000000
0.000000
0.000000
0.000000
0.000000
0.000000
0.000000
0.000000
0.000000
0.000000
0.000000
0.000000
0.000000
0.000000
0.000000
0.000000
0.000000
0.000000
0.000000
0.000000
0.000000
0.000000
0.000000
0.000000
0.000000
0.000000
0.000000
0.000000
0.000000
0.000000
0.000000
0.000000
0.000000
0.000000
0.000000
0.000000
0.000000
0.000000
0.000000
0.000000
0.000000
0.000000
0.000000
0.000000
0.000000
0.000000
0.000000
0.000000
0.000000
0.000000
0.000000
0.000000
0.000000
0.000000
0.000000
0.000000
0.000000
0.000000
0.000000
0.000000
0.000000
0.000000
0.000000
0.000000
0.000000
0.000000
0.000000
0.000000
0.000000
0.000000
0.000000
0.000000
0.000000
0.000000
0.000000
0.000000
0.000000
0.000000
0.000000
0.000000
0.000000
0.000000
0.000000
0.000000
0.000000
0.000000
0.000000
0.000000
0.000000
0.000000
0.000000
0.000000
0.000000
0.000000
0.000000
0.000000
0.000000
0.000000
0.000000
0.000000
0.000000
0.000000
0.000000
0.000000
0.000000
0.000000
0.000000
0.000000
0.000000
0.000000
0.000000
0.000000
0.000000
0.000000
0.000000
0.000000
0.000000
0.000000
0.000000
0.000000
0.000000
0.000000
0.000000
0.000000
0.000000
0.000000
0.000000
0.000000
0.000000
0.000000
0.000000
0.000000
0.000000
0.000000
0.000000
0.000000
0.000000
0.000000
0.000000
0.000000
0.000000
0.000000
0.000000
0.000000
0.000000
0.000000
0.000000
0.000000
0.000000
0.000000
0.000000
0.000000
0.000000
0.000000
0.000000
0.000000
0.000000
0.000000
0.000000
0.000000
0.000000
0.000000
0.000000
0.000000
0.000000
0.000000
0.000000
0.000000
0.000000
0.000000
0.000000
0.000000
0.000000
0.000000
0.000000
0.000000
0.000000
0.000000
0.000000
0.000000
0.000000
0.000000
0.000000
0.000000
0.000000
0.000000
0.000000
0.000000
0.000000
0.000000
0.000000
0.000000
0.000000
0.000000
0.000000
0.000000
0.000000
0.000000
0.000000
0.000000
0.000000
0.000000
0.000000
0.000000
0.000000
0.000000
0.000000
0.000000
0.000000
0.000000
0.000000
0.000000
0.000000
0.000000
0.000000
0.000000
0.000000
0.000000
0.000000
0.000000
0.000000
0.000000
0.000000
0.000000
0.000000
0.000000
0.000000
0.000000
0.000000
0.000000
0.000000
0.000000
0.000000
0.000000
0.000000
0.000000
0.000000
0.000000
0.000000
0.000000
0.000000
0.000000
0.000000
0.000000
0.000000
0.000000
0.000000
0.000000
0.000000
0.000000
0.000000
0.000000
0.000000
0.000000
0.000000
0.000000
0.000000
0.000000
0.000000
0.000000
0.000000
0.000000
0.000000
0.000000
0.000000
0.000000
0.000000
0.000000
0.000000
0.000000
0.000000
0.000000
0.000000
0.000000
0.000000
0.000000
0.000000
0.000000
0.000000
0.000000
0.000000
0.000000
0.000000
0.000000
0.000000
0.000000
0.000000
0.000000
0.000000
0.000000
0.000000
0.000000
0.000000
0.000000
0.000000
0.000000
0.000000
0.000000
0.000000
0.000000
0.000000
0.000000
0.000000
0.000000
0.000000
0.000000
0.000000
0.000000
0.000000
0.000000
0.000000
0.000000
0.000000
0.000000
0.000000
0.000000
0.000000
0.000000
0.000000
0.000000
0.000000
0.000000
0.000000
0.000000
0.000000
0.000000
0.000000
0.000000
0.000000
0.000000
0.000000
0.000000
0.000000
0.000000
0.000000
0.000000
0.000000
0.000000
0.000000
0.000000
0.000000
0.000000
0.000000
0.000000
0.000000
0.000000
0.000000
0.000000
0.000000
0.000000
0.000000
0.000000
0.000000
0.000000
0.000000
0.000000
0.000000
0.000000
0.000000
0.000000
0.000000
0.000000
0.000000
0.000000
0.000000
0.000000
0.000000
0.000000
0.000000
0.000000
0.000000
0.000000
0.000000
0.000000
0.000000
0.000000
0.000000
0.000000
0.000000
0.000000
0.000000
0.000000
0.000000
0.000000
0.000000
0.000000
0.000000
0.000000
0.000000
0.000000
0.000000
0.000000
0.000000
0.000000
0.000000
0.000000
0.000000
0.000000
0.000000
0.000000
0.000000
0.000000
0.000000
0.000000
0.000000
0.000000
0.000000
0.000000
0.000000
0.000000
0.000000
0.000000
0.000000
0.000000
0.000000
0.000000
0.000000
0.000000
0.000000
0.000000
0.000000
0.000000
0.000000
0.000000
0.000000
0.000000
0.000000
0.000000
0.000000
0.000000
0.000000
0.000000
0.000000
0.000000
0.000000
0.000000
0.000000
0.000000
0.000000
0.000000
0.000000
0.000000
0.000000
0.000000
0.000000
0.000000
0.000000
0.000000
0.000000
0.000000
0.000000
0.000000
0.000000
0.000000
0.000000
0.000000
0.000000
0.000000
0.000000
0.000000
0.000000
0.000000
0.000000
0.000000
0.000000
0.000000
0.000000
0.000000
0.000000
0.000000
0.000000
0.000000
0.000000
0.000000
0.000000
0.000000
0.000000
0.000000
0.000000
0.000000
0.000000
0.000000
0.000000
0.000000
0.000000
0.000000
0.000000
0.000000
0.000000
0.000000
0.000000
0.000000
0.000000
0.000000
0.000000
0.000000
0.000000
0.000000
0.000000
0.000000
0.000000
0.000000
0.000000
0.000000
0.000000
0.000000
0.000000
0.000000
0.000000
0.000000
0.000000
0.000000
0.000000
0.000000
0.000000
0.000000
0.000000
0.000000
0.000000
0.000000
0.000000
0.000000
0.000000
0.000000
0.000000
0.000000
0.000000
0.000000
0.000000
0.000000
0.000000
0.000000
0.000000
0.000000
0.000000
0.000000
0.000000
0.000000
0.000000
0.000000
0.000000
0.000000
0.000000
0.000000
0.000000
0.000000
0.000000
0.000000
0.000000
0.000000
0.000000
0.000000
0.000000
0.000000
0.000000
0.000000
0.000000
0.000000
0.000000
0.000000
0.000000
0.000000
0.000000
0.000000
0.000000
0.000000
0.000000
0.000000
0.000000
0.000000
0.000000
0.000000
0.000000
0.000000
0.000000
0.000000
0.000000
0.000000
0.000000
0.000000
0.000000
0.000000
0.000000
0.000000
0.000000
0.000000
0.000000
0.000000
0.000000
0.000000
0.000000
0.000000
0.000000
0.000000
0.000000
0.000000
0.000000
0.000000
0.000000
0.000000
0.000000
0.000000
0.000000
0.000000
0.000000
0.000000
0.000000
0.000000
0.000000
0.000000
0.000000
0.000000
0.000000
0.000000
0.000000
0.000000
0.000000
0.000000
0.000000
0.000000
0.000000
0.000000
0.000000
0.000000
0.000000
0.000000
0.000000
0.000000
0.000000
0.000000
0.000000
0.000000
0.000000
0.000000
0.000000
0.000000
0.000000
0.000000
0.000000
0.000000
0.000000
0.000000
0.000000
0.000000
0.000000
0.000000
0.000000
0.000000
0.000000
0.000000
0.000000
0.000000
0.000000
0.000000
0.000000
0.000000
0.000000
0.000000
0.000000
0.000000
0.000000
0.000000
0.000000
0.000000
0.000000
0.000000
0.000000
0.000000
0.000000
0.000000
0.000000
0.000000
0.000000
0.000000
0.000000
0.000000
0.000000
0.000000
0.000000
0.000000
0.000000
0.000000
0.000000
0.000000
0.000000
0.000000
0.000000
0.000000
0.000000
0.000000
0.000000
0.000000
0.000000
0.000000
0.000000
0.000000
0.000000
0.000000
0.000000
0.000000
0.000000
0.000000
0.000000
0.000000
0.000000
0.000000
0.000000
0.000000
0.000000
0.000000
0.000000
0.000000
0.000000
0.000000
0.000000
0.000000
0.000000
0.000000
0.000000
0.000000
0.000000
0.000000
0.000000
0.000000
0.000000
0.000000
0.000000
0.000000
0.000000
0.000000
0.000000
0.000000
0.000000
0.000000
0.000000
0.000000
0.000000
0.000000
0.000000
0.000000
0.000000
0.000000
0.000000
0.000000
0.000000
0.000000
0.000000
0.000000
0.000000
0.000000
0.000000
0.000000
0.000000
0.000000
0.000000
0.000000
0.000000
0.000000
0.000000
0.000000
0.000000
0.000000
0.000000
0.000000
0.000000
0.000000
0.000000
0.000000
0.000000
0.000000
0.000000
0.000000
0.000000
0.000000
0.000000
0.000000
0.000000
0.000000
0.000000
0.000000
0.000000
0.000000
0.000000
0.000000
0.000000
0.000000
0.000000
0.000000
0.000000
0.000000
0.000000
0.000000
0.000000
0.000000
0.000000
0.000000
0.000000
0.000000
0.000000
0.000000
0.000000
0.000000
0.000000
0.000000
0.000000
0.000000
0.000000
0.000000
0.000000
0.000000
0.000000
0.000000
0.000000
0.000000
0.000000
0.000000
0.000000
0.000000
0.000000
0.000000
0.000000
0.000000
0.000000
0.000000
0.000000
0.000000
0.000000
0.000000
0.000000
0.000000
0.000000
0.000000
0.000000
0.000000
0.000000
0.000000
0.000000
0.000000
0.000000
0.000000
0.000000
0.000000
0.000000
0.000000
0.000000
0.000000
0.000000
0.000000
0.000000
0.000000
0.000000
0.000000
0.000000
0.000000
0.000000
0.000000
0.000000
0.000000
0.000000
0.000000
0.000000
0.000000
0.000000
0.000000
0.000000
0.000000
0.000000
0.000000
0.000000
0.000000
0.000000
0.000000
0.000000
0.000000
0.000000
0.000000
0.000000
0.000000
0.000000
0.000000
0.000000
0.000000
0.000000
0.000000
0.000000
0.000000
0.000000
0.000000
0.000000
0.000000
0.000000
0.000000
0.000000
0.000000
0.000000
0.000000
0.000000
0.000000
0.000000
0.000000
0.000000
0.000000
0.000000
0.000000
0.000000
0.000000
0.000000
0.000000
0.000000
0.000000
0.000000
0.000000
0.000000
0.000000
0.000000
0.000000
0.000000
0.000000
0.000000
0.000000
0.000000
0.000000
0.000000
0.000000
0.000000
0.000000
0.000000
0.000000
0.000000
0.000000
0.000000
0.000000
0.000000
0.000000
0.000000
0.000000
0.000000
0.000000
0.000000
0.000000
0.000000
0.000000
0.000000
0.000000
0.000000
0.000000
0.000000
0.000000
0.000000
0.000000
0.000000
0.000000
0.000000
0.000000
0.000000
0.000000
0.000000
0.000000
0.000000
0.000000
0.000000
0.000000
0.000000
0.000000
0.000000
0.000000
0.000000
0.000000
0.000000
0.000000
0.000000
0.000000
0.000000
0.000000
0.000000
0.000000
0.000000
0.000000
0.000000
0.000000
0.000000
0.000000
0.000000
0.000000
0.000000
0.000000
0.000000
0.000000
0.000000
0.000000
0.000000
0.000000
0.000000
0.000000
0.000000
0.000000
0.000000
0.000000
0.000000
0.000000
0.000000
0.000000
0.000000
0.000000
0.000000
0.000000
0.000000
0.000000
0.000000
0.000000
0.000000
0.000000
0.000000
0.000000
0.000000
0.000000
0.000000
0.000000
0.000000
0.000000
0.000000
0.000000
0.000000
0.000000
0.000000
0.000000
0.000000
0.000000
0.000000
0.000000
0.000000
0.000000
0.000000
0.000000
0.000000
0.000000
0.000000
0.000000
0.000000
0.000000
0.000000
0.000000
0.000000
0.000000
0.000000
0.000000
0.000000
0.000000
0.000000
0.000000
0.000000
0.000000
0.000000
0.000000
0.000000
0.000000
0.000000
0.000000
0.000000
0.000000
0.000000
0.000000
0.000000
0.000000
0.000000
0.000000
0.000000
0.000000
0.000000
0.000000
0.000000
0.000000
0.000000
0.000000
0.000000
0.000000
0.000000
0.000000
0.000000
0.000000
0.000000
0.000000
0.000000
0.000000
0.000000
0.000000
0.000000
0.000000
0.000000
0.000000
0.000000
0.000000
0.000000
0.000000
0.000000
0.000000
0.000000
0.000000
0.000000
0.000000
0.000000
0.000000
0.000000
0.000000
0.000000
0.000000
0.000000
0.000000
0.000000
0.000000
0.000000
0.000000
0.000000
0.000000
0.000000
0.000000
0.000000
0.000000
0.000000
0.000000
0.000000
0.000000
0.000000
0.000000
0.000000
0.000000
0.000000
0.000000
0.000000
0.000000
0.000000
0.000000
0.000000
0.000000
0.000000
0.000000
0.000000
0.000000
0.000000
0.000000
0.000000
0.000000
0.000000
0.000000
0.000000
0.000000
0.000000
0.000000
0.000000
0.000000
0.000000
0.000000
0.000000
0.000000
0.000000
0.000000
0.000000
0.000000
0.000000
0.000000
0.000000
0.000000
0.000000
0.000000
0.000000
0.000000
0.000000
0.000000
0.000000
0.000000
0.000000
0.000000
0.000000
0.000000
0.000000
0.000000
0.000000
0.000000
0.000000
0.000000
0.000000
0.000000
0.000000
0.000000
0.000000
0.000000
0.000000
0.000000
0.000000
0.000000
0.000000
0.000000
0.000000
0.000000
0.000000
0.000000
0.000000
0.000000
0.000000
0.000000
0.000000
0.000000
0.000000
0.000000
0.000000
0.000000
0.000000
0.000000
0.000000
0.000000
0.000000
0.000000
0.000000
0.000000
0.000000
0.000000
0.000000
0.000000
0.000000
0.000000
0.000000
0.000000
0.000000
0.000000
0.000000
0.000000
0.000000
0.000000
0.000000
0.000000
0.000000
0.000000
0.000000
0.000000
0.000000
0.000000
0.000000
0.000000
0.000000
0.000000
0.000000
0.000000
0.000000
0.000000
0.000000
0.000000
0.000000
0.000000
0.000000
0.000000
0.000000
0.000000
0.000000
0.000000
0.000000
0.000000
0.000000
0.000000
0.000000
0.000000
0.000000
0.000000
0.000000
0.000000
0.000000
0.000000
0.000000
0.000000
0.000000
0.000000
0.000000
0.000000
0.000000
0.000000
0.000000
0.000000
0.000000
0.000000
0.000000
0.000000
0.000000
0.000000
0.000000
0.000000
0.000000
0.000000
0.000000
0.000000
0.000000
0.000000
0.000000
0.000000
0.000000
0.000000
0.000000
0.000000
0.000000
0.000000
0.000000
0.000000
0.000000
0.000000
0.000000
0.000000
0.000000
0.000000
0.000000
0.000000
0.000000
0.000000
0.000000
0.000000
0.000000
0.000000
0.000000
0.000000
0.000000
0.000000
0.000000
0.000000
0.000000
0.000000
0.000000
0.000000
0.000000
0.000000
0.000000
0.000000
0.000000
0.000000
0.000000
0.000000
0.000000
0.000000
0.000000
0.000000
0.000000
0.000000
0.000000
0.000000
0.000000
0.000000
0.000000
0.000000
0.000000
0.000000
0.000000
0.000000
0.000000
0.000000
0.000000
0.000000
0.000000
0.000000
0.000000
0.000000
0.000000
0.000000
0.000000
0.000000
0.000000
0.000000
0.000000
0.000000
0.000000
0.000000
0.000000
0.000000
0.000000
0.000000
0.000000
0.000000
0.000000
0.000000
0.000000
0.000000
0.000000
0.000000
0.000000
0.000000
0.000000
0.000000
0.000000
0.000000
0.000000
0.000000
0.000000
0.000000
0.000000
0.000000
0.000000
0.000000
0.000000
0.000000
0.000000
0.000000
0.000000
0.000000
0.000000
0.000000
0.000000
0.000000
0.000000
0.000000
0.000000
0.000000
0.000000
0.000000
0.000000
0.000000
0.000000
0.000000
0.000000
0.000000
0.000000
0.000000
0.000000
0.000000
0.000000
0.000000
0.000000
0.000000
0.000000
0.000000
0.000000
0.000000
0.000000
0.000000
0.000000
0.000000
0.000000
0.000000
0.000000
0.000000
0.000000
0.000000
0.000000
0.000000
0.000000
0.000000
0.000000
0.000000
0.000000
0.000000
0.000000
0.000000
0.000000
0.000000
0.000000
0.000000
0.000000
0.000000
0.000000
0.000000
0.000000
0.000000
0.000000
0.000000
0.000000
0.000000
0.000000
0.000000
0.000000
0.000000
0.000000
0.000000
0.000000
0.000000
0.000000
0.000000
0.000000
0.000000
0.000000
0.000000
0.000000
0.000000
0.000000
0.000000
0.000000
0.000000
0.000000
0.000000
0.000000
0.000000
0.000000
0.000000
0.000000
0.000000
0.000000
0.000000
0.000000
0.000000
0.000000
0.000000
0.000000
0.000000
0.000000
0.000000
0.000000
0.000000
0.000000
0.000000
0.000000
0.000000
0.000000
0.000000
0.000000
0.000000
0.000000
0.000000
0.000000
0.000000
0.000000
0.000000
0.000000
0.000000
0.000000
0.000000
0.000000
0.000000
0.000000
0.000000
0.000000
0.000000
0.000000
0.000000
0.000000
0.000000
0.000000
0.000000
0.000000
0.000000
0.000000
0.000000
0.000000
0.000000
0.000000
0.000000
0.000000
0.000000
0.000000
0.000000
0.000000
0.000000
0.000000
0.000000
0.000000
0.000000
0.000000
0.000000
0.000000
0.000000
0.000000
0.000000
0.000000
0.000000
0.000000
0.000000
0.000000
0.000000
0.000000
0.000000
0.000000
0.000000
0.000000
0.000000
0.000000
0.000000
0.000000
0.000000
0.000000
0.000000
0.000000
0.000000
0.000000
0.000000
0.000000
0.000000
0.000000
0.000000
0.000000
0.000000
0.000000
0.000000
0.000000
0.000000
0.000000
0.000000
0.000000
0.000000
0.000000
0.000000
0.000000
0.000000
0.000000
0.000000
0.000000
0.000000
0.000000
0.000000
0.000000
0.000000
0.000000
0.000000
0.000000
0.000000
0.000000
0.000000
0.000000
0.000000
0.000000
0.000000
0.000000
0.000000
0.000000
0.000000
0.000000
0.000000
0.000000
