2181.322510
1164.625732
3167.702393
3556.534668
2167.480225
5000.000000
4765.948730
2165.866455
5000.000000
1214.948242
1200.861816
5000.000000
998.189270
1312.088013
5000.000000
1246.901001
1118.151245
2280.297852
1414.100586
735.650024
1526.249512
2535.570068
2241.730957
4021.512695
1584.628174
5000.000000
1151.117310
1226.100708
4189.275391
5000.000000
5000.000000
5000.000000
5000.000000
5000.000000
4041.763184
2610.938477
2266.092041
5000.000000
5000.000000
3448.450195
1789.688965
1412.623779
5000.000000
2877.447754
3977.512695
5000.000000
1439.163696
2490.419678
4022.045410
5000.000000
3375.511719
2807.683594
2829.908203
1220.359497
620.943115
328.499695
163.311417
150.768555
137.112213
110.721146
96.355560
94.746689
97.056465
98.834183
106.020584
104.530945
120.893005
141.751495
165.525864
208.095581
286.021881
443.230377
536.315796
566.584778
703.305115
1029.051025
1161.475708
1377.515137
1681.374634
1366.911377
965.787354
1073.316895
1184.416992
2671.379150
3002.314941
5000.000000
5000.000000
5000.000000
5000.000000
1794.502563
1169.985352
1115.602661
4933.649414
3767.102783
5000.000000
5000.000000
2291.547363
941.478882
487.152008
450.035065
758.274719
1435.826538
1892.357422
1252.058594
901.396179
699.983521
675.637268
610.637268
684.922485
798.269226
877.401123
885.886292
891.578674
981.899414
702.722717
623.953918
587.198608
555.819580
607.718079
729.122192
711.493835
579.233521
505.621185
545.527161
579.367798
568.906372
615.439819
596.100525
572.346680
640.253601
645.253479
693.771606
720.281128
687.363037
608.369141
556.563904
414.377014
290.663269
386.736023
738.371582
2749.099609
2046.566650
1259.540527
736.968262
438.910645
375.481995
283.110626
242.023880
270.946045
260.585175
258.117523
241.108521
252.940369
236.670654
217.432358
246.592697
225.110428
258.523773
230.600540
225.572662
196.376801
168.264587
162.588593
148.295135
190.298599
264.769684
263.658478
267.626068
220.903061
216.970200
176.563568
170.661514
183.746124
196.270493
260.720673
267.224213
283.822632
214.269974
181.802643
170.638077
159.422180
163.005447
183.781281
190.436752
225.781204
222.019257
234.355881
203.320679
198.160522
160.717865
155.809219
144.459839
148.553391
171.284454
213.138107
245.987793
265.476654
234.613434
207.403748
191.840424
176.756027
182.752029
179.066483
165.354889
181.865570
221.617691
217.881104
205.904907
189.620331
174.496490
177.100433
178.611938
189.022339
264.411224
351.608978
335.744110
240.583221
202.139191
169.223221
149.938843
150.450195
171.976288
197.302612
206.898468
218.057220
319.756378
619.083740
5000.000000
773.356079
519.265686
283.907623
198.894760
150.568985
121.119705
108.397804
100.855957
99.745506
110.001259
90.275490
119.977135
168.230652
243.265976
315.571930
379.504059
861.259644
5000.000000
1128.938599
510.063934
474.002686
448.600739
467.077148
476.185120
453.510620
430.877625
350.968781
258.960266
229.427719
302.739532
344.110535
396.843872
419.126312
411.250458
426.432068
465.509033
672.750732
827.548035
995.898987
3738.263672
3743.685303
5000.000000
1409.011841
990.541260
1280.765503
3301.120850
3690.786377
1897.696167
3697.193359
5000.000000
5000.000000
5000.000000
5000.000000
5000.000000
3519.638916
1486.972656
1265.128296
2039.675171
5000.000000
1536.442261
1717.198486
5000.000000
5000.000000
5000.000000
5000.000000
5000.000000
5000.000000
5000.000000
4263.209961
3689.518799
5000.000000
5000.000000
3747.130859
4699.541016
5000.000000
1478.988525
999.957336
2162.466797
2573.482422
1166.338623
1603.136353
5000.000000
5000.000000
2675.409180
1883.335083
1637.728760
3878.351074
3837.656738
2148.619629
2283.470947
3164.750488
5000.000000
5000.000000
5000.000000
4117.870605
2422.249023
2330.395996
5000.000000
1708.205078
2119.356934
5000.000000
3022.410645
4225.070801
5000.000000
5000.000000
5000.000000
2709.529053
3647.444336
5000.000000
5000.000000
5000.000000
4704.436035
5000.000000
5000.000000
5000.000000
5000.000000
5000.000000
5000.000000
5000.000000
5000.000000
5000.000000
5000.000000
1834.182007
1136.675903
877.913574
1562.702759
5000.000000
1221.302124
1139.279907
2501.872070
2288.755859
1297.582153
1459.566772
5000.000000
1688.260254
1123.727295
1857.944702
5000.000000
1934.010132
2121.223877
5000.000000
5000.000000
3902.950439
3542.886719
4821.782227
5000.000000
5000.000000
5000.000000
3075.409912
2413.115234
4416.681641
5000.000000
5000.000000
5000.000000
1464.477051
1149.676270
1363.897827
5000.000000
1560.653198
2203.056885
5000.000000
4009.924561
4596.542969
5000.000000
5000.000000
3957.316895
2727.614746
4234.261230
4914.037109
1810.082397
1443.174683
2288.157227
5000.000000
1812.200439
1109.771240
1139.885254
4455.703613
1690.348267
846.770264
1300.357300
5000.000000
3493.611572
5000.000000
3969.123291
2919.925049
2839.335693
2299.263672
2537.313721
5000.000000
2294.364014
2602.057129
5000.000000
5000.000000
4885.154297
1700.414062
1847.347900
5000.000000
2655.468750
1974.255005
3005.511230
5000.000000
5000.000000
5000.000000
5000.000000
5000.000000
5000.000000
4769.577148
5000.000000
5000.000000
3640.543457
5000.000000
2586.640869
2529.705811
5000.000000
2467.650146
5000.000000
3789.278564
1766.639526
2088.381836
5000.000000
5000.000000
5000.000000
5000.000000
5000.000000
5000.000000
5000.000000
3509.200439
4106.240723
5000.000000
1912.778076
1417.454346
2297.520508
5000.000000
3665.030518
1635.143066
2733.921143
3923.085938
4377.300293
5000.000000
1840.285156
1714.301880
2789.369629
5000.000000
1906.763062
1270.860718
1128.659424
5000.000000
1902.039307
1846.379028
5000.000000
2800.024414
5000.000000
5000.000000
2823.039062
2202.472656
1966.322754
5000.000000
1962.996338
1301.405396
2622.984619
5000.000000
5000.000000
2411.217529
706.740967
378.262726
242.504150
183.032806
149.038696
127.589043
103.471191
104.395775
100.104820
106.941452
106.882721
117.204308
134.115738
137.636444
145.364822
124.047005
108.746201
95.980095
83.312592
74.324310
72.824715
73.609505
64.303970
66.884010
76.891945
78.217613
97.270378
117.538750
244.356049
1049.769531
497.322601
232.637238
157.036850
132.467880
124.158081
129.640213
123.812645
123.055290
123.663284
130.092987
128.637238
157.521469
200.388824
285.114624
435.185730
1195.762817
977.766052
339.683228
313.957123
201.343933
133.057968
121.821457
103.092125
97.916405
93.048981
94.385048
94.690170
95.483284
95.779541
102.484695
104.792908
104.708519
106.719086
114.913040
147.255386
183.855042
228.715958
371.217468
1129.092896
2096.425293
748.432129
637.935486
598.846985
417.275879
305.885803
265.730286
238.117462
204.424576
192.065292
234.187149
272.352570
347.470520
434.089600
470.330200
601.389404
853.642578
1211.770508
1620.079590
1157.990967
743.036438
563.420288
457.011078
441.552216
487.524628
574.026245
685.919250
849.059753
945.254761
930.074646
798.530762
652.511047
740.925476
885.857910
680.691528
571.499939
685.571533
710.161438
763.135864
754.600037
634.650085
455.014313
385.943695
497.049286
546.621765
533.629944
478.485809
670.185913
924.178406
1159.256958
1925.028198
1749.699951
1207.116089
737.109863
417.825165
467.375641
746.232300
930.374634
733.340637
731.492249
452.624908
372.963745
364.232147
422.007507
618.041504
930.940063
1087.450439
662.237427
426.250824
312.177765
397.675446
506.791077
576.715027
508.109711
483.737305
526.184814
696.844421
1017.109436
1661.289185
1772.101807
1006.950806
572.060364
383.064697
393.158051
478.647003
569.792358
719.957520
936.363098
940.380737
1009.217224
956.510193
804.020630
620.360107
486.140656
423.976593
536.272949
697.946594
786.205627
792.820740
866.345886
908.101868
780.125793
627.710449
488.285675
502.526520
517.996887
690.305420
1106.953979
2262.037598
3860.190674
2722.624756
1490.504028
1213.040771
1422.996094
1729.378540
2356.203857
4259.328125
5000.000000
2578.660156
1649.821655
1707.025391
3392.197021
2600.557861
1047.595703
1269.730713
3127.133301
5000.000000
5000.000000
3599.555664
2565.610840
3229.626709
5000.000000
5000.000000
1799.123291
2120.273193
5000.000000
5000.000000
5000.000000
5000.000000
5000.000000
5000.000000
5000.000000
5000.000000
4629.474121
4993.748535
5000.000000
5000.000000
4359.064941
2007.110107
742.912415
406.970123
280.121887
209.287018
185.632446
194.778992
212.411865
190.118240
204.312103
189.877319
177.458664
172.033966
162.543747
147.264221
135.574554
130.140945
128.734726
135.560257
135.961121
151.855392
167.316101
167.130310
173.359802
176.343094
150.296402
129.666443
111.563110
107.143036
121.938858
108.734215
141.921768
188.027466
187.856583
208.740005
206.688873
174.024384
160.170395
133.269226
124.058487
121.657417
155.593582
176.955093
126.431465
233.128525
418.270142
705.403748
759.488525
649.242004
689.133545
878.329224
1230.158325
1662.675171
1863.235718
2590.702637
3167.130371
3292.383545
3023.541016
1747.853638
1079.793823
751.504272
637.859009
679.314026
963.855347
1722.162720
5000.000000
2364.534180
1134.294800
982.689209
3502.279785
3949.643799
3891.827637
3481.828125
2806.654541
1610.194946
1708.397827
2891.678467
5000.000000
5000.000000
3696.225830
3855.020752
5000.000000
5000.000000
5000.000000
5000.000000
5000.000000
5000.000000
5000.000000
3829.927979
1859.440796
1867.439087
1729.530273
1208.580688
756.703125
513.500854
316.412964
224.547379
181.232224
151.371094
123.116547
106.777946
105.056679
105.858711
99.469315
103.701485
108.631599
119.096779
126.506828
115.826637
137.143539
120.587784
106.386826
92.031799
76.334435
69.401520
61.300285
57.012486
54.508980
66.438469
69.400131
79.587166
104.439590
199.276215
341.387878
795.409607
2564.376221
2828.502930
1127.056763
1209.459229
1449.682983
1351.066895
5000.000000
5000.000000
5000.000000
5000.000000
5000.000000
3998.580566
1822.921509
919.557556
983.696838
1077.226074
2272.781494
3792.950684
1262.274536
2236.235840
3444.266357
1397.691284
1032.298584
1048.284668
971.099365
1302.882568
4306.655273
4045.783936
1246.616699
1816.279419
5000.000000
1576.392334
1453.213135
1615.853027
1977.576782
3763.560303
5000.000000
2547.738037
1525.281616
1632.238770
3968.512451
5000.000000
4666.244141
2932.854736
2421.243408
4896.549316
3592.210938
859.932678
423.743622
282.804169
231.030563
172.830170
148.058411
125.124092
111.235054
102.530823
99.110046
95.932808
93.711220
94.263489
97.515137
99.605621
99.903000
98.371407
99.411644
98.252426
99.661949
88.419456
76.437462
73.446701
75.143013
80.669350
77.326698
82.880295
104.672806
140.032288
175.446426
216.632660
320.240692
571.320435
1601.977539
5000.000000
2480.542725
5000.000000
1895.351074
1225.562988
1075.260986
1257.609985
1872.908203
2622.254395
4023.297363
5000.000000
3593.517578
2008.461060
1389.645752
925.875000
737.478821
888.540222
2124.429199
5000.000000
5000.000000
4823.685059
5000.000000
5000.000000
5000.000000
2837.892578
2447.468994
5000.000000
5000.000000
4728.351562
5000.000000
5000.000000
5000.000000
5000.000000
5000.000000
5000.000000
5000.000000
3315.299316
4426.601562
5000.000000
5000.000000
5000.000000
5000.000000
5000.000000
3541.112305
5000.000000
5000.000000
4245.313965
5000.000000
5000.000000
5000.000000
5000.000000
5000.000000
5000.000000
4211.629883
4860.250000
5000.000000
3335.997070
1768.629639
1552.574951
1007.438843
598.079041
393.084137
266.574280
216.320572
174.424118
140.844116
112.915970
100.742851
92.316322
89.335320
92.029999
103.395523
104.777153
108.897255
114.390953
117.440300
108.597694
104.658455
98.946022
91.308708
79.481071
74.378235
77.899658
81.287193
78.610390
90.058029
93.662117
108.569542
108.830475
113.449181
125.620239
128.158081
139.318481
130.961456
152.774445
228.760910
447.025177
1240.750610
1496.809692
396.159180
240.609909
183.481689
149.304123
142.900742
117.912315
102.077492
97.518906
86.027046
93.579750
97.260612
101.859947
109.608612
117.754417
112.528069
106.310585
93.960701
90.471573
85.813385
82.138596
90.398499
83.564293
87.511742
106.856560
167.552078
430.540009
2175.071777
333.763855
195.574005
140.205261
123.532967
107.148598
101.492828
103.911835
117.197578
125.364799
114.780090
107.116959
111.848618
111.523979
105.356392
101.497047
99.885361
91.847038
84.479065
87.045151
92.303780
92.977402
101.728790
94.841248
104.337456
91.917892
88.014748
87.341637
96.133736
90.029877
99.756653
100.097931
122.235542
144.909561
156.659805
228.654343
267.715820
393.683411
618.467041
786.508545
975.924561
1262.127808
1202.857056
1022.753235
1036.124390
1029.958008
1147.779663
1029.599731
976.414368
1088.800049
976.715393
1023.058533
1265.171265
2299.276123
5000.000000
5000.000000
5000.000000
2669.468262
2158.129639
5000.000000
2547.487549
5000.000000
3426.670166
4233.087402
5000.000000
5000.000000
5000.000000
5000.000000
5000.000000
5000.000000
5000.000000
4450.801270
3667.896484
5000.000000
5000.000000
5000.000000
5000.000000
5000.000000
5000.000000
5000.000000
5000.000000
5000.000000
5000.000000
5000.000000
5000.000000
5000.000000
5000.000000
5000.000000
5000.000000
4618.828613
2316.851562
3886.408203
5000.000000
4024.281006
5000.000000
5000.000000
5000.000000
5000.000000
5000.000000
5000.000000
5000.000000
4503.187988
5000.000000
5000.000000
5000.000000
5000.000000
5000.000000
5000.000000
5000.000000
5000.000000
5000.000000
5000.000000
5000.000000
2765.401855
2342.127930
2427.366211
5000.000000
1798.842773
1036.954956
1779.631958
2817.805420
5000.000000
4367.098145
2322.927246
1684.496826
1252.468140
1274.845947
2782.700684
3314.688477
1015.756287
1175.235840
2387.830811
3112.193359
2336.068115
1591.558716
1568.099609
5000.000000
1156.841064
751.726074
1010.407837
3087.314453
5000.000000
5000.000000
4135.666504
3211.137939
2605.689209
4074.474365
5000.000000
2641.694580
1284.129883
2109.138428
5000.000000
4815.913086
3820.996338
3311.497803
5000.000000
5000.000000
1835.321533
1677.834229
1670.411865
3724.926025
5000.000000
5000.000000
5000.000000
2753.416992
1656.603638
1536.999512
1808.610107
5000.000000
2496.441895
2388.518799
5000.000000
5000.000000
5000.000000
1248.670166
552.940002
342.617920
246.018448
180.486084
146.618744
97.047623
118.692955
110.792351
113.328949
108.383774
111.436325
119.285583
126.468307
135.531052
149.850754
160.621094
188.656479
193.929230
242.329025
353.002899
429.121063
461.162781
439.909607
435.353424
320.337646
250.619476
187.663528
146.199097
138.620667
119.178772
102.227356
88.304619
80.040573
83.262665
78.197830
81.939964
87.090294
89.204544
103.272545
88.697403
76.390709
110.072723
125.248550
102.397881
148.862030
294.604767
1047.823853
1615.544067
478.437805
293.256409
235.579590
211.641708
169.452728
139.200760
121.109459
103.119034
92.600449
97.239899
99.525467
111.820190
120.105820
123.223015
120.929375
107.101120
94.626389
78.934944
73.579330
72.080811
82.455528
87.050102
92.490494
100.934654
101.454941
104.011330
94.150536
85.919518
78.246796
80.725929
88.931854
84.125565
99.151711
101.684227
103.914101
109.052528
118.590111
110.351311
127.950523
167.487488
224.266144
399.571472
1839.255127
761.952271
334.187775
192.863327
130.742279
106.911140
89.998940
83.183426
92.516182
95.600449
105.816277
117.068611
119.505447
125.766922
128.648056
137.909348
154.243286
124.751846
116.751266
91.561760
89.966484
84.928459
87.775719
76.396194
83.233459
85.982162
95.873436
93.183830
94.056969
95.801529
105.783203
100.417030
101.702942
108.585548
108.006882
99.118179
93.830338
76.383041
80.965599
90.610672
108.381615
148.374130
276.386169
2779.046875
402.240601
197.583328
122.566002
91.286888
73.601593
69.295433
85.001076
93.520317
104.325401
114.358047
128.187653
144.677505
153.913666
119.957123
124.882423
121.737083
109.266243
110.943581
129.875839
145.419632
155.161911
234.918533
392.144897
430.658508
852.947632
1775.921265
1294.027832
538.869507
289.047150
193.526718
151.750198
129.133881
101.915733
97.580658
87.967079
84.589409
80.601112
80.391243
85.113289
91.031677
117.300148
120.333443
94.854408
98.084282
116.120232
96.710793
106.250015
113.227165
153.884628
242.225433
892.908630
620.740479
250.314697
160.703720
115.201187
93.269806
88.932816
74.947433
119.034454
311.691040
2616.648193
861.813843
277.427032
159.564178
127.437187
114.347664
102.290070
93.135201
81.213730
80.261070
81.493103
113.418922
196.268295
367.184326
1040.341919
1235.160522
474.706085
342.954529
248.943970
156.815308
137.738419
135.408752
186.440948
168.651001
167.451035
223.081177
309.697998
293.020935
531.482178
5000.000000
670.342957
273.727722
156.004959
119.612114
79.092079
75.188873
78.732872
85.688751
79.873131
82.636696
92.849564
97.295845
108.460579
115.260101
120.950516
130.927063
128.263412
123.444916
154.070343
210.777100
247.846115
312.691101
593.308716
4880.583496
474.565887
289.952850
197.735779
145.673813
119.159882
113.004776
108.578758
110.278496
135.872040
229.615463
385.012634
577.509277
985.028931
2669.379639
5000.000000
5000.000000
2424.319092
1755.344360
1719.633545
1298.345093
1239.655884
1063.244629
921.416992
1315.129761
2903.671631
5000.000000
5000.000000
5000.000000
5000.000000
5000.000000
5000.000000
5000.000000
5000.000000
5000.000000
5000.000000
4552.686523
5000.000000
5000.000000
4471.764648
5000.000000
5000.000000
5000.000000
1555.472168
729.503540
529.124573
308.265137
211.181458
157.249161
138.859818
126.351562
95.835533
104.672020
101.255043
97.315727
101.356697
95.301216
109.746964
158.302368
276.257050
611.250183
4762.068848
530.199829
296.254089
218.047607
139.121643
126.138329
110.522385
114.149208
113.436409
112.034859
102.265457
104.398186
99.595596
93.284645
98.196991
100.080788
99.458908
97.347511
95.353905
85.021820
102.626122
99.802971
88.882721
101.730568
109.216225
97.373085
117.564835
162.707367
228.382446
296.863708
373.842560
534.349121
690.047241
832.943604
1001.308350
1053.859741
1006.975769
987.816284
995.943970
1020.435852
1303.535645
3569.269775
3607.844971
1971.244873
5000.000000
2728.041504
1873.566406
1440.409302
1393.896851
1978.612427
4137.132324
5000.000000
2894.642822
5000.000000
3801.421387
3605.299316
4814.731445
3481.229248
3327.476562
3015.067383
2437.419434
3019.977783
5000.000000
1824.154541
1199.059937
2226.563721
5000.000000
5000.000000
2753.996582
1340.903809
1364.109619
3093.023438
2563.065918
1953.942017
5000.000000
5000.000000
5000.000000
5000.000000
5000.000000
5000.000000
5000.000000
5000.000000
1370.748657
680.538757
450.114960
254.279495
196.383942
178.023315
121.167603
109.328934
99.116196
91.109444
95.298615
100.601051
104.356773
116.532486
127.784721
151.911957
161.874710
175.069580
255.151428
355.342651
527.570923
839.125488
1184.694702
1230.341553
1104.198730
1030.525635
939.367615
932.100281
781.164490
702.523315
745.371826
964.186035
2325.950928
4678.497559
4391.820312
5000.000000
3927.471191
5000.000000
5000.000000
5000.000000
5000.000000
5000.000000
5000.000000
5000.000000
3254.128174
2799.313721
3213.895752
3662.955322
5000.000000
5000.000000
5000.000000
2704.874023
5000.000000
5000.000000
5000.000000
5000.000000
5000.000000
5000.000000
5000.000000
4912.979980
4042.450439
5000.000000
5000.000000
5000.000000
4836.361816
5000.000000
5000.000000
3721.161865
3116.607666
3429.813721
5000.000000
3293.196289
920.296021
436.059967
317.583191
228.376373
157.934677
143.065979
120.018013
104.594666
101.773804
94.003075
91.544006
97.091713
90.246353
112.712250
132.188934
219.449493
623.171997
5000.000000
624.507751
316.183167
229.320938
169.202316
142.124344
116.678871
109.071335
103.072342
95.222702
87.592422
88.616249
91.999283
99.000740
123.647423
116.384918
117.199600
107.917290
99.647018
98.237564
90.743690
82.540215
75.656227
76.220131
74.247124
78.644318
103.424706
129.960678
163.651794
192.526489
207.679199
234.042099
242.236496
287.528931
268.747894
246.703537
213.241837
190.692505
159.803101
186.817917
204.771118
226.927597
301.171783
545.188110
5000.000000
696.614746
397.106079
292.170410
228.965942
199.509857
169.135406
168.816940
164.269470
206.520706
224.206451
246.262787
329.857483
427.842865
1194.789429
2518.076904
799.213989
517.502075
383.950195
301.928894
303.200714
257.367310
247.685318
253.144592
249.309158
222.289978
229.357941
217.850784
232.800964
306.695679
341.385101
290.731079
612.091553
5000.000000
1036.194214
495.578125
312.083435
244.901199
212.709869
191.386780
183.016647
181.920639
185.331726
223.603577
335.840729
981.877686
3009.732422
2072.021484
1330.895874
652.814758
549.967957
439.428070
346.869354
324.563416
301.867798
250.333679
230.465500
219.383881
206.924484
197.955200
197.570053
200.801758
204.119324
236.850754
266.047272
284.431366
242.813095
225.967911
194.472778
171.716095
151.831848
140.587540
143.051712
167.740814
234.723694
370.724823
847.822754
5000.000000
793.288696
447.774200
354.959106
270.638092
238.597504
213.537216
205.772110
260.069702
283.012726
294.944855
300.341248
310.567444
414.888428
806.815369
3176.479980
2558.831299
1071.376587
596.865234
403.718079
320.183105
256.990814
219.453506
210.172516
200.815948
189.433167
235.963379
284.105164
492.303558
1232.086792
5000.000000
997.709717
544.536255
382.761383
306.362610
275.941162
284.230164
286.152771
279.783722
239.449341
224.936890
255.198120
215.753448
390.086609
1100.688965
2975.080811
758.003540
422.142242
313.312958
269.385345
258.808777
251.645584
233.876862
225.994446
225.379379
220.239944
216.517349
201.970520
207.589569
204.019897
206.168167
206.953995
208.067947
199.509659
189.524200
171.167572
166.032715
150.512100
161.553055
181.715073
255.732056
453.303711
952.524109
5000.000000
1586.811401
686.229858
444.999634
442.091736
461.307831
361.084229
314.313263
279.106750
229.152390
194.527084
218.913422
286.339691
398.278442
292.513458
219.663895
192.809204
221.665726
186.492416
294.407471
501.170044
1469.456787
1562.835938
565.504028
440.736969
421.014618
369.271454
342.618713
305.543579
256.976776
237.054443
227.192932
236.675385
231.059052
225.223480
211.531006
213.042282
204.737503
191.870514
180.291321
176.916092
153.776688
169.762726
184.327118
203.892426
211.443115
240.055618
265.366089
372.642609
691.529724
3247.148926
1935.198608
715.403931
396.317169
332.439850
294.620697
271.477112
270.050629
257.100098
243.905716
285.029968
341.214233
366.920502
304.655579
274.257172
232.659241
230.533020
226.210114
214.943176
272.426727
493.047363
2156.167969
1994.498169
873.356201
436.543640
404.542938
322.171661
265.136230
234.804337
217.710876
209.931961
208.409393
216.116257
214.618073
214.741669
214.783981
219.236267
222.236618
219.234573
203.527786
184.639938
181.257339
176.990326
187.540695
201.453568
220.505280
247.093109
352.568207
547.491455
2267.554932
2217.204834
750.111877
396.449341
327.149506
296.451630
252.614670
227.641617
239.815033
234.168137
260.183777
310.501129
315.966644
342.237885
467.623932
1171.903076
3724.669922
924.437622
653.697754
777.162354
824.359192
543.117859
363.566315
338.626007
335.477905
318.799683
288.502594
273.622253
325.293762
491.543762
870.072937
987.071472
683.898193
553.122925
994.143188
2768.522949
5000.000000
3723.855957
2157.641113
1581.392944
2140.502197
3102.262207
5000.000000
5000.000000
5000.000000
5000.000000
5000.000000
4877.434082
4521.575195
5000.000000
5000.000000
5000.000000
5000.000000
5000.000000
5000.000000
5000.000000
5000.000000
3949.441650
3523.053711
5000.000000
5000.000000
5000.000000
2987.942383
2434.094971
2530.051025
1978.529297
1371.071777
1789.499146
5000.000000
1037.535522
617.994263
506.051788
422.722321
388.521210
332.780426
309.929688
267.256714
218.617813
171.211945
148.827194
135.354874
124.568420
141.265015
151.402649
164.195648
196.211960
220.101776
209.562149
194.648636
172.962616
149.515823
132.447510
118.671127
118.902306
137.341705
117.579399
149.229919
193.367493
179.035797
206.096725
206.617599
182.658478
159.766281
139.616898
122.652267
125.883301
168.903076
167.532318
157.860611
138.941193
141.928619
166.542252
168.697357
169.071228
141.821777
123.013214
125.147690
141.057388
131.761902
143.790039
183.796463
188.696960
192.378540
186.619263
175.683624
211.006668
321.824524
460.256348
877.770325
2502.327881
587.202637
217.805573
177.757172
147.167664
118.105141
90.769226
75.437012
70.468834
69.735283
69.978935
93.546631
108.237480
130.289124
130.343918
154.215546
148.284332
127.348991
124.668373
119.181396
115.518776
105.338707
95.453575
98.837074
108.285126
90.307510
104.352211
161.603882
290.142883
1067.168579
621.869202
176.628418
144.950378
119.666229
99.286407
78.165222
79.939926
80.075363
92.470703
107.144676
123.519905
137.419174
142.277451
137.902832
112.118263
117.825851
104.696724
89.147034
72.986259
70.971596
70.635384
94.096237
82.492630
86.423103
98.240112
99.615288
105.504189
106.557335
104.406647
109.579697
126.850967
155.258392
235.024719
496.790985
1518.864502
361.036377
224.907715
154.004852
118.476738
96.206253
91.741692
93.535782
108.607391
113.667763
115.769287
120.538834
123.556381
111.338272
102.655853
104.238380
95.570137
89.618324
86.678307
89.338333
95.614151
87.059303
96.239189
113.857117
129.690262
133.371429
139.001541
192.378082
261.364014
392.038300
564.757324
540.751343
736.425659
1161.649170
1932.960205
2644.646973
2027.161255
1263.392212
1141.494385
1238.610718
1532.337280
1832.587769
2118.144775
2177.106934
2540.703613
2675.952393
2269.114746
2380.870850
2002.710449
1373.943726
736.526367
423.032776
320.585571
319.287811
173.928009
143.587524
116.466049
155.403046
197.087509
236.629990
280.882935
349.344360
430.926910
750.118713
525.513000
231.816208
170.027145
155.768387
132.531784
123.758720
112.521393
98.612259
107.736214
109.669228
116.916801
135.090118
129.707367
161.790802
188.005386
208.328613
238.799667
251.116119
274.101196
273.691528
237.337372
211.124268
200.194229
216.031021
240.511841
289.762268
371.197327
493.449371
593.455505
2123.554688
4572.435547
5000.000000
1893.004150
1570.374146
2298.735596
5000.000000
1721.626343
5000.000000
1233.430176
810.934509
812.599915
2551.724609
2441.537109
1689.531006
4598.594727
5000.000000
3773.708740
5000.000000
5000.000000
5000.000000
5000.000000
5000.000000
5000.000000
5000.000000
5000.000000
5000.000000
5000.000000
5000.000000
5000.000000
5000.000000
4805.702637
5000.000000
3941.468506
1748.318970
830.416504
480.896057
369.645386
267.673462
195.355728
128.746140
134.155487
122.497108
108.434227
94.575012
92.618309
90.469215
88.461754
90.900055
86.901405
87.176460
92.465408
98.589378
100.798164
103.928268
100.003586
100.954773
97.074913
88.973953
84.028206
75.402115
78.097298
79.830315
84.881706
88.577309
92.329933
100.894920
113.068604
121.863724
136.071625
197.663895
358.204681
1104.354614
1040.813354
374.423492
229.948669
161.927841
129.895386
112.161804
100.344894
93.997192
88.029137
99.507286
99.628479
111.070122
149.193069
160.923737
234.114578
360.761261
704.139282
3074.372559
5000.000000
5000.000000
5000.000000
5000.000000
5000.000000
5000.000000
4069.101074
3138.756348
2676.379639
3017.278564
2742.609375
1594.797485
1947.316284
2503.387207
3015.470947
4093.565918
5000.000000
1837.134033
1588.092285
4502.287109
5000.000000
5000.000000
4525.627930
4149.470703
4482.039062
5000.000000
3305.376709
3665.567383
4321.546387
3985.038574
5000.000000
5000.000000
5000.000000
5000.000000
2371.266113
2139.901123
5000.000000
5000.000000
5000.000000
4350.440918
4581.348633
5000.000000
5000.000000
4591.066895
3095.192871
3718.412354
5000.000000
4609.381348
5000.000000
5000.000000
5000.000000
4550.564453
3945.689941
5000.000000
5000.000000
5000.000000
5000.000000
5000.000000
5000.000000
5000.000000
5000.000000
5000.000000
4141.872559
4295.910645
5000.000000
5000.000000
0.000000
0.000000
0.000000
0.000000
0.000000
0.000000
0.000000
0.000000
0.000000
0.000000
0.000000
0.000000
0.000000
0.000000
0.000000
0.000000
0.000000
0.000000
0.000000
0.000000
0.000000
0.000000
0.000000
0.000000
0.000000
0.000000
0.000000
0.000000
0.000000
0.000000
0.000000
0.000000
0.000000
0.000000
0.000000
0.000000
0.000000
0.000000
0.000000
0.000000
0.000000
0.000000
0.000000
0.000000
0.000000
0.000000
0.000000
0.000000
0.000000
0.000000
0.000000
0.000000
0.000000
0.000000
0.000000
0.000000
0.000000
0.000000
0.000000
0.000000
0.000000
0.000000
0.000000
0.000000
0.000000
0.000000
0.000000
0.000000
0.000000
0.000000
0.000000
0.000000
0.000000
0.000000
0.000000
0.000000
0.000000
0.000000
0.000000
0.000000
0.000000
0.000000
0.000000
0.000000
0.000000
0.000000
0.000000
0.000000
0.000000
0.000000
0.000000
0.000000
0.000000
0.000000
0.000000
0.000000
0.000000
0.000000
0.000000
0.000000
0.000000
0.000000
0.000000
0.000000
0.000000
0.000000
0.000000
0.000000
0.000000
0.000000
0.000000
0.000000
0.000000
0.000000
0.000000
0.000000
0.000000
0.000000
0.000000
0.000000
0.000000
0.000000
0.000000
0.000000
0.000000
0.000000
0.000000
0.000000
0.000000
0.000000
0.000000
0.000000
0.000000
0.000000
0.000000
0.000000
0.000000
0.000000
0.000000
0.000000
0.000000
0.000000
0.000000
0.000000
0.000000
0.000000
0.000000
0.000000
0.000000
0.000000
0.000000
0.000000
0.000000
0.000000
0.000000
0.000000
0.000000
0.000000
0.000000
0.000000
0.000000
0.000000
0.000000
0.000000
0.000000
0.000000
0.000000
0.000000
0.000000
0.000000
0.000000
0.000000
0.000000
0.000000
0.000000
0.000000
0.000000
0.000000
0.000000
0.000000
0.000000
0.000000
0.000000
0.000000
0.000000
0.000000
0.000000
0.000000
0.000000
0.000000
0.000000
0.000000
0.000000
0.000000
0.000000
0.000000
0.000000
0.000000
0.000000
0.000000
0.000000
0.000000
0.000000
0.000000
0.000000
0.000000
0.000000
0.000000
0.000000
0.000000
0.000000
0.000000
0.000000
0.000000
0.000000
0.000000
0.000000
0.000000
0.000000
0.000000
0.000000
0.000000
0.000000
0.000000
0.000000
0.000000
0.000000
0.000000
0.000000
0.000000
0.000000
0.000000
0.000000
0.000000
0.000000
0.000000
0.000000
0.000000
0.000000
0.000000
0.000000
0.000000
0.000000
0.000000
0.000000
0.000000
0.000000
0.000000
0.000000
0.000000
0.000000
0.000000
0.000000
0.000000
0.000000
0.000000
0.000000
0.000000
0.000000
0.000000
0.000000
0.000000
0.000000
0.000000
0.000000
0.000000
0.000000
0.000000
0.000000
0.000000
0.000000
0.000000
0.000000
0.000000
0.000000
0.000000
0.000000
0.000000
0.000000
0.000000
0.000000
0.000000
0.000000
0.000000
0.000000
0.000000
0.000000
0.000000
0.000000
0.000000
0.000000
0.000000
0.000000
0.000000
0.000000
0.000000
0.000000
0.000000
0.000000
0.000000
0.000000
0.000000
0.000000
0.000000
0.000000
0.000000
0.000000
0.000000
0.000000
0.000000
0.000000
0.000000
0.000000
0.000000
0.000000
0.000000
0.000000
0.000000
0.000000
0.000000
0.000000
0.000000
0.000000
0.000000
0.000000
0.000000
0.000000
0.000000
0.000000
0.000000
0.000000
0.000000
0.000000
0.000000
0.000000
0.000000
0.000000
0.000000
0.000000
0.000000
0.000000
0.000000
0.000000
0.000000
0.000000
0.000000
0.000000
0.000000
0.000000
0.000000
0.000000
0.000000
0.000000
0.000000
0.000000
0.000000
0.000000
0.000000
0.000000
0.000000
0.000000
0.000000
0.000000
0.000000
0.000000
0.000000
0.000000
0.000000
0.000000
0.000000
0.000000
0.000000
0.000000
0.000000
0.000000
0.000000
0.000000
0.000000
0.000000
0.000000
0.000000
0.000000
0.000000
0.000000
0.000000
0.000000
0.000000
0.000000
0.000000
0.000000
0.000000
0.000000
0.000000
0.000000
0.000000
0.000000
0.000000
0.000000
0.000000
0.000000
0.000000
0.000000
0.000000
0.000000
0.000000
0.000000
0.000000
0.000000
0.000000
0.000000
0.000000
0.000000
0.000000
0.000000
0.000000
0.000000
0.000000
0.000000
0.000000
0.000000
0.000000
0.000000
0.000000
0.000000
0.000000
0.000000
0.000000
0.000000
0.000000
0.000000
0.000000
0.000000
0.000000
0.000000
0.000000
0.000000
0.000000
0.000000
0.000000
0.000000
0.000000
0.000000
0.000000
0.000000
0.000000
0.000000
0.000000
0.000000
0.000000
0.000000
0.000000
0.000000
0.000000
0.000000
0.000000
0.000000
0.000000
0.000000
0.000000
0.000000
0.000000
0.000000
0.000000
0.000000
0.000000
0.000000
0.000000
0.000000
0.000000
0.000000
0.000000
0.000000
0.000000
0.000000
0.000000
0.000000
0.000000
0.000000
0.000000
0.000000
0.000000
0.000000
0.000000
0.000000
0.000000
0.000000
0.000000
0.000000
0.000000
0.000000
0.000000
0.000000
0.000000
0.000000
0.000000
0.000000
0.000000
0.000000
0.000000
0.000000
0.000000
0.000000
0.000000
0.000000
0.000000
0.000000
0.000000
0.000000
0.000000
0.000000
0.000000
0.000000
0.000000
0.000000
0.000000
0.000000
0.000000
0.000000
0.000000
0.000000
0.000000
0.000000
0.000000
0.000000
0.000000
0.000000
0.000000
0.000000
0.000000
0.000000
0.000000
0.000000
0.000000
0.000000
0.000000
0.000000
0.000000
0.000000
0.000000
0.000000
0.000000
0.000000
0.000000
0.000000
0.000000
0.000000
0.000000
0.000000
0.000000
0.000000
0.000000
0.000000
0.000000
0.000000
0.000000
0.000000
0.000000
0.000000
0.000000
0.000000
0.000000
0.000000
0.000000
0.000000
0.000000
0.000000
0.000000
0.000000
0.000000
0.000000
0.000000
0.000000
0.000000
0.000000
0.000000
0.000000
0.000000
0.000000
0.000000
0.000000
0.000000
0.000000
0.000000
0.000000
0.000000
0.000000
0.000000
0.000000
0.000000
0.000000
0.000000
0.000000
0.000000
0.000000
0.000000
0.000000
0.000000
0.000000
0.000000
0.000000
0.000000
0.000000
0.000000
0.000000
0.000000
0.000000
0.000000
0.000000
0.000000
0.000000
0.000000
0.000000
0.000000
0.000000
0.000000
0.000000
0.000000
0.000000
0.000000
0.000000
0.000000
0.000000
0.000000
0.000000
0.000000
0.000000
0.000000
0.000000
0.000000
0.000000
0.000000
0.000000
0.000000
0.000000
0.000000
0.000000
0.000000
0.000000
0.000000
0.000000
0.000000
0.000000
0.000000
0.000000
0.000000
0.000000
0.000000
0.000000
0.000000
0.000000
0.000000
0.000000
0.000000
0.000000
0.000000
0.000000
0.000000
0.000000
0.000000
0.000000
0.000000
0.000000
0.000000
0.000000
0.000000
0.000000
0.000000
0.000000
0.000000
0.000000
0.000000
0.000000
0.000000
0.000000
0.000000
0.000000
0.000000
0.000000
0.000000
0.000000
0.000000
0.000000
0.000000
0.000000
0.000000
0.000000
0.000000
0.000000
0.000000
0.000000
0.000000
0.000000
0.000000
0.000000
0.000000
0.000000
0.000000
0.000000
0.000000
0.000000
0.000000
0.000000
0.000000
0.000000
0.000000
0.000000
0.000000
0.000000
0.000000
0.000000
0.000000
0.000000
0.000000
0.000000
0.000000
0.000000
0.000000
0.000000
0.000000
0.000000
0.000000
0.000000
0.000000
0.000000
0.000000
0.000000
0.000000
0.000000
0.000000
0.000000
0.000000
0.000000
0.000000
0.000000
0.000000
0.000000
0.000000
0.000000
0.000000
0.000000
0.000000
0.000000
0.000000
0.000000
0.000000
0.000000
0.000000
0.000000
0.000000
0.000000
0.000000
0.000000
0.000000
0.000000
0.000000
0.000000
0.000000
0.000000
0.000000
0.000000
0.000000
0.000000
0.000000
0.000000
0.000000
0.000000
0.000000
0.000000
0.000000
0.000000
0.000000
0.000000
0.000000
0.000000
0.000000
0.000000
0.000000
0.000000
0.000000
0.000000
0.000000
0.000000
0.000000
0.000000
0.000000
0.000000
0.000000
0.000000
0.000000
0.000000
0.000000
0.000000
0.000000
0.000000
0.000000
0.000000
0.000000
0.000000
0.000000
0.000000
0.000000
0.000000
0.000000
0.000000
0.000000
0.000000
0.000000
0.000000
0.000000
0.000000
0.000000
0.000000
0.000000
0.000000
0.000000
0.000000
0.000000
0.000000
0.000000
0.000000
0.000000
0.000000
0.000000
0.000000
0.000000
0.000000
0.000000
0.000000
0.000000
0.000000
0.000000
0.000000
0.000000
0.000000
0.000000
0.000000
0.000000
0.000000
0.000000
0.000000
0.000000
0.000000
0.000000
0.000000
0.000000
0.000000
0.000000
0.000000
0.000000
0.000000
0.000000
0.000000
0.000000
0.000000
0.000000
0.000000
0.000000
0.000000
0.000000
0.000000
0.000000
0.000000
0.000000
0.000000
0.000000
0.000000
0.000000
0.000000
0.000000
0.000000
0.000000
0.000000
0.000000
0.000000
0.000000
0.000000
0.000000
0.000000
0.000000
0.000000
0.000000
0.000000
0.000000
0.000000
0.000000
0.000000
0.000000
0.000000
0.000000
0.000000
0.000000
0.000000
0.000000
0.000000
0.000000
0.000000
0.000000
0.000000
0.000000
0.000000
0.000000
0.000000
0.000000
0.000000
0.000000
0.000000
0.000000
0.000000
0.000000
0.000000
0.000000
0.000000
0.000000
0.000000
0.000000
0.000000
0.000000
0.000000
0.000000
0.000000
0.000000
0.000000
0.000000
0.000000
0.000000
0.000000
0.000000
0.000000
0.000000
0.000000
0.000000
0.000000
0.000000
0.000000
0.000000
0.000000
0.000000
0.000000
0.000000
0.000000
0.000000
0.000000
0.000000
0.000000
0.000000
0.000000
0.000000
0.000000
0.000000
0.000000
0.000000
0.000000
0.000000
0.000000
0.000000
0.000000
0.000000
0.000000
0.000000
0.000000
0.000000
0.000000
0.000000
0.000000
0.000000
0.000000
0.000000
0.000000
0.000000
0.000000
0.000000
0.000000
0.000000
0.000000
0.000000
0.000000
0.000000
0.000000
0.000000
0.000000
0.000000
0.000000
0.000000
0.000000
0.000000
0.000000
0.000000
0.000000
0.000000
0.000000
0.000000
0.000000
0.000000
0.000000
0.000000
0.000000
0.000000
0.000000
0.000000
0.000000
0.000000
0.000000
0.000000
0.000000
0.000000
0.000000
0.000000
0.000000
0.000000
0.000000
0.000000
0.000000
0.000000
0.000000
0.000000
0.000000
0.000000
0.000000
0.000000
0.000000
0.000000
0.000000
0.000000
0.000000
0.000000
0.000000
0.000000
0.000000
0.000000
0.000000
0.000000
0.000000
0.000000
0.000000
0.000000
0.000000
0.000000
0.000000
0.000000
0.000000
0.000000
0.000000
0.000000
0.000000
0.000000
0.000000
0.000000
0.000000
0.000000
0.000000
0.000000
0.000000
0.000000
0.000000
0.000000
0.000000
0.000000
0.000000
0.000000
0.000000
0.000000
0.000000
0.000000
0.000000
0.000000
0.000000
0.000000
0.000000
0.000000
0.000000
0.000000
0.000000
0.000000
0.000000
0.000000
0.000000
0.000000
0.000000
0.000000
0.000000
0.000000
0.000000
0.000000
0.000000
0.000000
0.000000
0.000000
0.000000
0.000000
0.000000
0.000000
0.000000
0.000000
0.000000
0.000000
0.000000
0.000000
0.000000
0.000000
0.000000
0.000000
0.000000
0.000000
0.000000
0.000000
0.000000
0.000000
0.000000
0.000000
0.000000
0.000000
0.000000
0.000000
0.000000
0.000000
0.000000
0.000000
0.000000
0.000000
0.000000
0.000000
0.000000
0.000000
0.000000
0.000000
0.000000
0.000000
0.000000
0.000000
0.000000
0.000000
0.000000
0.000000
0.000000
0.000000
0.000000
0.000000
0.000000
0.000000
0.000000
0.000000
0.000000
0.000000
0.000000
0.000000
0.000000
0.000000
0.000000
0.000000
0.000000
0.000000
0.000000
0.000000
0.000000
0.000000
0.000000
0.000000
0.000000
0.000000
0.000000
0.000000
0.000000
0.000000
0.000000
0.000000
0.000000
0.000000
0.000000
0.000000
0.000000
0.000000
0.000000
0.000000
0.000000
0.000000
0.000000
0.000000
0.000000
0.000000
0.000000
0.000000
0.000000
0.000000
0.000000
0.000000
0.000000
0.000000
0.000000
0.000000
0.000000
0.000000
0.000000
0.000000
0.000000
0.000000
0.000000
0.000000
0.000000
0.000000
0.000000
0.000000
0.000000
0.000000
0.000000
0.000000
0.000000
0.000000
0.000000
0.000000
0.000000
0.000000
0.000000
0.000000
0.000000
0.000000
0.000000
0.000000
0.000000
0.000000
0.000000
0.000000
0.000000
0.000000
0.000000
0.000000
0.000000
0.000000
0.000000
0.000000
0.000000
0.000000
0.000000
0.000000
0.000000
0.000000
0.000000
0.000000
0.000000
0.000000
0.000000
0.000000
0.000000
0.000000
0.000000
0.000000
0.000000
0.000000
0.000000
0.000000
0.000000
0.000000
0.000000
0.000000
0.000000
0.000000
0.000000
0.000000
0.000000
0.000000
0.000000
0.000000
0.000000
0.000000
0.000000
0.000000
0.000000
0.000000
0.000000
0.000000
0.000000
0.000000
0.000000
0.000000
0.000000
0.000000
0.000000
0.000000
0.000000
0.000000
0.000000
0.000000
0.000000
0.000000
0.000000
0.000000
0.000000
0.000000
0.000000
0.000000
0.000000
0.000000
0.000000
0.000000
0.000000
0.000000
0.000000
0.000000
0.000000
0.000000
0.000000
0.000000
0.000000
0.000000
0.000000
0.000000
0.000000
0.000000
0.000000
0.000000
0.000000
0.000000
0.000000
0.000000
0.000000
0.000000
0.000000
0.000000
0.000000
0.000000
0.000000
0.000000
0.000000
0.000000
0.000000
0.000000
0.000000
0.000000
0.000000
0.000000
0.000000
0.000000
0.000000
0.000000
0.000000
0.000000
0.000000
0.000000
0.000000
0.000000
0.000000
0.000000
0.000000
0.000000
0.000000
0.000000
0.000000
0.000000
0.000000
0.000000
0.000000
0.000000
0.000000
0.000000
0.000000
0.000000
0.000000
0.000000
0.000000
0.000000
0.000000
0.000000
0.000000
0.000000
0.000000
0.000000
0.000000
0.000000
0.000000
0.000000
0.000000
0.000000
0.000000
0.000000
0.000000
0.000000
0.000000
0.000000
0.000000
0.000000
0.000000
0.000000
0.000000
0.000000
0.000000
0.000000
0.000000
0.000000
0.000000
0.000000
0.000000
0.000000
0.000000
0.000000
0.000000
0.000000
0.000000
0.000000
0.000000
0.000000
0.000000
0.000000
0.000000
0.000000
0.000000
0.000000
0.000000
0.000000
0.000000
0.000000
0.000000
0.000000
0.000000
0.000000
0.000000
0.000000
0.000000
0.000000
0.000000
0.000000
0.000000
0.000000
0.000000
0.000000
0.000000
0.000000
0.000000
0.000000
0.000000
0.000000
0.000000
0.000000
0.000000
0.000000
0.000000
0.000000
0.000000
0.000000
0.000000
0.000000
0.000000
0.000000
0.000000
0.000000
0.000000
0.000000
0.000000
0.000000
0.000000
0.000000
0.000000
0.000000
0.000000
0.000000
0.000000
0.000000
0.000000
0.000000
0.000000
0.000000
0.000000
0.000000
0.000000
0.000000
0.000000
0.000000
0.000000
0.000000
0.000000
0.000000
0.000000
0.000000
0.000000
0.000000
0.000000
0.000000
0.000000
0.000000
0.000000
0.000000
0.000000
0.000000
0.000000
0.000000
0.000000
0.000000
0.000000
0.000000
0.000000
0.000000
0.000000
0.000000
0.000000
0.000000
0.000000
0.000000
0.000000
0.000000
0.000000
0.000000
0.000000
0.000000
0.000000
0.000000
0.000000
0.000000
0.000000
0.000000
0.000000
0.000000
0.000000
0.000000
0.000000
0.000000
0.000000
0.000000
0.000000
0.000000
0.000000
0.000000
0.000000
0.000000
0.000000
0.000000
0.000000
0.000000
0.000000
0.000000
0.000000
0.000000
0.000000
0.000000
0.000000
0.000000
0.000000
0.000000
0.000000
0.000000
0.000000
0.000000
0.000000
0.000000
0.000000
0.000000
0.000000
0.000000
0.000000
0.000000
0.000000
0.000000
0.000000
0.000000
0.000000
0.000000
0.000000
0.000000
0.000000
0.000000
0.000000
0.000000
0.000000
0.000000
0.000000
0.000000
0.000000
0.000000
0.000000
0.000000
0.000000
0.000000
0.000000
0.000000
0.000000
0.000000
0.000000
0.000000
0.000000
0.000000
0.000000
0.000000
0.000000
0.000000
0.000000
0.000000
0.000000
0.000000
0.000000
0.000000
0.000000
0.000000
0.000000
0.000000
0.000000
0.000000
0.000000
0.000000
0.000000
0.000000
0.000000
0.000000
0.000000
0.000000
0.000000
0.000000
0.000000
0.000000
0.000000
0.000000
0.000000
0.000000
0.000000
0.000000
0.000000
0.000000
0.000000
0.000000
0.000000
0.000000
0.000000
0.000000
0.000000
0.000000
0.000000
0.000000
0.000000
0.000000
0.000000
0.000000
0.000000
0.000000
0.000000
0.000000
0.000000
0.000000
0.000000
0.000000
0.000000
0.000000
0.000000
0.000000
0.000000
0.000000
0.000000
0.000000
0.000000
0.000000
0.000000
0.000000
0.000000
0.000000
0.000000
0.000000
0.000000
0.000000
0.000000
0.000000
0.000000
0.000000
0.000000
0.000000
0.000000
0.000000
0.000000
0.000000
0.000000
0.000000
0.000000
0.000000
0.000000
0.000000
0.000000
0.000000
0.000000
0.000000
0.000000
0.000000
0.000000
0.000000
0.000000
0.000000
0.000000
0.000000
0.000000
0.000000
0.000000
0.000000
0.000000
0.000000
0.000000
0.000000
0.000000
0.000000
0.000000
0.000000
0.000000
0.000000
0.000000
0.000000
0.000000
0.000000
0.000000
0.000000
0.000000
0.000000
0.000000
0.000000
0.000000
0.000000
0.000000
0.000000
0.000000
0.000000
0.000000
0.000000
0.000000
0.000000
0.000000
0.000000
0.000000
0.000000
0.000000
0.000000
0.000000
0.000000
0.000000
0.000000
0.000000
0.000000
0.000000
0.000000
0.000000
0.000000
0.000000
0.000000
0.000000
0.000000
0.000000
0.000000
0.000000
0.000000
0.000000
0.000000
0.000000
0.000000
0.000000
0.000000
0.000000
0.000000
0.000000
0.000000
0.000000
0.000000
0.000000
0.000000
0.000000
0.000000
0.000000
0.000000
0.000000
0.000000
0.000000
0.000000
0.000000
0.000000
0.000000
0.000000
0.000000
0.000000
0.000000
0.000000
0.000000
0.000000
0.000000
0.000000
0.000000
0.000000
0.000000
0.000000
0.000000
0.000000
0.000000
0.000000
0.000000
0.000000
0.000000
0.000000
0.000000
0.000000
0.000000
0.000000
0.000000
0.000000
0.000000
0.000000
0.000000
0.000000
0.000000
0.000000
0.000000
0.000000
0.000000
0.000000
0.000000
0.000000
0.000000
0.000000
0.000000
0.000000
0.000000
0.000000
0.000000
0.000000
0.000000
0.000000
0.000000
0.000000
0.000000
0.000000
0.000000
0.000000
0.000000
0.000000
0.000000
0.000000
0.000000
0.000000
0.000000
0.000000
0.000000
0.000000
0.000000
0.000000
0.000000
0.000000
0.000000
0.000000
0.000000
0.000000
0.000000
0.000000
0.000000
0.000000
0.000000
0.000000
0.000000
0.000000
0.000000
0.000000
0.000000
0.000000
0.000000
0.000000
0.000000
0.000000
0.000000
0.000000
0.000000
0.000000
0.000000
0.000000
0.000000
0.000000
0.000000
0.000000
0.000000
0.000000
0.000000
0.000000
0.000000
0.000000
0.000000
0.000000
0.000000
0.000000
0.000000
0.000000
0.000000
0.000000
0.000000
0.000000
0.000000
0.000000
0.000000
0.000000
0.000000
0.000000
0.000000
0.000000
0.000000
0.000000
0.000000
0.000000
0.000000
0.000000
0.000000
0.000000
0.000000
0.000000
0.000000
0.000000
0.000000
0.000000
0.000000
0.000000
0.000000
0.000000
0.000000
0.000000
0.000000
0.000000
0.000000
0.000000
0.000000
0.000000
0.000000
0.000000
0.000000
0.000000
0.000000
0.000000
0.000000
0.000000
0.000000
0.000000
0.000000
0.000000
0.000000
0.000000
0.000000
0.000000
0.000000
0.000000
0.000000
0.000000
0.000000
0.000000
0.000000
0.000000
0.000000
0.000000
0.000000
0.000000
0.000000
0.000000
0.000000
0.000000
0.000000
0.000000
0.000000
0.000000
0.000000
0.000000
0.000000
0.000000
0.000000
0.000000
0.000000
0.000000
0.000000
0.000000
0.000000
0.000000
0.000000
0.000000
0.000000
0.000000
0.000000
0.000000
0.000000
0.000000
0.000000
0.000000
0.000000
0.000000
0.000000
0.000000
0.000000
0.000000
0.000000
0.000000
0.000000
0.000000
0.000000
0.000000
0.000000
0.000000
0.000000
0.000000
0.000000
0.000000
0.000000
0.000000
0.000000
0.000000
0.000000
0.000000
0.000000
0.000000
0.000000
0.000000
0.000000
0.000000
0.000000
0.000000
0.000000
0.000000
0.000000
0.000000
0.000000
0.000000
0.000000
0.000000
0.000000
0.000000
0.000000
0.000000
0.000000
0.000000
0.000000
0.000000
0.000000
0.000000
0.000000
0.000000
0.000000
0.000000
0.000000
0.000000
0.000000
0.000000
0.000000
0.000000
0.000000
0.000000
0.000000
0.000000
0.000000
0.000000
0.000000
0.000000
0.000000
0.000000
0.000000
0.000000
0.000000
0.000000
0.000000
0.000000
0.000000
0.000000
0.000000
0.000000
0.000000
0.000000
0.000000
0.000000
0.000000
0.000000
0.000000
0.000000
0.000000
0.000000
0.000000
0.000000
0.000000
0.000000
0.000000
0.000000
0.000000
0.000000
0.000000
0.000000
0.000000
0.000000
0.000000
0.000000
0.000000
0.000000
0.000000
0.000000
0.000000
0.000000
0.000000
0.000000
0.000000
0.000000
0.000000
0.000000
0.000000
0.000000
0.000000
0.000000
0.000000
0.000000
0.000000
0.000000
0.000000
0.000000
0.000000
0.000000
0.000000
0.000000
0.000000
0.000000
0.000000
0.000000
0.000000
0.000000
0.000000
0.000000
0.000000
0.000000
0.000000
0.000000
0.000000
0.000000
0.000000
0.000000
0.000000
0.000000
0.000000
0.000000
0.000000
0.000000
0.000000
0.000000
0.000000
0.000000
0.000000
0.000000
0.000000
0.000000
0.000000
0.000000
0.000000
0.000000
0.000000
0.000000
0.000000
0.000000
0.000000
0.000000
0.000000
0.000000
0.000000
0.000000
0.000000
0.000000
0.000000
0.000000
0.000000
0.000000
0.000000
0.000000
0.000000
0.000000
0.000000
0.000000
0.000000
0.000000
0.000000
0.000000
0.000000
0.000000
0.000000
0.000000
0.000000
0.000000
0.000000
0.000000
0.000000
0.000000
0.000000
0.000000
0.000000
0.000000
0.000000
0.000000
0.000000
0.000000
0.000000
0.000000
0.000000
0.000000
0.000000
0.000000
0.000000
0.000000
0.000000
0.000000
0.000000
0.000000
0.000000
0.000000
0.000000
0.000000
0.000000
0.000000
0.000000
0.000000
0.000000
0.000000
0.000000
0.000000
0.000000
0.000000
0.000000
0.000000
0.000000
0.000000
0.000000
0.000000
0.000000
0.000000
0.000000
0.000000
0.000000
0.000000
0.000000
0.000000
0.000000
0.000000
0.000000
0.000000
0.000000
0.000000
0.000000
0.000000
0.000000
0.000000
0.000000
0.000000
0.000000
0.000000
0.000000
0.000000
0.000000
0.000000
0.000000
0.000000
0.000000
0.000000
0.000000
0.000000
0.000000
0.000000
0.000000
0.000000
0.000000
0.000000
0.000000
0.000000
0.000000
0.000000
0.000000
0.000000
0.000000
0.000000
0.000000
0.000000
0.000000
0.000000
0.000000
0.000000
0.000000
0.000000
0.000000
0.000000
0.000000
0.000000
0.000000
0.000000
0.000000
0.000000
0.000000
0.000000
0.000000
0.000000
0.000000
0.000000
0.000000
0.000000
0.000000
0.000000
0.000000
0.000000
0.000000
0.000000
0.000000
0.000000
0.000000
0.000000
0.000000
0.000000
0.000000
0.000000
0.000000
0.000000
0.000000
0.000000
0.000000
0.000000
0.000000
0.000000
0.000000
0.000000
0.000000
0.000000
0.000000
0.000000
0.000000
0.000000
0.000000
0.000000
0.000000
0.000000
0.000000
0.000000
0.000000
0.000000
0.000000
0.000000
0.000000
0.000000
0.000000
0.000000
0.000000
0.000000
0.000000
0.000000
0.000000
0.000000
0.000000
0.000000
0.000000
0.000000
0.000000
0.000000
0.000000
0.000000
0.000000
0.000000
0.000000
0.000000
0.000000
0.000000
0.000000
0.000000
0.000000
0.000000
0.000000
0.000000
0.000000
0.000000
0.000000
0.000000
0.000000
0.000000
0.000000
0.000000
0.000000
0.000000
0.000000
0.000000
0.000000
0.000000
0.000000
0.000000
0.000000
0.000000
0.000000
0.000000
0.000000
0.000000
0.000000
0.000000
0.000000
0.000000
0.000000
0.000000
0.000000
0.000000
0.000000
0.000000
0.000000
0.000000
0.000000
0.000000
0.000000
0.000000
0.000000
0.000000
0.000000
0.000000
0.000000
0.000000
0.000000
0.000000
0.000000
0.000000
0.000000
0.000000
0.000000
0.000000
0.000000
0.000000
0.000000
0.000000
0.000000
0.000000
0.000000
0.000000
0.000000
0.000000
0.000000
0.000000
0.000000
0.000000
0.000000
0.000000
0.000000
0.000000
0.000000
0.000000
0.000000
0.000000
0.000000
0.000000
0.000000
0.000000
0.000000
0.000000
0.000000
0.000000
0.000000
0.000000
0.000000
0.000000
0.000000
0.000000
0.000000
0.000000
0.000000
0.000000
0.000000
0.000000
0.000000
0.000000
0.000000
0.000000
0.000000
0.000000
0.000000
0.000000
0.000000
0.000000
0.000000
0.000000
0.000000
0.000000
0.000000
0.000000
0.000000
0.000000
0.000000
0.000000
0.000000
0.000000
0.000000
0.000000
0.000000
0.000000
0.000000
0.000000
0.000000
0.000000
0.000000
0.000000
0.000000
0.000000
0.000000
0.000000
0.000000
0.000000
0.000000
0.000000
0.000000
0.000000
0.000000
0.000000
0.000000
0.000000
0.000000
0.000000
0.000000
0.000000
0.000000
0.000000
0.000000
0.000000
0.000000
0.000000
0.000000
0.000000
0.000000
0.000000
0.000000
0.000000
0.000000
0.000000
0.000000
0.000000
0.000000
0.000000
0.000000
0.000000
0.000000
0.000000
0.000000
0.000000
0.000000
0.000000
0.000000
0.000000
0.000000
0.000000
0.000000
0.000000
0.000000
0.000000
0.000000
0.000000
0.000000
0.000000
0.000000
0.000000
0.000000
0.000000
0.000000
0.000000
0.000000
0.000000
0.000000
0.000000
0.000000
0.000000
0.000000
0.000000
0.000000
0.000000
0.000000
0.000000
0.000000
0.000000
0.000000
0.000000
0.000000
0.000000
0.000000
0.000000
0.000000
0.000000
0.000000
0.000000
0.000000
0.000000
0.000000
0.000000
0.000000
0.000000
0.000000
0.000000
0.000000
0.000000
0.000000
0.000000
0.000000
0.000000
0.000000
0.000000
0.000000
0.000000
0.000000
0.000000
0.000000
0.000000
0.000000
0.000000
0.000000
0.000000
0.000000
0.000000
0.000000
0.000000
0.000000
0.000000
0.000000
0.000000
0.000000
0.000000
0.000000
0.000000
0.000000
0.000000
0.000000
0.000000
0.000000
0.000000
0.000000
0.000000
0.000000
0.000000
0.000000
0.000000
0.000000
0.000000
0.000000
0.000000
0.000000
0.000000
0.000000
0.000000
0.000000
0.000000
0.000000
0.000000
0.000000
0.000000
0.000000
0.000000
0.000000
0.000000
0.000000
0.000000
0.000000
0.000000
0.000000
0.000000
0.000000
0.000000
0.000000
0.000000
0.000000
0.000000
0.000000
0.000000
0.000000
0.000000
0.000000
0.000000
0.000000
0.000000
0.000000
0.000000
0.000000
0.000000
0.000000
0.000000
0.000000
0.000000
0.000000
0.000000
0.000000
0.000000
0.000000
0.000000
0.000000
0.000000
0.000000
0.000000
0.000000
0.000000
0.000000
0.000000
0.000000
0.000000
0.000000
0.000000
0.000000
0.000000
0.000000
0.000000
0.000000
0.000000
0.000000
0.000000
0.000000
0.000000
0.000000
0.000000
0.000000
0.000000
0.000000
0.000000
0.000000
0.000000
0.000000
0.000000
0.000000
0.000000
0.000000
0.000000
0.000000
0.000000
0.000000
0.000000
0.000000
0.000000
0.000000
0.000000
0.000000
0.000000
0.000000
0.000000
0.000000
0.000000
0.000000
0.000000
0.000000
0.000000
0.000000
0.000000
0.000000
0.000000
0.000000
0.000000
0.000000
0.000000
0.000000
0.000000
0.000000
0.000000
0.000000
0.000000
0.000000
0.000000
0.000000
0.000000
0.000000
0.000000
0.000000
0.000000
0.000000
0.000000
0.000000
0.000000
0.000000
0.000000
0.000000
0.000000
0.000000
0.000000
0.000000
0.000000
0.000000
0.000000
0.000000
0.000000
0.000000
0.000000
0.000000
0.000000
0.000000
0.000000
0.000000
0.000000
0.000000
0.000000
0.000000
0.000000
0.000000
0.000000
0.000000
0.000000
0.000000
0.000000
0.000000
0.000000
0.000000
0.000000
0.000000
0.000000
0.000000
0.000000
0.000000
0.000000
0.000000
0.000000
0.000000
0.000000
0.000000
0.000000
0.000000
0.000000
0.000000
0.000000
0.000000
0.000000
0.000000
0.000000
0.000000
0.000000
0.000000
0.000000
0.000000
0.000000
0.000000
0.000000
0.000000
0.000000
0.000000
0.000000
0.000000
0.000000
0.000000
0.000000
0.000000
0.000000
0.000000
0.000000
0.000000
0.000000
0.000000
0.000000
0.000000
0.000000
0.000000
0.000000
0.000000
0.000000
0.000000
0.000000
0.000000
0.000000
0.000000
0.000000
0.000000
0.000000
0.000000
0.000000
0.000000
0.000000
0.000000
0.000000
0.000000
0.000000
0.000000
0.000000
0.000000
0.000000
0.000000
0.000000
0.000000
0.000000
0.000000
0.000000
0.000000
0.000000
0.000000
0.000000
0.000000
0.000000
0.000000
0.000000
0.000000
0.000000
0.000000
0.000000
0.000000
0.000000
0.000000
0.000000
0.000000
0.000000
0.000000
0.000000
0.000000
0.000000
0.000000
0.000000
0.000000
0.000000
0.000000
0.000000
0.000000
0.000000
0.000000
0.000000
0.000000
0.000000
0.000000
0.000000
0.000000
0.000000
0.000000
0.000000
0.000000
0.000000
0.000000
0.000000
0.000000
0.000000
0.000000
0.000000
0.000000
0.000000
0.000000
0.000000
0.000000
0.000000
0.000000
0.000000
0.000000
0.000000
0.000000
0.000000
0.000000
0.000000
0.000000
0.000000
0.000000
0.000000
0.000000
0.000000
0.000000
0.000000
0.000000
0.000000
0.000000
0.000000
0.000000
0.000000
0.000000
0.000000
0.000000
0.000000
0.000000
0.000000
0.000000
0.000000
0.000000
0.000000
0.000000
0.000000
0.000000
0.000000
0.000000
0.000000
0.000000
0.000000
0.000000
0.000000
0.000000
0.000000
0.000000
0.000000
0.000000
0.000000
0.000000
0.000000
0.000000
0.000000
0.000000
0.000000
0.000000
0.000000
0.000000
0.000000
0.000000
0.000000
0.000000
0.000000
0.000000
0.000000
0.000000
0.000000
0.000000
0.000000
0.000000
0.000000
0.000000
0.000000
0.000000
0.000000
0.000000
0.000000
0.000000
0.000000
0.000000
0.000000
0.000000
0.000000
0.000000
0.000000
0.000000
0.000000
0.000000
0.000000
0.000000
0.000000
0.000000
0.000000
0.000000
0.000000
0.000000
0.000000
0.000000
0.000000
0.000000
0.000000
0.000000
0.000000
0.000000
0.000000
0.000000
0.000000
0.000000
0.000000
0.000000
0.000000
0.000000
0.000000
0.000000
0.000000
0.000000
0.000000
0.000000
0.000000
0.000000
0.000000
0.000000
0.000000
0.000000
0.000000
0.000000
0.000000
0.000000
0.000000
0.000000
0.000000
0.000000
0.000000
0.000000
0.000000
0.000000
0.000000
0.000000
0.000000
0.000000
0.000000
0.000000
0.000000
0.000000
0.000000
0.000000
0.000000
0.000000
0.000000
0.000000
0.000000
0.000000
0.000000
0.000000
0.000000
0.000000
0.000000
0.000000
0.000000
0.000000
0.000000
0.000000
0.000000
0.000000
0.000000
0.000000
0.000000
0.000000
0.000000
0.000000
0.000000
0.000000
0.000000
0.000000
0.000000
0.000000
0.000000
0.000000
0.000000
0.000000
0.000000
0.000000
0.000000
0.000000
0.000000
0.000000
0.000000
0.000000
0.000000
0.000000
0.000000
0.000000
0.000000
0.000000
0.000000
0.000000
0.000000
0.000000
0.000000
0.000000
0.000000
0.000000
0.000000
0.000000
0.000000
0.000000
0.000000
0.000000
0.000000
0.000000
0.000000
0.000000
0.000000
0.000000
0.000000
0.000000
0.000000
0.000000
0.000000
0.000000
0.000000
0.000000
0.000000
0.000000
0.000000
0.000000
0.000000
0.000000
0.000000
0.000000
0.000000
0.000000
0.000000
0.000000
0.000000
0.000000
0.000000
0.000000
0.000000
0.000000
0.000000
0.000000
0.000000
0.000000
0.000000
0.000000
0.000000
0.000000
0.000000
0.000000
0.000000
0.000000
0.000000
0.000000
0.000000
0.000000
0.000000
0.000000
0.000000
0.000000
0.000000
0.000000
0.000000
0.000000
0.000000
0.000000
0.000000
0.000000
0.000000
0.000000
0.000000
0.000000
0.000000
0.000000
0.000000
0.000000
0.000000
0.000000
0.000000
0.000000
0.000000
0.000000
0.000000
0.000000
0.000000
0.000000
0.000000
0.000000
0.000000
0.000000
0.000000
0.000000
0.000000
0.000000
0.000000
0.000000
0.000000
0.000000
0.000000
0.000000
0.000000
0.000000
0.000000
0.000000
0.000000
0.000000
0.000000
0.000000
0.000000
0.000000
0.000000
0.000000
0.000000
0.000000
0.000000
0.000000
0.000000
0.000000
0.000000
0.000000
0.000000
0.000000
0.000000
0.000000
0.000000
0.000000
0.000000
0.000000
0.000000
0.000000
0.000000
0.000000
0.000000
0.000000
0.000000
0.000000
0.000000
0.000000
0.000000
0.000000
0.000000
0.000000
0.000000
0.000000
0.000000
0.000000
0.000000
0.000000
0.000000
0.000000
0.000000
0.000000
0.000000
0.000000
0.000000
0.000000
0.000000
0.000000
0.000000
0.000000
0.000000
0.000000
0.000000
0.000000
0.000000
0.000000
0.000000
0.000000
0.000000
0.000000
0.000000
0.000000
0.000000
0.000000
0.000000
0.000000
0.000000
0.000000
0.000000
0.000000
0.000000
0.000000
0.000000
0.000000
0.000000
0.000000
0.000000
0.000000
0.000000
0.000000
0.000000
0.000000
0.000000
0.000000
0.000000
0.000000
0.000000
0.000000
0.000000
0.000000
0.000000
0.000000
0.000000
0.000000
0.000000
0.000000
0.000000
0.000000
0.000000
0.000000
0.000000
0.000000
0.000000
0.000000
0.000000
0.000000
0.000000
0.000000
0.000000
0.000000
0.000000
0.000000
0.000000
0.000000
0.000000
0.000000
0.000000
0.000000
0.000000
0.000000
0.000000
0.000000
0.000000
0.000000
0.000000
0.000000
0.000000
0.000000
0.000000
0.000000
0.000000
0.000000
0.000000
0.000000
0.000000
0.000000
0.000000
0.000000
0.000000
0.000000
0.000000
0.000000
0.000000
0.000000
0.000000
0.000000
0.000000
0.000000
0.000000
0.000000
0.000000
0.000000
0.000000
0.000000
0.000000
0.000000
0.000000
0.000000
0.000000
0.000000
0.000000
0.000000
0.000000
0.000000
0.000000
0.000000
0.000000
0.000000
0.000000
0.000000
0.000000
0.000000
0.000000
0.000000
0.000000
0.000000
0.000000
0.000000
0.000000
0.000000
0.000000
0.000000
0.000000
0.000000
0.000000
0.000000
0.000000
0.000000
0.000000
0.000000
0.000000
0.000000
0.000000
0.000000
0.000000
0.000000
0.000000
0.000000
0.000000
0.000000
0.000000
0.000000
0.000000
0.000000
0.000000
0.000000
0.000000
0.000000
0.000000
0.000000
0.000000
0.000000
0.000000
0.000000
0.000000
0.000000
0.000000
0.000000
0.000000
0.000000
0.000000
0.000000
0.000000
0.000000
0.000000
0.000000
0.000000
0.000000
0.000000
0.000000
0.000000
0.000000
0.000000
0.000000
0.000000
0.000000
0.000000
0.000000
0.000000
0.000000
0.000000
0.000000
0.000000
0.000000
0.000000
0.000000
0.000000
0.000000
0.000000
0.000000
0.000000
0.000000
0.000000
0.000000
0.000000
0.000000
0.000000
0.000000
0.000000
0.000000
0.000000
0.000000
0.000000
0.000000
0.000000
0.000000
0.000000
0.000000
0.000000
0.000000
0.000000
0.000000
0.000000
0.000000
0.000000
0.000000
0.000000
0.000000
0.000000
0.000000
0.000000
0.000000
0.000000
0.000000
0.000000
0.000000
0.000000
0.000000
0.000000
0.000000
0.000000
0.000000
0.000000
0.000000
0.000000
0.000000
0.000000
0.000000
0.000000
0.000000
0.000000
0.000000
0.000000
0.000000
0.000000
0.000000
0.000000
0.000000
0.000000
0.000000
0.000000
0.000000
0.000000
0.000000
0.000000
0.000000
0.000000
0.000000
0.000000
0.000000
0.000000
0.000000
0.000000
0.000000
0.000000
0.000000
0.000000
0.000000
0.000000
0.000000
0.000000
0.000000
0.000000
0.000000
0.000000
0.000000
0.000000
0.000000
0.000000
0.000000
0.000000
0.000000
0.000000
0.000000
0.000000
0.000000
0.000000
0.000000
0.000000
0.000000
0.000000
0.000000
0.000000
