40875
43933
106965
116335
131104
135077
170626
175968
249190
259067
264387
287509
296445
319956
328491
352016
358407
370251
376042
399384
405345
417103
419439
425579
463599
466170
500240
502248
537057
540466
578983
580563
605062
606710
621249
623052
671062
677251
719742
722891
728137
730397
815134
820384
849179
855681
896593
953108
957611
988678
1051292
1108835
1113043
1124618
1127903
1143398
1147999
1285807
1295821
1310528
1345262
1375298
1393048
1482832
1485788
1546994
1557109
1572132
1576338
1612007
1616317
1690143
1700536
1706329
1729293
1738099
1761476
1769506
1793230
1799439
1811119
1817192
1840301
1846935
1858959
1861388
1867040
1905732
1908504
1943069
1945068
1980338
1983876
1999447
2021770
2023428
2047485
2049695
2063957
2065904
2093105
2114043
2120623
2163802
2167556
2173326
2175871
2262027
2267358
2295997
2301822
2343486
2400042
2404049
2435529
2498340
2557751
2561642
2572389
2576004
2591232
2595734
2733926
2745316
2759222
2793379
2823460
2841108
0
0
0
0
0
0
0
0
0
0
0
0
0
0
0
0
0
0
0
0
0
0
0
0
0
0
0
0
0
0
0
0
0
0
0
0
0
0
0
0
0
0
0
0
0
0
0
0
0
0
0
0
0
0
0
0
0
0
0
0
0
0
0
0
0
0
0
0
0
0
0
0
0
0
0
0
0
0
0
0
0
0
0
0
0
0
0
0
0
0
0
0
0
0
0
0
0
0
0
0
0
0
0
0
0
0
0
0
0
0
0
0
0
0
0
0
0
0
0
0
0
0
0
0
0
0
0
0
0
0
0
0
0
0
0
0
0
0
0
0
0
0
0
0
0
0
0
0
0
0
0
0
0
0
0
0
0
0
0
0
0
0
0
0
0
0
0
0
0
0
0
0
0
0
0
0
0
0
0
0
0
0
0
0
0
0
0
0
0
0
0
0
0
0
0
0
0
0
0
0
0
0
0
0
0
0
0
0
0
0
0
0
0
0
0
0
0
0
0
0
0
0
0
0
0
0
0
0
0
0
0
0
0
0
0
0
0
0
0
0
0
0
0
0
0
0
0
0
0
0
0
0
0
0
0
0
0
0
0
0
0
0
0
0
0
0
0
0
0
0
0
0
0
0
0
0
0
0
0
0
0
0
0
0
0
0
0
0
0
0
0
0
0
0
0
0
0
0
0
0
0
0
0
0
0
0
0
0
0
0
0
0
0
0
0
0
0
0
0
0
0
0
0
0
0
0
0
0
0
0
0
0
0
0
0
0
0
0
0
0
0
0
0
0
0
0
0
0
0
0
0
0
0
0
0
0
0
0
0
0
0
0
0
0
0
0
0
0
0
0
0
0
0
0
0
0
0
0
0
0
0
0
0
0
0
0
0
0
0
0
0
0
0
0
0
0
0
0
0
0
0
0
0
0
0
0
0
0
0
0
0
0
0
0
0
0
0
0
0
0
0
0
0
0
0
0
0
0
0
0
0
0
0
0
0
0
0
0
0
0
0
0
0
0
0
0
0
0
0
0
0
0
0
0
0
0
0
0
0
0
0
0
0
0
0
0
0
0
0
0
0
0
