46092
55980
91548
115582
133779
153476
170214
191405
237992
246735
255645
270244
283431
298059
310551
325868
334766
343281
352276
368144
377195
385390
388188
397334
412058
419143
457365
465497
505442
522574
557232
562549
572870
578331
587505
591971
611218
640880
658606
672150
681836
691820
782247
807649
823898
852160
895854
930025
951583
986275
1026978
1077349
1079651
1087624
1100590
1111814
1129867
1276846
1291581
1296720
1360924
1388171
1404690
1483674
1494433
1529546
1553640
1572509
1592778
1608830
1627242
1677288
1685668
1694343
1708826
1722201
1736470
1749728
1763834
1772832
1781475
1790562
1805505
1814286
1822552
1825174
1834002
1848757
1856302
1894914
1903424
1942238
1960021
1972091
1994735
1999764
2010519
2016186
2025409
2030839
2042596
2050006
2081920
2098481
2111546
2121263
2130717
2220485
2246223
2261833
2287090
2332213
2368520
2389396
2424117
2464390
2512298
2515262
2522978
2537680
2547620
2567254
2712183
2726316
2732015
2796519
2823063
2840338
0
0
0
0
0
0
0
0
0
0
0
0
0
0
0
0
0
0
0
0
0
0
0
0
0
0
0
0
0
0
0
0
0
0
0
0
0
0
0
0
0
0
0
0
0
0
0
0
0
0
0
0
0
0
0
0
0
0
0
0
0
0
0
0
0
0
0
0
0
0
0
0
0
0
0
0
0
0
0
0
0
0
0
0
0
0
0
0
0
0
0
0
0
0
0
0
0
0
0
0
0
0
0
0
0
0
0
0
0
0
0
0
0
0
0
0
0
0
0
0
0
0
0
0
0
0
0
0
0
0
0
0
0
0
0
0
0
0
0
0
0
0
0
0
0
0
0
0
0
0
0
0
0
0
0
0
0
0
0
0
0
0
0
0
0
0
0
0
0
0
0
0
0
0
0
0
0
0
0
0
0
0
0
0
0
0
0
0
0
0
0
0
0
0
0
0
0
0
0
0
0
0
0
0
0
0
0
0
0
0
0
0
0
0
0
0
0
0
0
0
0
0
0
0
0
0
0
0
0
0
0
0
0
0
0
0
0
0
0
0
0
0
0
0
0
0
0
0
0
0
0
0
0
0
0
0
0
0
0
0
0
0
0
0
0
0
0
0
0
0
0
0
0
0
0
0
0
0
0
0
0
0
0
0
0
0
0
0
0
0
0
0
0
0
0
0
0
0
0
0
0
0
0
0
0
0
0
0
0
0
0
0
0
0
0
0
0
0
0
0
0
0
0
0
0
0
0
0
0
0
0
0
0
0
0
0
0
0
0
0
0
0
0
0
0
0
0
0
0
0
0
0
0
0
0
0
0
0
0
0
0
0
0
0
0
0
0
0
0
0
0
0
0
0
0
0
0
0
0
0
0
0
0
0
0
0
0
0
0
0
0
0
0
0
0
0
0
0
0
0
0
0
0
0
0
0
0
0
0
0
0
0
0
0
0
0
0
0
0
0
0
0
0
0
0
0
0
0
0
0
0
0
0
0
0
0
0
0
0
0
0
0
0
0
0
0
0
0
0
0
0
0
0
0
0
0
0
0
0
0
0
0
0
0
0
0
0
0
0
0
0
0
