0.000000
355.914307
142.365723
142.365723
160.161438
142.365723
88.978577
106.774292
106.774292
124.570007
124.570007
142.365723
142.365723
160.161438
160.161438
195.752869
213.548584
231.344299
213.548584
231.344299
249.140015
266.935730
284.731445
284.731445
284.731445
302.527161
338.118591
320.322876
338.118591
373.710022
373.710022
373.710022
427.097168
409.301453
444.892883
462.688599
462.688599
516.075745
516.075745
533.871460
551.667175
569.462891
587.258606
622.850037
605.054321
622.850037
587.258606
605.054321
622.850037
569.462891
622.850037
676.237183
694.032898
694.032898
711.828613
694.032898
711.828613
694.032898
711.828613
711.828613
747.420044
729.624329
711.828613
765.215759
729.624329
765.215759
783.011475
783.011475
783.011475
800.807190
818.602905
818.602905
800.807190
836.398621
854.194336
871.990051
854.194336
889.785767
925.377197
925.377197
907.581482
960.968628
943.172913
960.968628
1014.355774
1049.947266
1085.538696
1156.721558
1174.517212
1210.108643
1192.312988
1192.312988
1174.517212
1210.108643
1245.700073
1138.925781
1103.334351
1103.334351
1138.925781
1138.925781
1174.517212
1192.312988
1227.904419
1245.700073
1263.495850
1316.882935
1316.882935
1245.700073
1245.700073
1281.291504
1227.904419
1210.108643
1263.495850
1263.495850
1299.087280
1334.678711
1316.882935
1245.700073
1299.087280
1334.678711
1352.474365
1370.270142
1370.270142
1459.248657
1512.635864
1583.818726
1637.205811
1583.818726
1494.840088
1423.657227
1441.453003
1423.657227
1477.044434
1494.840088
1494.840088
1477.044434
1477.044434
1494.840088
1566.022949
1548.227295
1548.227295
1566.022949
1566.022949
1601.614380
1601.614380
1619.410156
1655.001587
1619.410156
1672.797241
1708.388672
1797.367310
1850.754395
1957.528687
2010.915894
2082.098877
2082.098877
1957.528687
1868.550171
1850.754395
1832.958740
1761.775879
1761.775879
1797.367310
1815.162964
1886.345825
1832.958740
1904.141602
1921.937256
1904.141602
1868.550171
1832.958740
1797.367310
1886.345825
1904.141602
1868.550171
1886.345825
1904.141602
1957.528687
1957.528687
1850.754395
1868.550171
1939.733032
1921.937256
1939.733032
1993.120117
2010.915894
2153.281738
2331.238770
2313.443115
2224.464600
2082.098877
2010.915894
2028.711548
2028.711548
2064.302979
2099.894531
2082.098877
2153.281738
2260.055908
2366.830322
2473.604492
2473.604492
2438.013184
2206.668701
2331.238770
2188.873047
2153.281738
2188.873047
2135.485840
2153.281738
2188.873047
2135.485840
2099.894531
2135.485840
2117.690186
2153.281738
2135.485840
2188.873047
2153.281738
2135.485840
2099.894531
2082.098877
2099.894531
2064.302979
2082.098877
2064.302979
2117.690186
2135.485840
2082.098877
2135.485840
2099.894531
2153.281738
2117.690186
2082.098877
2135.485840
2082.098877
2082.098877
2082.098877
2064.302979
2064.302979
2082.098877
2028.711548
2046.507324
2099.894531
2046.507324
1975.324463
2010.915894
1975.324463
1939.733032
1975.324463
1921.937256
1904.141602
2010.915894
2064.302979
2010.915894
2064.302979
2064.302979
2064.302979
2028.711548
2064.302979
2117.690186
2099.894531
2046.507324
1975.324463
2046.507324
2064.302979
2082.098877
2064.302979
2082.098877
2099.894531
2064.302979
2046.507324
2082.098877
2082.098877
2046.507324
2046.507324
2010.915894
2082.098877
2082.098877
2010.915894
2028.711548
2064.302979
2010.915894
2064.302979
2010.915894
2046.507324
1993.120117
2046.507324
1921.937256
2099.894531
1957.528687
1850.754395
2046.507324
2046.507324
1868.550171
2242.260254
1939.733032
1957.528687
2082.098877
1904.141602
2082.098877
1975.324463
1975.324463
2028.711548
1975.324463
1921.937256
2099.894531
1886.345825
2064.302979
1904.141602
1868.550171
2064.302979
1797.367310
2135.485840
1672.797241
2135.485840
1690.593018
2099.894531
1832.958740
2099.894531
1726.184448
2153.281738
1797.367310
2082.098877
1779.571533
2064.302979
1779.571533
2117.690186
1690.593018
2171.077393
1726.184448
2046.507324
1779.571533
2099.894531
1904.141602
2135.485840
1832.958740
2046.507324
1921.937256
2010.915894
1939.733032
2010.915894
1868.550171
2046.507324
1832.958740
1993.120117
1868.550171
1904.141602
2046.507324
1832.958740
1939.733032
2028.711548
1797.367310
2099.894531
1850.754395
2028.711548
1779.571533
2117.690186
1726.184448
2099.894531
1690.593018
2117.690186
1708.388672
2206.668701
1601.614380
2064.302979
1921.937256
2224.464600
1832.958740
2064.302979
1832.958740
2028.711548
1904.141602
1975.324463
1832.958740
2028.711548
1886.345825
1886.345825
2010.915894
1815.162964
1921.937256
1957.528687
1832.958740
1939.733032
1904.141602
1939.733032
1904.141602
1904.141602
1921.937256
1904.141602
1904.141602
1868.550171
1868.550171
1921.937256
1904.141602
1815.162964
1939.733032
1921.937256
1921.937256
1904.141602
1921.937256
1939.733032
1993.120117
1993.120117
1939.733032
1957.528687
1904.141602
1975.324463
1957.528687
1904.141602
1921.937256
1957.528687
1904.141602
1904.141602
1886.345825
1904.141602
1886.345825
1921.937256
1886.345825
1975.324463
1975.324463
2010.915894
1993.120117
1939.733032
1957.528687
1957.528687
1957.528687
1921.937256
1921.937256
1921.937256
1850.754395
1957.528687
1921.937256
1904.141602
1993.120117
1975.324463
1921.937256
1921.937256
1957.528687
1975.324463
1975.324463
1921.937256
1957.528687
1921.937256
1957.528687
1904.141602
1886.345825
1921.937256
1939.733032
1850.754395
1921.937256
1904.141602
1939.733032
1939.733032
1993.120117
1904.141602
1993.120117
1975.324463
1921.937256
1939.733032
1975.324463
1886.345825
1939.733032
1904.141602
1886.345825
1832.958740
1957.528687
1904.141602
1868.550171
1921.937256
1957.528687
1921.937256
1939.733032
1904.141602
1939.733032
1975.324463
1939.733032
1921.937256
1939.733032
1957.528687
1921.937256
1957.528687
1868.550171
1921.937256
1939.733032
1886.345825
1868.550171
1886.345825
1939.733032
1957.528687
1957.528687
1975.324463
1993.120117
2028.711548
1957.528687
1975.324463
1939.733032
1939.733032
1975.324463
1904.141602
1850.754395
1975.324463
1957.528687
1939.733032
1957.528687
1939.733032
1993.120117
1957.528687
1939.733032
1939.733032
1975.324463
1975.324463
1975.324463
1957.528687
1939.733032
1993.120117
1957.528687
1939.733032
1921.937256
1904.141602
1939.733032
1868.550171
1850.754395
1939.733032
1975.324463
1939.733032
1939.733032
1921.937256
1975.324463
1939.733032
1957.528687
1886.345825
1921.937256
1921.937256
1939.733032
1779.571533
2046.507324
1779.571533
2046.507324
1761.775879
2082.098877
1708.388672
2064.302979
1904.141602
2028.711548
1797.367310
2064.302979
1921.937256
2028.711548
1868.550171
1993.120117
1975.324463
1921.937256
1975.324463
1850.754395
1886.345825
1921.937256
1868.550171
1850.754395
1921.937256
1939.733032
1975.324463
1975.324463
1904.141602
1975.324463
1975.324463
1957.528687
1939.733032
1939.733032
1957.528687
1850.754395
2028.711548
1832.958740
2028.711548
1904.141602
2046.507324
1850.754395
1975.324463
1939.733032
1993.120117
1939.733032
1904.141602
2010.915894
1993.120117
1886.345825
1975.324463
2010.915894
1850.754395
1957.528687
1957.528687
1815.162964
2046.507324
1779.571533
2028.711548
1779.571533
2099.894531
1726.184448
2171.077393
1761.775879
2028.711548
1921.937256
1975.324463
1904.141602
1975.324463
1850.754395
1921.937256
1939.733032
1886.345825
1886.345825
1921.937256
1939.733032
1921.937256
1868.550171
1904.141602
1939.733032
1921.937256
1904.141602
1939.733032
1921.937256
1975.324463
1957.528687
1939.733032
1921.937256
1886.345825
1921.937256
1868.550171
1886.345825
1886.345825
1921.937256
1957.528687
1904.141602
1939.733032
1993.120117
1939.733032
1939.733032
1939.733032
1939.733032
2010.915894
1957.528687
1921.937256
1850.754395
2028.711548
1921.937256
2082.098877
1779.571533
2064.302979
1886.345825
2099.894531
1797.367310
2046.507324
1957.528687
1886.345825
2046.507324
1868.550171
2010.915894
1975.324463
1957.528687
1975.324463
1993.120117
1832.958740
2028.711548
1939.733032
1797.367310
2046.507324
1779.571533
2135.485840
1708.388672
2153.281738
1850.754395
1868.550171
2135.485840
1708.388672
1921.937256
2064.302979
1797.367310
1921.937256
1975.324463
1868.550171
1975.324463
1904.141602
1886.345825
1886.345825
1939.733032
1904.141602
1904.141602
1868.550171
1921.937256
1957.528687
1886.345825
1886.345825
1904.141602
1939.733032
1939.733032
1921.937256
1904.141602
1921.937256
1921.937256
1850.754395
1850.754395
1904.141602
1957.528687
1975.324463
1993.120117
1904.141602
1957.528687
1957.528687
1921.937256
1939.733032
1939.733032
1975.324463
1957.528687
1957.528687
1939.733032
1975.324463
2010.915894
1975.324463
1957.528687
1939.733032
1993.120117
1957.528687
1904.141602
1957.528687
1975.324463
1904.141602
1975.324463
1850.754395
2010.915894
1850.754395
2028.711548
1850.754395
1957.528687
1868.550171
2046.507324
1850.754395
2010.915894
1921.937256
1957.528687
2010.915894
1921.937256
1975.324463
1921.937256
1939.733032
1975.324463
1850.754395
1921.937256
1993.120117
1868.550171
1957.528687
1904.141602
1957.528687
1868.550171
1993.120117
1815.162964
1993.120117
1886.345825
1975.324463
1850.754395
1993.120117
1797.367310
2028.711548
1832.958740
2010.915894
1779.571533
2082.098877
1761.775879
2028.711548
1815.162964
1921.937256
1904.141602
1939.733032
1886.345825
1921.937256
2010.915894
2028.711548
1904.141602
1904.141602
1939.733032
1939.733032
1921.937256
1886.345825
1957.528687
1939.733032
1957.528687
1957.528687
1975.324463
1975.324463
1921.937256
2010.915894
1921.937256
1957.528687
1921.937256
1975.324463
1904.141602
1957.528687
1886.345825
1975.324463
1904.141602
1921.937256
1921.937256
0.000000
