0.000000
195.752869
0.000000
17.795715
71.182861
35.591431
88.978577
53.387146
71.182861
106.774292
124.570007
142.365723
142.365723
160.161438
160.161438
177.957153
195.752869
195.752869
213.548584
195.752869
213.548584
231.344299
249.140015
266.935730
266.935730
266.935730
302.527161
320.322876
320.322876
338.118591
355.914307
355.914307
409.301453
409.301453
409.301453
427.097168
444.892883
427.097168
444.892883
462.688599
462.688599
480.484314
480.484314
498.280029
533.871460
533.871460
551.667175
569.462891
569.462891
516.075745
551.667175
551.667175
587.258606
533.871460
605.054321
533.871460
569.462891
551.667175
569.462891
533.871460
587.258606
533.871460
605.054321
533.871460
587.258606
551.667175
533.871460
569.462891
569.462891
587.258606
569.462891
569.462891
569.462891
587.258606
551.667175
569.462891
569.462891
551.667175
569.462891
551.667175
569.462891
551.667175
551.667175
569.462891
533.871460
551.667175
516.075745
533.871460
516.075745
533.871460
498.280029
533.871460
516.075745
551.667175
533.871460
569.462891
533.871460
569.462891
533.871460
569.462891
533.871460
551.667175
516.075745
533.871460
498.280029
516.075745
498.280029
533.871460
498.280029
533.871460
480.484314
569.462891
480.484314
498.280029
533.871460
480.484314
498.280029
516.075745
498.280029
480.484314
480.484314
480.484314
480.484314
498.280029
480.484314
498.280029
480.484314
480.484314
516.075745
480.484314
498.280029
480.484314
498.280029
480.484314
498.280029
462.688599
480.484314
480.484314
462.688599
480.484314
444.892883
498.280029
427.097168
516.075745
462.688599
409.301453
516.075745
462.688599
391.505737
533.871460
427.097168
409.301453
533.871460
462.688599
355.914307
533.871460
462.688599
338.118591
533.871460
373.710022
409.301453
533.871460
302.527161
516.075745
373.710022
409.301453
533.871460
355.914307
444.892883
551.667175
355.914307
409.301453
569.462891
266.935730
551.667175
320.322876
516.075745
302.527161
498.280029
355.914307
373.710022
551.667175
320.322876
391.505737
533.871460
373.710022
391.505737
516.075745
338.118591
391.505737
516.075745
338.118591
373.710022
569.462891
249.140015
569.462891
284.731445
462.688599
373.710022
373.710022
516.075745
320.322876
391.505737
498.280029
338.118591
409.301453
462.688599
373.710022
444.892883
462.688599
409.301453
427.097168
444.892883
427.097168
427.097168
427.097168
444.892883
427.097168
462.688599
409.301453
462.688599
444.892883
427.097168
444.892883
444.892883
462.688599
444.892883
462.688599
444.892883
462.688599
480.484314
480.484314
498.280029
480.484314
480.484314
498.280029
462.688599
498.280029
480.484314
498.280029
480.484314
498.280029
498.280029
498.280029
498.280029
498.280029
533.871460
480.484314
533.871460
498.280029
551.667175
516.075745
533.871460
516.075745
498.280029
533.871460
498.280029
533.871460
498.280029
551.667175
498.280029
516.075745
498.280029
551.667175
516.075745
551.667175
551.667175
533.871460
533.871460
533.871460
533.871460
516.075745
533.871460
533.871460
533.871460
498.280029
551.667175
516.075745
551.667175
533.871460
569.462891
533.871460
569.462891
533.871460
569.462891
551.667175
569.462891
533.871460
569.462891
516.075745
569.462891
533.871460
569.462891
516.075745
587.258606
516.075745
587.258606
533.871460
569.462891
533.871460
569.462891
533.871460
551.667175
533.871460
533.871460
533.871460
533.871460
533.871460
533.871460
533.871460
533.871460
551.667175
533.871460
551.667175
533.871460
569.462891
516.075745
551.667175
533.871460
533.871460
516.075745
533.871460
516.075745
533.871460
516.075745
551.667175
533.871460
533.871460
551.667175
516.075745
551.667175
516.075745
551.667175
516.075745
516.075745
516.075745
533.871460
516.075745
533.871460
516.075745
551.667175
533.871460
533.871460
533.871460
533.871460
569.462891
551.667175
569.462891
551.667175
569.462891
551.667175
551.667175
533.871460
569.462891
533.871460
551.667175
533.871460
551.667175
533.871460
551.667175
551.667175
551.667175
533.871460
551.667175
533.871460
551.667175
551.667175
551.667175
551.667175
516.075745
516.075745
516.075745
533.871460
516.075745
551.667175
516.075745
551.667175
516.075745
569.462891
516.075745
551.667175
516.075745
551.667175
516.075745
551.667175
533.871460
516.075745
480.484314
533.871460
551.667175
516.075745
551.667175
516.075745
569.462891
516.075745
551.667175
551.667175
551.667175
533.871460
551.667175
533.871460
551.667175
551.667175
551.667175
551.667175
551.667175
533.871460
569.462891
533.871460
569.462891
533.871460
373.710022
605.054321
533.871460
551.667175
569.462891
533.871460
551.667175
516.075745
533.871460
516.075745
516.075745
516.075745
498.280029
498.280029
498.280029
480.484314
498.280029
498.280029
480.484314
498.280029
444.892883
498.280029
462.688599
480.484314
462.688599
444.892883
462.688599
444.892883
462.688599
444.892883
444.892883
444.892883
444.892883
444.892883
409.301453
444.892883
444.892883
409.301453
444.892883
427.097168
444.892883
444.892883
444.892883
427.097168
444.892883
427.097168
444.892883
444.892883
427.097168
444.892883
427.097168
427.097168
462.688599
427.097168
409.301453
409.301453
427.097168
427.097168
427.097168
444.892883
409.301453
427.097168
427.097168
391.505737
427.097168
391.505737
409.301453
409.301453
391.505737
409.301453
409.301453
391.505737
409.301453
427.097168
373.710022
444.892883
355.914307
409.301453
391.505737
391.505737
391.505737
391.505737
373.710022
373.710022
373.710022
373.710022
355.914307
391.505737
338.118591
391.505737
355.914307
355.914307
373.710022
355.914307
373.710022
355.914307
373.710022
355.914307
338.118591
373.710022
373.710022
373.710022
355.914307
320.322876
391.505737
373.710022
302.527161
355.914307
391.505737
302.527161
320.322876
409.301453
266.935730
302.527161
444.892883
231.344299
302.527161
480.484314
195.752869
320.322876
498.280029
177.957153
373.710022
516.075745
177.957153
373.710022
480.484314
160.161438
427.097168
462.688599
106.774292
569.462891
142.365723
516.075745
142.365723
587.258606
53.387146
658.441467
17.795715
658.441467
17.795715
658.441467
17.795715
676.237183
-17.795715
711.828613
-53.387146
694.032898
71.182861
622.850037
71.182861
640.645752
124.570007
533.871460
213.548584
427.097168
391.505737
213.548584
444.892883
427.097168
142.365723
551.667175
160.161438
480.484314
249.140015
320.322876
462.688599
231.344299
266.935730
498.280029
106.774292
551.667175
124.570007
516.075745
195.752869
462.688599
177.957153
480.484314
177.957153
462.688599
195.752869
462.688599
195.752869
462.688599
195.752869
444.892883
195.752869
427.097168
195.752869
427.097168
195.752869
427.097168
195.752869
427.097168
231.344299
409.301453
249.140015
373.710022
266.935730
338.118591
338.118591
266.935730
320.322876
320.322876
302.527161
302.527161
338.118591
320.322876
320.322876
320.322876
284.731445
338.118591
266.935730
338.118591
302.527161
284.731445
338.118591
302.527161
284.731445
302.527161
302.527161
320.322876
284.731445
284.731445
320.322876
284.731445
302.527161
338.118591
302.527161
284.731445
320.322876
302.527161
320.322876
284.731445
320.322876
338.118591
320.322876
302.527161
320.322876
320.322876
302.527161
320.322876
302.527161
320.322876
284.731445
302.527161
302.527161
302.527161
284.731445
302.527161
302.527161
320.322876
284.731445
302.527161
320.322876
284.731445
320.322876
284.731445
320.322876
302.527161
284.731445
320.322876
302.527161
320.322876
302.527161
320.322876
302.527161
302.527161
302.527161
302.527161
284.731445
284.731445
302.527161
320.322876
284.731445
284.731445
284.731445
302.527161
302.527161
302.527161
302.527161
320.322876
284.731445
302.527161
284.731445
302.527161
284.731445
284.731445
284.731445
284.731445
284.731445
284.731445
284.731445
284.731445
302.527161
266.935730
284.731445
284.731445
284.731445
284.731445
284.731445
284.731445
284.731445
284.731445
284.731445
284.731445
284.731445
284.731445
284.731445
266.935730
266.935730
266.935730
284.731445
266.935730
266.935730
266.935730
284.731445
284.731445
266.935730
284.731445
284.731445
284.731445
266.935730
266.935730
302.527161
284.731445
284.731445
266.935730
284.731445
284.731445
266.935730
266.935730
284.731445
266.935730
266.935730
249.140015
284.731445
249.140015
266.935730
249.140015
284.731445
266.935730
284.731445
249.140015
284.731445
266.935730
284.731445
249.140015
284.731445
266.935730
266.935730
266.935730
284.731445
284.731445
249.140015
249.140015
284.731445
284.731445
284.731445
266.935730
266.935730
266.935730
266.935730
266.935730
249.140015
266.935730
266.935730
266.935730
266.935730
284.731445
266.935730
266.935730
249.140015
266.935730
249.140015
266.935730
231.344299
266.935730
249.140015
266.935730
249.140015
249.140015
266.935730
249.140015
266.935730
213.548584
266.935730
249.140015
0.000000
