0.000000
498.280029
195.752869
71.182861
88.978577
88.978577
88.978577
88.978577
106.774292
106.774292
124.570007
142.365723
142.365723
160.161438
195.752869
160.161438
195.752869
213.548584
195.752869
213.548584
231.344299
213.548584
249.140015
249.140015
266.935730
302.527161
266.935730
302.527161
338.118591
320.322876
355.914307
409.301453
409.301453
427.097168
391.505737
409.301453
409.301453
427.097168
427.097168
427.097168
444.892883
462.688599
462.688599
480.484314
498.280029
498.280029
551.667175
569.462891
551.667175
569.462891
569.462891
587.258606
587.258606
605.054321
605.054321
640.645752
658.441467
676.237183
694.032898
711.828613
711.828613
711.828613
711.828613
729.624329
747.420044
747.420044
747.420044
765.215759
765.215759
765.215759
783.011475
800.807190
800.807190
836.398621
818.602905
836.398621
854.194336
854.194336
907.581482
925.377197
871.990051
907.581482
925.377197
907.581482
925.377197
943.172913
978.764343
996.560059
1014.355774
1014.355774
1049.947266
1067.742920
1103.334351
1121.130127
1121.130127
1103.334351
1121.130127
1085.538696
1085.538696
1138.925781
1121.130127
1156.721558
1156.721558
1156.721558
1138.925781
1192.312988
1192.312988
1192.312988
1263.495850
1299.087280
1245.700073
1210.108643
1156.721558
1245.700073
1192.312988
1210.108643
1263.495850
1227.904419
1263.495850
1263.495850
1299.087280
1316.882935
1352.474365
1388.065796
1388.065796
1477.044434
1459.248657
1548.227295
1637.205811
1601.614380
1494.840088
1441.453003
1459.248657
1441.453003
1459.248657
1494.840088
1459.248657
1477.044434
1494.840088
1512.635864
1512.635864
1530.431519
1530.431519
1548.227295
1566.022949
1566.022949
1637.205811
1655.001587
1655.001587
1672.797241
1655.001587
1690.593018
1743.980103
1779.571533
1815.162964
1939.733032
2010.915894
1921.937256
1868.550171
1779.571533
1779.571533
1708.388672
1779.571533
1797.367310
1886.345825
1868.550171
2028.711548
2153.281738
2171.077393
2010.915894
1850.754395
1939.733032
1743.980103
1832.958740
1832.958740
1815.162964
1850.754395
1832.958740
1832.958740
1850.754395
1886.345825
1921.937256
1939.733032
1939.733032
1939.733032
1993.120117
1975.324463
1939.733032
1993.120117
2064.302979
2117.690186
2082.098877
2046.507324
2028.711548
2010.915894
1957.528687
1993.120117
2028.711548
2099.894531
2099.894531
2153.281738
2206.668701
2206.668701
2171.077393
2153.281738
2188.873047
2135.485840
2117.690186
2171.077393
2135.485840
2171.077393
2153.281738
2135.485840
2206.668701
2206.668701
2224.464600
2224.464600
2242.260254
2313.443115
2171.077393
2224.464600
2331.238770
2224.464600
2206.668701
2224.464600
2188.873047
2135.485840
2224.464600
2028.711548
2206.668701
2224.464600
2153.281738
2260.055908
2260.055908
2188.873047
2260.055908
2188.873047
2153.281738
2188.873047
2135.485840
2153.281738
2153.281738
2153.281738
2135.485840
2117.690186
2135.485840
2153.281738
2117.690186
2171.077393
2135.485840
2135.485840
2099.894531
2135.485840
2099.894531
2117.690186
2064.302979
2046.507324
2117.690186
1993.120117
2153.281738
1975.324463
2082.098877
2117.690186
2028.711548
2082.098877
2082.098877
2099.894531
2099.894531
2064.302979
2028.711548
2064.302979
2046.507324
2028.711548
2028.711548
2064.302979
1993.120117
2082.098877
1993.120117
2028.711548
2046.507324
2028.711548
2064.302979
1993.120117
2028.711548
2010.915894
2028.711548
1993.120117
1975.324463
1993.120117
1939.733032
1957.528687
2046.507324
1957.528687
1921.937256
2082.098877
1957.528687
1957.528687
2028.711548
1993.120117
1993.120117
2028.711548
1993.120117
1993.120117
1904.141602
2010.915894
2010.915894
1904.141602
2028.711548
2028.711548
1868.550171
1993.120117
2064.302979
1904.141602
1868.550171
2046.507324
2046.507324
1815.162964
1993.120117
2153.281738
1743.980103
1993.120117
2046.507324
1726.184448
1939.733032
2099.894531
1761.775879
1886.345825
2117.690186
1779.571533
1886.345825
2171.077393
1726.184448
2099.894531
2010.915894
1708.388672
2135.485840
2064.302979
1619.410156
2260.055908
1761.775879
1921.937256
2153.281738
1850.754395
1708.388672
2188.873047
1708.388672
2153.281738
1886.345825
1743.980103
2277.851562
1619.410156
2295.647461
1548.227295
2171.077393
1850.754395
1655.001587
2295.647461
1583.818726
2028.711548
1939.733032
1886.345825
1850.754395
2028.711548
1868.550171
1957.528687
1975.324463
1886.345825
1993.120117
1975.324463
1939.733032
1975.324463
1939.733032
1921.937256
1939.733032
1939.733032
1886.345825
1868.550171
1975.324463
1939.733032
1886.345825
1975.324463
1904.141602
1939.733032
1904.141602
1921.937256
1957.528687
1886.345825
1939.733032
1921.937256
1939.733032
1921.937256
1921.937256
1886.345825
1868.550171
1868.550171
1921.937256
1904.141602
1939.733032
1921.937256
1921.937256
1975.324463
1939.733032
1939.733032
1957.528687
1939.733032
1993.120117
1939.733032
1921.937256
1957.528687
1921.937256
1939.733032
1904.141602
1904.141602
1975.324463
1957.528687
1939.733032
1957.528687
1939.733032
1939.733032
1939.733032
1957.528687
1921.937256
1921.937256
1939.733032
1904.141602
1921.937256
1921.937256
1868.550171
1904.141602
1921.937256
1850.754395
1939.733032
1957.528687
1939.733032
1939.733032
1993.120117
1957.528687
1975.324463
1939.733032
1957.528687
1975.324463
1939.733032
1939.733032
1957.528687
1975.324463
1904.141602
1921.937256
1939.733032
1904.141602
1957.528687
1975.324463
1886.345825
1939.733032
1921.937256
1939.733032
1957.528687
1904.141602
1886.345825
1904.141602
1939.733032
1904.141602
1904.141602
1886.345825
1921.937256
1886.345825
1886.345825
1868.550171
1939.733032
1975.324463
1939.733032
1939.733032
1975.324463
1975.324463
1975.324463
1957.528687
1957.528687
1975.324463
1886.345825
1921.937256
1939.733032
1886.345825
1939.733032
1921.937256
1921.937256
1921.937256
1957.528687
1975.324463
1939.733032
1921.937256
1939.733032
1957.528687
1939.733032
1904.141602
1921.937256
1904.141602
1904.141602
1921.937256
1850.754395
1921.937256
1904.141602
1886.345825
1904.141602
1921.937256
1957.528687
1957.528687
1975.324463
1921.937256
1975.324463
1975.324463
1975.324463
1939.733032
1939.733032
1904.141602
1939.733032
1957.528687
1904.141602
1904.141602
1993.120117
1886.345825
1957.528687
1975.324463
1868.550171
2046.507324
1904.141602
1921.937256
2028.711548
1921.937256
1921.937256
1939.733032
1904.141602
1939.733032
1904.141602
1868.550171
1904.141602
1904.141602
1886.345825
1904.141602
1957.528687
1921.937256
1939.733032
2028.711548
1957.528687
1993.120117
2010.915894
1921.937256
1993.120117
1921.937256
1886.345825
1939.733032
1921.937256
1921.937256
1921.937256
1921.937256
1939.733032
1939.733032
1975.324463
1939.733032
1939.733032
2010.915894
1939.733032
1975.324463
1939.733032
1921.937256
1904.141602
1886.345825
1886.345825
1886.345825
1832.958740
1904.141602
1886.345825
1886.345825
1904.141602
1957.528687
1921.937256
1975.324463
1939.733032
2028.711548
1975.324463
1957.528687
1957.528687
1939.733032
1957.528687
1886.345825
1921.937256
1921.937256
1886.345825
1939.733032
1957.528687
1921.937256
1957.528687
1975.324463
1939.733032
1957.528687
1868.550171
1993.120117
1975.324463
1904.141602
1939.733032
1939.733032
1939.733032
1904.141602
1886.345825
1832.958740
1886.345825
1886.345825
1868.550171
1904.141602
1957.528687
1921.937256
1975.324463
1975.324463
1921.937256
2046.507324
1993.120117
1939.733032
1975.324463
1957.528687
1904.141602
1921.937256
1921.937256
1904.141602
1921.937256
1921.937256
1921.937256
1921.937256
1975.324463
1921.937256
1957.528687
1939.733032
1904.141602
2064.302979
1939.733032
1957.528687
1939.733032
1939.733032
1921.937256
1886.345825
1815.162964
1868.550171
1904.141602
1868.550171
1904.141602
1939.733032
1939.733032
2010.915894
1939.733032
1957.528687
1975.324463
1993.120117
1921.937256
2046.507324
1886.345825
1957.528687
1957.528687
1868.550171
1886.345825
1904.141602
1886.345825
1939.733032
1904.141602
1939.733032
1939.733032
1939.733032
1904.141602
1993.120117
1921.937256
1993.120117
1939.733032
1921.937256
1975.324463
1886.345825
1904.141602
1850.754395
1868.550171
1868.550171
1868.550171
1904.141602
1921.937256
1939.733032
1957.528687
1993.120117
1957.528687
1993.120117
1957.528687
2010.915894
1939.733032
1975.324463
1904.141602
1939.733032
1921.937256
1904.141602
1904.141602
1868.550171
1957.528687
1921.937256
1921.937256
1957.528687
1993.120117
1939.733032
1975.324463
1975.324463
1904.141602
1957.528687
1886.345825
1975.324463
1886.345825
1886.345825
1886.345825
1904.141602
1832.958740
1921.937256
1868.550171
1868.550171
2010.915894
1921.937256
1993.120117
2010.915894
1975.324463
2028.711548
1904.141602
2028.711548
1886.345825
1993.120117
1904.141602
1921.937256
1921.937256
1886.345825
1939.733032
1886.345825
1939.733032
1939.733032
1921.937256
1993.120117
1939.733032
1939.733032
2046.507324
1904.141602
1904.141602
1975.324463
1975.324463
1904.141602
1921.937256
1886.345825
1886.345825
1939.733032
1850.754395
1904.141602
1957.528687
1921.937256
1957.528687
1993.120117
1975.324463
2010.915894
1975.324463
1975.324463
1957.528687
1975.324463
1904.141602
1957.528687
1904.141602
1939.733032
1939.733032
1921.937256
1921.937256
1921.937256
1939.733032
1939.733032
1939.733032
1939.733032
1975.324463
1993.120117
1939.733032
1957.528687
1921.937256
1957.528687
1939.733032
1921.937256
1832.958740
1921.937256
1886.345825
1850.754395
1904.141602
1921.937256
1904.141602
1975.324463
1957.528687
1975.324463
2010.915894
1975.324463
1957.528687
1993.120117
1921.937256
1868.550171
1993.120117
1904.141602
1886.345825
1939.733032
1921.937256
1886.345825
0.000000
