0.000000
249.140015
53.387146
0.000000
88.978577
53.387146
88.978577
106.774292
106.774292
106.774292
106.774292
124.570007
142.365723
177.957153
177.957153
177.957153
213.548584
195.752869
213.548584
231.344299
231.344299
249.140015
249.140015
302.527161
302.527161
302.527161
320.322876
320.322876
338.118591
338.118591
355.914307
391.505737
373.710022
409.301453
409.301453
391.505737
444.892883
444.892883
427.097168
462.688599
462.688599
480.484314
498.280029
498.280029
516.075745
516.075745
533.871460
551.667175
551.667175
587.258606
587.258606
587.258606
622.850037
622.850037
640.645752
640.645752
640.645752
658.441467
640.645752
676.237183
676.237183
694.032898
711.828613
711.828613
711.828613
747.420044
711.828613
747.420044
800.807190
765.215759
783.011475
818.602905
818.602905
836.398621
854.194336
871.990051
854.194336
854.194336
889.785767
889.785767
943.172913
978.764343
960.968628
978.764343
943.172913
960.968628
978.764343
978.764343
1014.355774
1049.947266
1049.947266
1049.947266
1085.538696
1067.742920
1049.947266
1067.742920
1067.742920
1085.538696
1103.334351
1138.925781
1121.130127
1156.721558
1103.334351
1156.721558
1174.517212
1210.108643
1245.700073
1263.495850
1316.882935
1370.270142
1405.861572
1405.861572
1334.678711
1281.291504
1281.291504
1245.700073
1245.700073
1263.495850
1263.495850
1263.495850
1281.291504
1281.291504
1263.495850
1210.108643
1227.904419
1245.700073
1263.495850
1192.312988
1227.904419
1245.700073
1192.312988
1210.108643
1227.904419
1210.108643
1263.495850
1227.904419
1245.700073
1192.312988
1192.312988
1227.904419
1210.108643
1227.904419
1210.108643
1210.108643
1192.312988
1174.517212
1192.312988
1210.108643
1192.312988
1192.312988
1174.517212
1156.721558
1156.721558
1121.130127
1138.925781
1138.925781
1156.721558
1156.721558
1103.334351
1121.130127
1067.742920
1103.334351
1067.742920
1032.151489
1138.925781
1138.925781
1192.312988
1174.517212
1174.517212
1192.312988
1210.108643
1192.312988
1192.312988
1192.312988
1192.312988
1138.925781
1156.721558
1192.312988
1121.130127
1174.517212
1138.925781
1103.334351
1121.130127
1156.721558
1067.742920
1138.925781
1138.925781
1085.538696
1121.130127
1121.130127
1049.947266
1103.334351
1103.334351
1103.334351
1138.925781
1121.130127
1103.334351
1085.538696
1085.538696
1103.334351
1085.538696
1103.334351
1067.742920
1121.130127
1103.334351
1085.538696
1067.742920
1049.947266
1103.334351
1103.334351
1032.151489
1085.538696
1085.538696
1014.355774
1049.947266
1121.130127
1032.151489
978.764343
1121.130127
1049.947266
943.172913
1138.925781
996.560059
943.172913
1121.130127
907.581482
1174.517212
1049.947266
1067.742920
1121.130127
943.172913
1085.538696
1227.904419
925.377197
1192.312988
1067.742920
1014.355774
1156.721558
1121.130127
960.968628
1174.517212
943.172913
1156.721558
960.968628
1138.925781
925.377197
1103.334351
943.172913
1067.742920
960.968628
1067.742920
1014.355774
1067.742920
1014.355774
996.560059
1032.151489
996.560059
996.560059
996.560059
1014.355774
1032.151489
1032.151489
996.560059
1032.151489
978.764343
996.560059
978.764343
996.560059
996.560059
996.560059
1014.355774
978.764343
978.764343
960.968628
960.968628
960.968628
996.560059
960.968628
1014.355774
943.172913
978.764343
978.764343
925.377197
978.764343
925.377197
996.560059
943.172913
996.560059
943.172913
943.172913
978.764343
978.764343
978.764343
978.764343
996.560059
996.560059
996.560059
1014.355774
996.560059
1014.355774
1014.355774
1014.355774
1014.355774
960.968628
1067.742920
960.968628
1049.947266
925.377197
1049.947266
978.764343
978.764343
996.560059
978.764343
996.560059
996.560059
978.764343
960.968628
978.764343
996.560059
978.764343
1014.355774
960.968628
960.968628
996.560059
978.764343
978.764343
996.560059
960.968628
978.764343
978.764343
996.560059
1014.355774
1014.355774
960.968628
996.560059
960.968628
960.968628
960.968628
978.764343
996.560059
996.560059
978.764343
960.968628
960.968628
943.172913
943.172913
960.968628
978.764343
960.968628
960.968628
960.968628
943.172913
978.764343
907.581482
960.968628
996.560059
925.377197
925.377197
996.560059
960.968628
960.968628
978.764343
978.764343
960.968628
978.764343
960.968628
1014.355774
996.560059
1032.151489
1032.151489
1014.355774
978.764343
978.764343
1049.947266
925.377197
1085.538696
889.785767
1085.538696
978.764343
978.764343
1014.355774
960.968628
978.764343
960.968628
996.560059
978.764343
1014.355774
943.172913
1032.151489
978.764343
960.968628
978.764343
943.172913
996.560059
996.560059
1014.355774
996.560059
978.764343
978.764343
960.968628
978.764343
996.560059
996.560059
996.560059
978.764343
960.968628
960.968628
978.764343
978.764343
978.764343
960.968628
960.968628
978.764343
943.172913
943.172913
960.968628
960.968628
960.968628
925.377197
978.764343
925.377197
996.560059
925.377197
960.968628
978.764343
925.377197
907.581482
943.172913
960.968628
960.968628
978.764343
978.764343
978.764343
960.968628
960.968628
996.560059
978.764343
1014.355774
1067.742920
978.764343
1103.334351
871.990051
1067.742920
1014.355774
978.764343
1049.947266
960.968628
1032.151489
996.560059
978.764343
1014.355774
943.172913
960.968628
996.560059
960.968628
1014.355774
978.764343
996.560059
996.560059
996.560059
907.581482
978.764343
996.560059
943.172913
1049.947266
960.968628
1014.355774
1014.355774
943.172913
978.764343
943.172913
960.968628
978.764343
978.764343
978.764343
996.560059
996.560059
978.764343
978.764343
978.764343
960.968628
960.968628
943.172913
996.560059
996.560059
978.764343
960.968628
907.581482
943.172913
925.377197
978.764343
907.581482
996.560059
996.560059
907.581482
889.785767
943.172913
960.968628
943.172913
978.764343
996.560059
996.560059
960.968628
978.764343
996.560059
960.968628
996.560059
1014.355774
1014.355774
1032.151489
978.764343
1103.334351
871.990051
1067.742920
943.172913
996.560059
1103.334351
978.764343
978.764343
1049.947266
960.968628
996.560059
996.560059
943.172913
978.764343
996.560059
978.764343
1049.947266
960.968628
978.764343
978.764343
943.172913
978.764343
996.560059
978.764343
996.560059
960.968628
1014.355774
996.560059
960.968628
960.968628
960.968628
978.764343
960.968628
996.560059
1014.355774
1014.355774
996.560059
960.968628
978.764343
960.968628
943.172913
978.764343
996.560059
960.968628
1014.355774
960.968628
943.172913
943.172913
925.377197
889.785767
960.968628
996.560059
943.172913
925.377197
907.581482
960.968628
960.968628
960.968628
978.764343
960.968628
978.764343
996.560059
978.764343
1014.355774
960.968628
1014.355774
996.560059
996.560059
1032.151489
1032.151489
996.560059
1067.742920
907.581482
1085.538696
943.172913
1049.947266
978.764343
1014.355774
978.764343
1032.151489
960.968628
978.764343
960.968628
943.172913
996.560059
996.560059
1049.947266
943.172913
996.560059
1014.355774
943.172913
1014.355774
925.377197
978.764343
978.764343
978.764343
1014.355774
996.560059
996.560059
960.968628
960.968628
960.968628
960.968628
978.764343
996.560059
1014.355774
1014.355774
996.560059
996.560059
960.968628
943.172913
978.764343
960.968628
996.560059
996.560059
960.968628
978.764343
925.377197
925.377197
925.377197
925.377197
943.172913
925.377197
960.968628
996.560059
943.172913
960.968628
978.764343
978.764343
978.764343
978.764343
996.560059
996.560059
978.764343
1032.151489
996.560059
978.764343
1014.355774
978.764343
1014.355774
996.560059
1049.947266
978.764343
1049.947266
960.968628
996.560059
978.764343
978.764343
1014.355774
978.764343
1014.355774
960.968628
943.172913
978.764343
1032.151489
943.172913
978.764343
943.172913
996.560059
996.560059
978.764343
978.764343
978.764343
996.560059
978.764343
978.764343
996.560059
996.560059
978.764343
978.764343
978.764343
978.764343
960.968628
960.968628
978.764343
996.560059
1032.151489
960.968628
1032.151489
978.764343
960.968628
960.968628
943.172913
978.764343
978.764343
960.968628
960.968628
960.968628
943.172913
978.764343
925.377197
925.377197
960.968628
943.172913
925.377197
978.764343
996.560059
960.968628
960.968628
996.560059
978.764343
996.560059
960.968628
1049.947266
978.764343
996.560059
1032.151489
960.968628
1014.355774
960.968628
1032.151489
960.968628
1067.742920
960.968628
1032.151489
978.764343
978.764343
960.968628
996.560059
943.172913
978.764343
996.560059
996.560059
996.560059
996.560059
943.172913
978.764343
960.968628
943.172913
978.764343
1014.355774
978.764343
960.968628
960.968628
960.968628
978.764343
978.764343
978.764343
978.764343
996.560059
978.764343
978.764343
960.968628
960.968628
996.560059
978.764343
978.764343
960.968628
978.764343
978.764343
960.968628
978.764343
978.764343
943.172913
960.968628
925.377197
907.581482
978.764343
978.764343
925.377197
854.194336
907.581482
960.968628
960.968628
943.172913
996.560059
996.560059
960.968628
996.560059
960.968628
960.968628
978.764343
996.560059
1032.151489
1014.355774
1014.355774
1014.355774
943.172913
1032.151489
925.377197
1032.151489
996.560059
996.560059
1014.355774
978.764343
996.560059
960.968628
978.764343
0.000000
