0.000000
249.140015
17.795715
0.000000
106.774292
35.591431
88.978577
106.774292
106.774292
124.570007
142.365723
160.161438
160.161438
160.161438
177.957153
177.957153
195.752869
213.548584
213.548584
231.344299
266.935730
266.935730
266.935730
302.527161
302.527161
320.322876
338.118591
355.914307
373.710022
355.914307
391.505737
427.097168
409.301453
444.892883
480.484314
462.688599
498.280029
480.484314
480.484314
498.280029
516.075745
533.871460
551.667175
551.667175
569.462891
587.258606
587.258606
622.850037
605.054321
640.645752
658.441467
640.645752
658.441467
640.645752
658.441467
622.850037
658.441467
676.237183
694.032898
729.624329
711.828613
729.624329
765.215759
747.420044
747.420044
747.420044
783.011475
783.011475
818.602905
836.398621
854.194336
854.194336
854.194336
854.194336
871.990051
889.785767
889.785767
871.990051
871.990051
907.581482
925.377197
943.172913
925.377197
907.581482
925.377197
907.581482
925.377197
943.172913
907.581482
907.581482
889.785767
996.560059
871.990051
960.968628
818.602905
836.398621
943.172913
836.398621
943.172913
907.581482
871.990051
925.377197
871.990051
854.194336
836.398621
854.194336
854.194336
854.194336
854.194336
818.602905
783.011475
783.011475
889.785767
907.581482
854.194336
871.990051
854.194336
871.990051
854.194336
854.194336
871.990051
854.194336
871.990051
836.398621
836.398621
836.398621
818.602905
783.011475
711.828613
694.032898
836.398621
800.807190
765.215759
783.011475
800.807190
765.215759
765.215759
800.807190
747.420044
765.215759
783.011475
765.215759
783.011475
783.011475
783.011475
783.011475
765.215759
783.011475
765.215759
765.215759
747.420044
747.420044
729.624329
747.420044
747.420044
747.420044
747.420044
711.828613
747.420044
729.624329
711.828613
711.828613
711.828613
711.828613
694.032898
747.420044
676.237183
711.828613
711.828613
676.237183
694.032898
694.032898
676.237183
694.032898
694.032898
658.441467
711.828613
658.441467
694.032898
676.237183
676.237183
694.032898
676.237183
676.237183
658.441467
658.441467
676.237183
640.645752
658.441467
658.441467
711.828613
622.850037
676.237183
676.237183
640.645752
694.032898
640.645752
658.441467
658.441467
658.441467
658.441467
658.441467
658.441467
640.645752
676.237183
658.441467
658.441467
658.441467
640.645752
658.441467
622.850037
658.441467
640.645752
587.258606
605.054321
694.032898
640.645752
533.871460
711.828613
640.645752
498.280029
747.420044
587.258606
551.667175
729.624329
569.462891
533.871460
765.215759
480.484314
622.850037
676.237183
498.280029
676.237183
622.850037
516.075745
640.645752
640.645752
480.484314
765.215759
409.301453
765.215759
391.505737
747.420044
427.097168
622.850037
622.850037
498.280029
640.645752
498.280029
587.258606
605.054321
551.667175
605.054321
533.871460
569.462891
569.462891
533.871460
551.667175
551.667175
569.462891
551.667175
569.462891
569.462891
569.462891
569.462891
569.462891
551.667175
569.462891
533.871460
569.462891
551.667175
551.667175
533.871460
551.667175
533.871460
533.871460
533.871460
569.462891
533.871460
551.667175
533.871460
533.871460
569.462891
516.075745
551.667175
498.280029
533.871460
533.871460
533.871460
498.280029
498.280029
516.075745
551.667175
498.280029
551.667175
516.075745
533.871460
551.667175
516.075745
533.871460
516.075745
516.075745
516.075745
498.280029
498.280029
533.871460
498.280029
533.871460
498.280029
551.667175
516.075745
533.871460
516.075745
533.871460
533.871460
516.075745
533.871460
533.871460
533.871460
498.280029
533.871460
498.280029
533.871460
498.280029
533.871460
498.280029
533.871460
516.075745
533.871460
498.280029
551.667175
498.280029
516.075745
516.075745
516.075745
533.871460
498.280029
516.075745
498.280029
516.075745
498.280029
498.280029
498.280029
498.280029
516.075745
498.280029
533.871460
498.280029
533.871460
516.075745
533.871460
516.075745
533.871460
516.075745
516.075745
516.075745
498.280029
533.871460
480.484314
533.871460
480.484314
516.075745
533.871460
498.280029
551.667175
498.280029
516.075745
480.484314
516.075745
480.484314
516.075745
516.075745
480.484314
516.075745
498.280029
480.484314
516.075745
516.075745
498.280029
498.280029
533.871460
516.075745
551.667175
533.871460
533.871460
516.075745
533.871460
516.075745
533.871460
516.075745
516.075745
533.871460
516.075745
533.871460
516.075745
551.667175
516.075745
551.667175
533.871460
533.871460
551.667175
551.667175
516.075745
533.871460
498.280029
533.871460
516.075745
533.871460
533.871460
516.075745
533.871460
533.871460
551.667175
533.871460
551.667175
516.075745
569.462891
533.871460
569.462891
516.075745
516.075745
516.075745
551.667175
480.484314
551.667175
533.871460
533.871460
533.871460
533.871460
533.871460
533.871460
569.462891
533.871460
551.667175
533.871460
551.667175
533.871460
551.667175
533.871460
533.871460
533.871460
551.667175
533.871460
587.258606
516.075745
587.258606
533.871460
569.462891
533.871460
587.258606
533.871460
569.462891
533.871460
569.462891
533.871460
551.667175
551.667175
516.075745
551.667175
551.667175
516.075745
551.667175
551.667175
551.667175
569.462891
533.871460
587.258606
533.871460
551.667175
533.871460
533.871460
551.667175
533.871460
533.871460
533.871460
551.667175
551.667175
551.667175
569.462891
533.871460
587.258606
516.075745
569.462891
516.075745
551.667175
533.871460
533.871460
533.871460
533.871460
516.075745
533.871460
551.667175
516.075745
533.871460
533.871460
516.075745
516.075745
533.871460
480.484314
516.075745
498.280029
480.484314
498.280029
498.280029
498.280029
516.075745
498.280029
498.280029
516.075745
516.075745
498.280029
516.075745
516.075745
533.871460
516.075745
516.075745
498.280029
516.075745
516.075745
498.280029
516.075745
480.484314
516.075745
480.484314
533.871460
498.280029
516.075745
498.280029
516.075745
498.280029
498.280029
498.280029
498.280029
516.075745
480.484314
516.075745
462.688599
516.075745
480.484314
480.484314
498.280029
480.484314
516.075745
462.688599
516.075745
462.688599
498.280029
498.280029
480.484314
480.484314
480.484314
533.871460
462.688599
480.484314
480.484314
462.688599
498.280029
444.892883
498.280029
444.892883
498.280029
462.688599
498.280029
498.280029
480.484314
516.075745
480.484314
516.075745
480.484314
516.075745
498.280029
480.484314
498.280029
462.688599
498.280029
462.688599
516.075745
462.688599
533.871460
480.484314
551.667175
516.075745
516.075745
533.871460
516.075745
533.871460
498.280029
516.075745
516.075745
498.280029
516.075745
498.280029
516.075745
498.280029
516.075745
480.484314
569.462891
498.280029
533.871460
533.871460
533.871460
516.075745
516.075745
516.075745
516.075745
533.871460
498.280029
533.871460
498.280029
533.871460
498.280029
533.871460
480.484314
533.871460
480.484314
516.075745
533.871460
516.075745
551.667175
480.484314
551.667175
480.484314
516.075745
516.075745
498.280029
516.075745
516.075745
516.075745
498.280029
516.075745
480.484314
498.280029
516.075745
516.075745
533.871460
516.075745
516.075745
516.075745
516.075745
516.075745
498.280029
516.075745
498.280029
516.075745
498.280029
516.075745
516.075745
533.871460
516.075745
533.871460
533.871460
516.075745
533.871460
533.871460
533.871460
516.075745
516.075745
516.075745
533.871460
516.075745
533.871460
498.280029
533.871460
498.280029
551.667175
516.075745
551.667175
516.075745
533.871460
498.280029
551.667175
516.075745
533.871460
533.871460
498.280029
533.871460
498.280029
533.871460
498.280029
533.871460
498.280029
516.075745
498.280029
569.462891
498.280029
569.462891
551.667175
533.871460
551.667175
516.075745
533.871460
533.871460
516.075745
516.075745
533.871460
498.280029
551.667175
498.280029
569.462891
516.075745
533.871460
551.667175
533.871460
533.871460
551.667175
533.871460
551.667175
533.871460
551.667175
533.871460
551.667175
533.871460
533.871460
533.871460
551.667175
551.667175
533.871460
551.667175
533.871460
551.667175
533.871460
551.667175
498.280029
587.258606
480.484314
587.258606
498.280029
551.667175
533.871460
516.075745
551.667175
516.075745
551.667175
551.667175
516.075745
569.462891
516.075745
516.075745
533.871460
533.871460
516.075745
533.871460
533.871460
480.484314
551.667175
498.280029
551.667175
516.075745
551.667175
533.871460
551.667175
533.871460
551.667175
533.871460
516.075745
551.667175
498.280029
551.667175
480.484314
551.667175
498.280029
533.871460
498.280029
516.075745
498.280029
516.075745
551.667175
533.871460
533.871460
533.871460
533.871460
533.871460
498.280029
516.075745
516.075745
516.075745
533.871460
516.075745
516.075745
533.871460
533.871460
569.462891
533.871460
551.667175
516.075745
551.667175
516.075745
551.667175
533.871460
551.667175
533.871460
533.871460
533.871460
551.667175
516.075745
551.667175
533.871460
551.667175
533.871460
0.000000
