0.000000
373.710022
106.774292
-17.795715
124.570007
71.182861
88.978577
124.570007
106.774292
124.570007
124.570007
142.365723
177.957153
177.957153
160.161438
177.957153
160.161438
177.957153
213.548584
231.344299
213.548584
249.140015
266.935730
266.935730
284.731445
284.731445
302.527161
320.322876
338.118591
338.118591
338.118591
373.710022
391.505737
373.710022
409.301453
409.301453
409.301453
409.301453
462.688599
462.688599
427.097168
480.484314
480.484314
480.484314
516.075745
498.280029
533.871460
516.075745
569.462891
569.462891
551.667175
551.667175
605.054321
587.258606
622.850037
622.850037
658.441467
640.645752
658.441467
658.441467
676.237183
676.237183
676.237183
694.032898
747.420044
694.032898
711.828613
747.420044
765.215759
765.215759
783.011475
783.011475
800.807190
783.011475
818.602905
818.602905
854.194336
871.990051
854.194336
889.785767
871.990051
889.785767
925.377197
907.581482
907.581482
925.377197
978.764343
943.172913
996.560059
978.764343
978.764343
960.968628
996.560059
1014.355774
978.764343
1014.355774
1032.151489
1014.355774
1032.151489
1049.947266
1049.947266
1085.538696
1085.538696
1121.130127
1121.130127
1138.925781
1156.721558
1174.517212
1174.517212
1192.312988
1192.312988
1192.312988
1227.904419
1227.904419
1227.904419
1210.108643
1227.904419
1263.495850
1210.108643
1245.700073
1281.291504
1245.700073
1281.291504
1210.108643
1263.495850
1245.700073
1245.700073
1263.495850
1263.495850
1263.495850
1245.700073
1263.495850
1227.904419
1245.700073
1245.700073
1156.721558
1156.721558
1263.495850
1227.904419
1210.108643
1227.904419
1210.108643
1210.108643
1210.108643
1174.517212
1174.517212
1174.517212
1174.517212
1156.721558
1174.517212
1138.925781
1156.721558
1174.517212
1174.517212
1103.334351
1156.721558
1174.517212
1121.130127
1174.517212
1138.925781
1156.721558
1138.925781
1121.130127
1192.312988
1103.334351
1156.721558
1156.721558
1103.334351
1156.721558
1138.925781
1138.925781
1156.721558
1138.925781
1156.721558
1121.130127
1138.925781
1138.925781
1138.925781
1138.925781
1138.925781
1174.517212
1121.130127
1138.925781
1174.517212
1067.742920
1138.925781
1103.334351
1138.925781
1085.538696
1121.130127
1121.130127
1049.947266
1121.130127
1085.538696
1067.742920
1138.925781
1085.538696
1085.538696
1121.130127
1049.947266
1067.742920
1085.538696
1067.742920
1121.130127
1085.538696
1085.538696
1049.947266
1067.742920
1085.538696
1049.947266
1032.151489
1067.742920
1085.538696
1067.742920
1032.151489
1067.742920
1121.130127
943.172913
1032.151489
1067.742920
996.560059
1049.947266
996.560059
1014.355774
996.560059
1032.151489
978.764343
1014.355774
1049.947266
978.764343
1049.947266
978.764343
1049.947266
978.764343
1014.355774
978.764343
978.764343
996.560059
960.968628
1014.355774
996.560059
978.764343
996.560059
943.172913
978.764343
1014.355774
943.172913
1032.151489
943.172913
960.968628
960.968628
925.377197
960.968628
925.377197
943.172913
925.377197
960.968628
943.172913
925.377197
925.377197
996.560059
907.581482
960.968628
978.764343
907.581482
960.968628
960.968628
925.377197
960.968628
943.172913
960.968628
978.764343
960.968628
978.764343
960.968628
978.764343
943.172913
943.172913
978.764343
943.172913
907.581482
1032.151489
943.172913
960.968628
978.764343
960.968628
996.560059
978.764343
996.560059
978.764343
996.560059
996.560059
1014.355774
1014.355774
996.560059
1014.355774
1014.355774
1014.355774
1032.151489
1014.355774
1032.151489
978.764343
1067.742920
1014.355774
996.560059
1032.151489
978.764343
1014.355774
996.560059
978.764343
996.560059
978.764343
978.764343
978.764343
978.764343
943.172913
1032.151489
960.968628
978.764343
996.560059
978.764343
996.560059
996.560059
996.560059
996.560059
996.560059
996.560059
996.560059
978.764343
960.968628
978.764343
996.560059
978.764343
960.968628
978.764343
960.968628
960.968628
978.764343
960.968628
978.764343
996.560059
960.968628
978.764343
960.968628
943.172913
943.172913
960.968628
960.968628
960.968628
960.968628
960.968628
925.377197
996.560059
943.172913
996.560059
960.968628
978.764343
960.968628
978.764343
996.560059
996.560059
996.560059
996.560059
1049.947266
1014.355774
1014.355774
1014.355774
996.560059
996.560059
996.560059
1014.355774
1014.355774
978.764343
1014.355774
978.764343
960.968628
996.560059
978.764343
996.560059
996.560059
978.764343
978.764343
960.968628
978.764343
978.764343
978.764343
960.968628
996.560059
996.560059
978.764343
1014.355774
996.560059
996.560059
978.764343
978.764343
978.764343
996.560059
978.764343
978.764343
978.764343
978.764343
978.764343
978.764343
943.172913
978.764343
960.968628
960.968628
960.968628
960.968628
978.764343
943.172913
943.172913
960.968628
925.377197
943.172913
960.968628
960.968628
943.172913
943.172913
960.968628
925.377197
943.172913
943.172913
978.764343
978.764343
978.764343
996.560059
978.764343
996.560059
996.560059
996.560059
996.560059
1032.151489
1049.947266
1049.947266
1032.151489
1014.355774
996.560059
996.560059
1014.355774
996.560059
1014.355774
996.560059
960.968628
996.560059
978.764343
978.764343
978.764343
996.560059
978.764343
978.764343
996.560059
960.968628
996.560059
978.764343
978.764343
978.764343
960.968628
978.764343
1014.355774
996.560059
996.560059
996.560059
978.764343
996.560059
996.560059
978.764343
978.764343
978.764343
978.764343
996.560059
960.968628
978.764343
960.968628
943.172913
978.764343
960.968628
978.764343
960.968628
978.764343
960.968628
943.172913
960.968628
925.377197
960.968628
960.968628
925.377197
978.764343
943.172913
943.172913
943.172913
943.172913
978.764343
960.968628
943.172913
1014.355774
978.764343
978.764343
1014.355774
978.764343
978.764343
1032.151489
1032.151489
1067.742920
1067.742920
1014.355774
996.560059
996.560059
978.764343
996.560059
996.560059
996.560059
996.560059
960.968628
960.968628
996.560059
996.560059
1014.355774
960.968628
996.560059
960.968628
996.560059
978.764343
978.764343
1014.355774
978.764343
978.764343
978.764343
978.764343
978.764343
1014.355774
996.560059
996.560059
996.560059
996.560059
960.968628
978.764343
978.764343
960.968628
978.764343
943.172913
978.764343
960.968628
960.968628
978.764343
960.968628
960.968628
978.764343
943.172913
978.764343
960.968628
925.377197
943.172913
960.968628
943.172913
960.968628
943.172913
978.764343
925.377197
960.968628
960.968628
960.968628
978.764343
960.968628
978.764343
960.968628
1032.151489
996.560059
996.560059
1014.355774
1014.355774
1014.355774
1049.947266
1067.742920
996.560059
978.764343
1014.355774
978.764343
996.560059
1014.355774
978.764343
978.764343
978.764343
978.764343
978.764343
960.968628
996.560059
978.764343
996.560059
978.764343
978.764343
978.764343
996.560059
978.764343
996.560059
996.560059
996.560059
996.560059
996.560059
978.764343
943.172913
1032.151489
960.968628
996.560059
996.560059
978.764343
996.560059
978.764343
978.764343
960.968628
960.968628
960.968628
978.764343
960.968628
960.968628
960.968628
960.968628
943.172913
978.764343
943.172913
925.377197
943.172913
960.968628
943.172913
943.172913
978.764343
960.968628
943.172913
960.968628
978.764343
978.764343
978.764343
978.764343
978.764343
978.764343
978.764343
978.764343
1014.355774
1014.355774
1014.355774
1014.355774
1032.151489
1014.355774
978.764343
1032.151489
996.560059
996.560059
1014.355774
996.560059
996.560059
978.764343
978.764343
996.560059
960.968628
978.764343
996.560059
960.968628
1014.355774
960.968628
996.560059
978.764343
960.968628
1014.355774
960.968628
978.764343
1014.355774
978.764343
1014.355774
960.968628
978.764343
978.764343
925.377197
1049.947266
978.764343
978.764343
1014.355774
978.764343
996.560059
960.968628
978.764343
978.764343
960.968628
978.764343
978.764343
960.968628
978.764343
943.172913
960.968628
943.172913
943.172913
943.172913
943.172913
943.172913
943.172913
960.968628
960.968628
925.377197
943.172913
960.968628
978.764343
978.764343
960.968628
978.764343
978.764343
996.560059
996.560059
960.968628
978.764343
1049.947266
978.764343
1014.355774
1049.947266
978.764343
1032.151489
996.560059
996.560059
1014.355774
996.560059
1014.355774
978.764343
978.764343
996.560059
960.968628
978.764343
960.968628
943.172913
996.560059
960.968628
960.968628
996.560059
978.764343
978.764343
996.560059
996.560059
978.764343
1014.355774
996.560059
978.764343
1014.355774
978.764343
978.764343
1014.355774
943.172913
996.560059
996.560059
960.968628
996.560059
943.172913
978.764343
960.968628
943.172913
978.764343
960.968628
960.968628
978.764343
943.172913
960.968628
943.172913
925.377197
943.172913
943.172913
943.172913
925.377197
925.377197
960.968628
925.377197
943.172913
943.172913
960.968628
978.764343
960.968628
978.764343
996.560059
960.968628
1014.355774
996.560059
978.764343
1032.151489
996.560059
978.764343
1049.947266
996.560059
1014.355774
1014.355774
996.560059
1032.151489
996.560059
996.560059
996.560059
943.172913
996.560059
978.764343
960.968628
996.560059
960.968628
960.968628
960.968628
960.968628
978.764343
0.000000
