0.000000
213.548584
17.795715
35.591431
88.978577
35.591431
106.774292
88.978577
124.570007
106.774292
124.570007
124.570007
106.774292
124.570007
142.365723
160.161438
160.161438
177.957153
177.957153
195.752869
213.548584
231.344299
249.140015
231.344299
249.140015
284.731445
266.935730
284.731445
302.527161
320.322876
320.322876
320.322876
355.914307
373.710022
355.914307
391.505737
391.505737
409.301453
409.301453
427.097168
427.097168
480.484314
444.892883
480.484314
462.688599
480.484314
498.280029
516.075745
516.075745
533.871460
533.871460
551.667175
569.462891
587.258606
569.462891
605.054321
605.054321
622.850037
605.054321
676.237183
640.645752
658.441467
676.237183
676.237183
711.828613
694.032898
711.828613
729.624329
729.624329
729.624329
783.011475
747.420044
783.011475
783.011475
818.602905
818.602905
836.398621
854.194336
818.602905
854.194336
871.990051
889.785767
889.785767
889.785767
871.990051
925.377197
907.581482
943.172913
960.968628
943.172913
978.764343
978.764343
978.764343
996.560059
996.560059
1014.355774
978.764343
1032.151489
1014.355774
1014.355774
1049.947266
1085.538696
1049.947266
1085.538696
1103.334351
1138.925781
1138.925781
1192.312988
1210.108643
1316.882935
1459.248657
1672.797241
1726.184448
1548.227295
1245.700073
1227.904419
1245.700073
1281.291504
1245.700073
1245.700073
1245.700073
1263.495850
1263.495850
1299.087280
1299.087280
1316.882935
1334.678711
1334.678711
1334.678711
1334.678711
1352.474365
1405.861572
1370.270142
1405.861572
1423.657227
1388.065796
1441.453003
1459.248657
1477.044434
1494.840088
1459.248657
1477.044434
1512.635864
1512.635864
1512.635864
1530.431519
1512.635864
1459.248657
1548.227295
1548.227295
1548.227295
1530.431519
1566.022949
1619.410156
1601.614380
1637.205811
1708.388672
1868.550171
2206.668701
2402.421631
2295.647461
1815.162964
1779.571533
1583.818726
1726.184448
1566.022949
1655.001587
1672.797241
1619.410156
1690.593018
1672.797241
1637.205811
1726.184448
1708.388672
1708.388672
1726.184448
1655.001587
1690.593018
1761.775879
1601.614380
1637.205811
1743.980103
1619.410156
1726.184448
1672.797241
1655.001587
1655.001587
1583.818726
1637.205811
1619.410156
1655.001587
1566.022949
1637.205811
1619.410156
1583.818726
1637.205811
1601.614380
1619.410156
1637.205811
1655.001587
1583.818726
1601.614380
1583.818726
1566.022949
1566.022949
1548.227295
1548.227295
1548.227295
1530.431519
1530.431519
1583.818726
1512.635864
1637.205811
1459.248657
1672.797241
1566.022949
1548.227295
1601.614380
1548.227295
1566.022949
1530.431519
1530.431519
1530.431519
1530.431519
1494.840088
1548.227295
1530.431519
1477.044434
1512.635864
1548.227295
1512.635864
1459.248657
1530.431519
1548.227295
1423.657227
1512.635864
1530.431519
1477.044434
1477.044434
1548.227295
1530.431519
1441.453003
1530.431519
1619.410156
1459.248657
1566.022949
1619.410156
1441.453003
1494.840088
1672.797241
1441.453003
1370.270142
1655.001587
1405.861572
1316.882935
1690.593018
1316.882935
1512.635864
1672.797241
1352.474365
1352.474365
1797.367310
1192.312988
1779.571533
1334.678711
1459.248657
1761.775879
1227.904419
1619.410156
1548.227295
1263.495850
1637.205811
1548.227295
1245.700073
1619.410156
1477.044434
1227.904419
1708.388672
1281.291504
1566.022949
1423.657227
1388.065796
1530.431519
1334.678711
1548.227295
1352.474365
1530.431519
1388.065796
1477.044434
1441.453003
1423.657227
1370.270142
1477.044434
1388.065796
1388.065796
1352.474365
1352.474365
1388.065796
1370.270142
1352.474365
1370.270142
1352.474365
1388.065796
1352.474365
1388.065796
1388.065796
1405.861572
1388.065796
1405.861572
1423.657227
1423.657227
1405.861572
1441.453003
1441.453003
1423.657227
1423.657227
1423.657227
1477.044434
1441.453003
1441.453003
1459.248657
1441.453003
1423.657227
1441.453003
1423.657227
1459.248657
1477.044434
1423.657227
1459.248657
1477.044434
1477.044434
1512.635864
1530.431519
1530.431519
1566.022949
1548.227295
1548.227295
1548.227295
1512.635864
1512.635864
1566.022949
1494.840088
1494.840088
1512.635864
1441.453003
1494.840088
1494.840088
1459.248657
1494.840088
1477.044434
1459.248657
1494.840088
1512.635864
1459.248657
1548.227295
1477.044434
1477.044434
1548.227295
1459.248657
1477.044434
1512.635864
1423.657227
1477.044434
1441.453003
1477.044434
1477.044434
1423.657227
1441.453003
1405.861572
1423.657227
1441.453003
1441.453003
1405.861572
1423.657227
1459.248657
1441.453003
1459.248657
1477.044434
1494.840088
1494.840088
1512.635864
1494.840088
1512.635864
1459.248657
1459.248657
1512.635864
1441.453003
1441.453003
1477.044434
1459.248657
1423.657227
1459.248657
1441.453003
1423.657227
1477.044434
1441.453003
1423.657227
1459.248657
1459.248657
1441.453003
1477.044434
1441.453003
1441.453003
1459.248657
1441.453003
1494.840088
1459.248657
1459.248657
1441.453003
1441.453003
1441.453003
1405.861572
1459.248657
1441.453003
1370.270142
1441.453003
1388.065796
1423.657227
1423.657227
1388.065796
1423.657227
1441.453003
1423.657227
1423.657227
1477.044434
1423.657227
1494.840088
1477.044434
1477.044434
1512.635864
1477.044434
1459.248657
1494.840088
1441.453003
1423.657227
1405.861572
1459.248657
1459.248657
1405.861572
1423.657227
1441.453003
1441.453003
1441.453003
1441.453003
1459.248657
1441.453003
1441.453003
1459.248657
1423.657227
1459.248657
1459.248657
1441.453003
1477.044434
1405.861572
1423.657227
1459.248657
1441.453003
1441.453003
1441.453003
1388.065796
1477.044434
1423.657227
1423.657227
1441.453003
1405.861572
1441.453003
1405.861572
1423.657227
1459.248657
1441.453003
1441.453003
1459.248657
1477.044434
1494.840088
1494.840088
1477.044434
1494.840088
1477.044434
1494.840088
1494.840088
1441.453003
1441.453003
1459.248657
1423.657227
1494.840088
1441.453003
1441.453003
1459.248657
1405.861572
1459.248657
1441.453003
1441.453003
1477.044434
1423.657227
1477.044434
1405.861572
1459.248657
1477.044434
1459.248657
1477.044434
1441.453003
1459.248657
1441.453003
1459.248657
1459.248657
1423.657227
1441.453003
1423.657227
1441.453003
1405.861572
1459.248657
1459.248657
1405.861572
1441.453003
1441.453003
1441.453003
1459.248657
1441.453003
1477.044434
1441.453003
1494.840088
1477.044434
1494.840088
1477.044434
1441.453003
1494.840088
1477.044434
1459.248657
1459.248657
1441.453003
1441.453003
1405.861572
1477.044434
1441.453003
1459.248657
1477.044434
1423.657227
1494.840088
1459.248657
1459.248657
1494.840088
1441.453003
1441.453003
1459.248657
1441.453003
1459.248657
1423.657227
1388.065796
1423.657227
1441.453003
1441.453003
1441.453003
1459.248657
1405.861572
1405.861572
1388.065796
1405.861572
1441.453003
1423.657227
1405.861572
1423.657227
1441.453003
1441.453003
1459.248657
1459.248657
1459.248657
1494.840088
1459.248657
1477.044434
1477.044434
1441.453003
1494.840088
1459.248657
1441.453003
1459.248657
1441.453003
1459.248657
1459.248657
1441.453003
1423.657227
1405.861572
1477.044434
1423.657227
1441.453003
1459.248657
1441.453003
1477.044434
1459.248657
1441.453003
1405.861572
1477.044434
1423.657227
1477.044434
1423.657227
1423.657227
1423.657227
1441.453003
1441.453003
1459.248657
1441.453003
1405.861572
1423.657227
1423.657227
1405.861572
1405.861572
1477.044434
1405.861572
1441.453003
1459.248657
1405.861572
1494.840088
1477.044434
1477.044434
1494.840088
1459.248657
1494.840088
1477.044434
1459.248657
1494.840088
1477.044434
1441.453003
1477.044434
1459.248657
1441.453003
1459.248657
1459.248657
1441.453003
1441.453003
1423.657227
1494.840088
1441.453003
1477.044434
1459.248657
1477.044434
1477.044434
1423.657227
1494.840088
1441.453003
1459.248657
1441.453003
1405.861572
1423.657227
1459.248657
1441.453003
1423.657227
1423.657227
1441.453003
1423.657227
1405.861572
1441.453003
1405.861572
1423.657227
1405.861572
1459.248657
1459.248657
1459.248657
1459.248657
1459.248657
1494.840088
1459.248657
1494.840088
1494.840088
1459.248657
1477.044434
1459.248657
1459.248657
1477.044434
1441.453003
1441.453003
1441.453003
1459.248657
1459.248657
1441.453003
1441.453003
1459.248657
1441.453003
1423.657227
1494.840088
1477.044434
1477.044434
1477.044434
1459.248657
1477.044434
1459.248657
1441.453003
1459.248657
1405.861572
1405.861572
1423.657227
1423.657227
1441.453003
1459.248657
1423.657227
1423.657227
1405.861572
1423.657227
1441.453003
1405.861572
1441.453003
1405.861572
1405.861572
1512.635864
1459.248657
1477.044434
1494.840088
1459.248657
1512.635864
1477.044434
1494.840088
1477.044434
1441.453003
1477.044434
1477.044434
1441.453003
1423.657227
1459.248657
1441.453003
1441.453003
1459.248657
1423.657227
1459.248657
1477.044434
1441.453003
1441.453003
1423.657227
1512.635864
1459.248657
1512.635864
1441.453003
1494.840088
1459.248657
1459.248657
1459.248657
1388.065796
1405.861572
1441.453003
1388.065796
1441.453003
1423.657227
1423.657227
1441.453003
1388.065796
1441.453003
1405.861572
1459.248657
1423.657227
1441.453003
1423.657227
1459.248657
1477.044434
1494.840088
1494.840088
1494.840088
1477.044434
1512.635864
1494.840088
1477.044434
1477.044434
1477.044434
1459.248657
1441.453003
1441.453003
1423.657227
1441.453003
1423.657227
1441.453003
1459.248657
1423.657227
1441.453003
1441.453003
1423.657227
1459.248657
1441.453003
1494.840088
1459.248657
1441.453003
1477.044434
1405.861572
1477.044434
1441.453003
1388.065796
1423.657227
1388.065796
1405.861572
1388.065796
1388.065796
1423.657227
1405.861572
1370.270142
1405.861572
1370.270142
1423.657227
1423.657227
1370.270142
1405.861572
1388.065796
1405.861572
1405.861572
1477.044434
0.000000
