0.000000
302.527161
53.387146
0.000000
106.774292
53.387146
88.978577
88.978577
106.774292
124.570007
142.365723
142.365723
160.161438
177.957153
177.957153
195.752869
195.752869
213.548584
231.344299
231.344299
249.140015
249.140015
266.935730
284.731445
284.731445
320.322876
320.322876
320.322876
391.505737
338.118591
373.710022
391.505737
373.710022
409.301453
409.301453
409.301453
444.892883
427.097168
462.688599
444.892883
462.688599
498.280029
480.484314
516.075745
516.075745
551.667175
551.667175
551.667175
587.258606
587.258606
587.258606
605.054321
605.054321
605.054321
622.850037
640.645752
622.850037
676.237183
658.441467
694.032898
711.828613
711.828613
729.624329
729.624329
747.420044
765.215759
783.011475
747.420044
783.011475
800.807190
800.807190
818.602905
854.194336
871.990051
871.990051
871.990051
871.990051
889.785767
889.785767
925.377197
925.377197
943.172913
943.172913
943.172913
943.172913
943.172913
943.172913
925.377197
907.581482
996.560059
960.968628
943.172913
960.968628
943.172913
943.172913
925.377197
907.581482
925.377197
871.990051
800.807190
978.764343
925.377197
943.172913
943.172913
925.377197
943.172913
925.377197
907.581482
925.377197
907.581482
925.377197
907.581482
925.377197
907.581482
889.785767
907.581482
871.990051
889.785767
854.194336
871.990051
871.990051
836.398621
854.194336
818.602905
818.602905
836.398621
818.602905
800.807190
836.398621
818.602905
818.602905
800.807190
800.807190
818.602905
783.011475
800.807190
800.807190
800.807190
800.807190
800.807190
783.011475
800.807190
783.011475
800.807190
783.011475
765.215759
783.011475
747.420044
765.215759
765.215759
729.624329
747.420044
747.420044
711.828613
711.828613
729.624329
658.441467
747.420044
676.237183
711.828613
711.828613
694.032898
729.624329
711.828613
694.032898
729.624329
676.237183
694.032898
711.828613
676.237183
676.237183
676.237183
676.237183
676.237183
676.237183
694.032898
676.237183
711.828613
676.237183
694.032898
694.032898
622.850037
711.828613
622.850037
694.032898
640.645752
658.441467
676.237183
622.850037
694.032898
640.645752
658.441467
676.237183
640.645752
676.237183
658.441467
640.645752
676.237183
640.645752
676.237183
676.237183
658.441467
676.237183
640.645752
658.441467
658.441467
658.441467
658.441467
640.645752
640.645752
622.850037
640.645752
622.850037
587.258606
658.441467
658.441467
569.462891
622.850037
694.032898
605.054321
551.667175
658.441467
711.828613
587.258606
533.871460
676.237183
533.871460
533.871460
729.624329
462.688599
551.667175
818.602905
373.710022
587.258606
854.194336
373.710022
498.280029
871.990051
320.322876
640.645752
747.420044
391.505737
551.667175
711.828613
444.892883
587.258606
605.054321
498.280029
587.258606
516.075745
551.667175
516.075745
533.871460
516.075745
516.075745
516.075745
516.075745
516.075745
498.280029
516.075745
516.075745
533.871460
516.075745
498.280029
533.871460
498.280029
533.871460
498.280029
516.075745
516.075745
498.280029
533.871460
480.484314
533.871460
462.688599
533.871460
498.280029
498.280029
498.280029
498.280029
498.280029
462.688599
462.688599
480.484314
480.484314
498.280029
480.484314
498.280029
480.484314
480.484314
498.280029
480.484314
480.484314
480.484314
462.688599
498.280029
533.871460
480.484314
516.075745
480.484314
498.280029
516.075745
480.484314
498.280029
462.688599
533.871460
480.484314
533.871460
480.484314
533.871460
516.075745
516.075745
498.280029
516.075745
516.075745
516.075745
498.280029
498.280029
498.280029
498.280029
516.075745
498.280029
498.280029
516.075745
516.075745
516.075745
498.280029
498.280029
516.075745
498.280029
516.075745
498.280029
498.280029
498.280029
516.075745
498.280029
516.075745
498.280029
498.280029
516.075745
480.484314
516.075745
516.075745
516.075745
516.075745
516.075745
516.075745
516.075745
516.075745
533.871460
516.075745
533.871460
516.075745
533.871460
498.280029
533.871460
516.075745
516.075745
533.871460
498.280029
533.871460
516.075745
516.075745
498.280029
533.871460
551.667175
533.871460
516.075745
551.667175
533.871460
533.871460
516.075745
533.871460
533.871460
533.871460
516.075745
516.075745
551.667175
533.871460
533.871460
516.075745
516.075745
551.667175
498.280029
533.871460
533.871460
516.075745
551.667175
516.075745
533.871460
533.871460
533.871460
533.871460
516.075745
516.075745
533.871460
516.075745
533.871460
516.075745
533.871460
533.871460
533.871460
533.871460
551.667175
533.871460
533.871460
516.075745
551.667175
533.871460
533.871460
533.871460
533.871460
533.871460
533.871460
533.871460
533.871460
516.075745
533.871460
516.075745
516.075745
533.871460
516.075745
533.871460
533.871460
516.075745
516.075745
516.075745
516.075745
516.075745
498.280029
533.871460
551.667175
551.667175
533.871460
551.667175
551.667175
551.667175
551.667175
551.667175
551.667175
569.462891
551.667175
551.667175
569.462891
551.667175
551.667175
551.667175
551.667175
569.462891
551.667175
569.462891
569.462891
551.667175
569.462891
569.462891
551.667175
551.667175
551.667175
551.667175
533.871460
551.667175
551.667175
533.871460
569.462891
533.871460
551.667175
516.075745
551.667175
533.871460
516.075745
533.871460
516.075745
533.871460
551.667175
533.871460
516.075745
551.667175
516.075745
551.667175
533.871460
516.075745
551.667175
516.075745
516.075745
551.667175
516.075745
516.075745
533.871460
498.280029
533.871460
498.280029
516.075745
498.280029
498.280029
480.484314
498.280029
516.075745
498.280029
516.075745
498.280029
516.075745
498.280029
516.075745
498.280029
498.280029
498.280029
498.280029
480.484314
498.280029
480.484314
516.075745
498.280029
480.484314
498.280029
480.484314
498.280029
480.484314
516.075745
462.688599
480.484314
498.280029
462.688599
480.484314
480.484314
444.892883
462.688599
444.892883
462.688599
462.688599
444.892883
462.688599
444.892883
444.892883
462.688599
444.892883
462.688599
462.688599
444.892883
462.688599
427.097168
409.301453
444.892883
444.892883
427.097168
444.892883
444.892883
444.892883
444.892883
444.892883
444.892883
480.484314
462.688599
462.688599
480.484314
462.688599
462.688599
480.484314
462.688599
498.280029
480.484314
480.484314
480.484314
480.484314
498.280029
480.484314
498.280029
480.484314
498.280029
480.484314
533.871460
480.484314
516.075745
516.075745
516.075745
533.871460
533.871460
533.871460
516.075745
516.075745
516.075745
498.280029
516.075745
533.871460
516.075745
516.075745
516.075745
516.075745
516.075745
516.075745
498.280029
516.075745
498.280029
533.871460
498.280029
516.075745
498.280029
498.280029
498.280029
498.280029
498.280029
516.075745
498.280029
498.280029
516.075745
498.280029
516.075745
498.280029
498.280029
516.075745
516.075745
498.280029
498.280029
516.075745
516.075745
498.280029
516.075745
498.280029
516.075745
498.280029
533.871460
498.280029
533.871460
516.075745
533.871460
533.871460
516.075745
551.667175
516.075745
533.871460
516.075745
533.871460
516.075745
516.075745
516.075745
533.871460
498.280029
533.871460
569.462891
516.075745
551.667175
516.075745
551.667175
533.871460
516.075745
533.871460
516.075745
551.667175
516.075745
516.075745
516.075745
533.871460
516.075745
533.871460
533.871460
516.075745
533.871460
533.871460
516.075745
533.871460
516.075745
516.075745
516.075745
516.075745
516.075745
516.075745
533.871460
516.075745
516.075745
516.075745
533.871460
516.075745
533.871460
516.075745
516.075745
498.280029
516.075745
533.871460
516.075745
533.871460
516.075745
516.075745
498.280029
498.280029
516.075745
516.075745
516.075745
516.075745
516.075745
533.871460
498.280029
533.871460
498.280029
516.075745
516.075745
516.075745
533.871460
533.871460
533.871460
533.871460
551.667175
516.075745
569.462891
498.280029
551.667175
551.667175
551.667175
551.667175
551.667175
569.462891
569.462891
551.667175
551.667175
569.462891
551.667175
551.667175
533.871460
587.258606
551.667175
551.667175
551.667175
551.667175
551.667175
551.667175
551.667175
551.667175
533.871460
551.667175
533.871460
533.871460
551.667175
516.075745
551.667175
516.075745
533.871460
516.075745
516.075745
533.871460
516.075745
498.280029
533.871460
516.075745
533.871460
516.075745
516.075745
516.075745
516.075745
533.871460
516.075745
533.871460
516.075745
533.871460
533.871460
533.871460
533.871460
533.871460
533.871460
551.667175
516.075745
551.667175
516.075745
533.871460
533.871460
516.075745
551.667175
533.871460
533.871460
533.871460
498.280029
533.871460
551.667175
533.871460
516.075745
516.075745
569.462891
533.871460
533.871460
551.667175
533.871460
533.871460
551.667175
533.871460
533.871460
551.667175
551.667175
533.871460
551.667175
533.871460
551.667175
533.871460
533.871460
551.667175
533.871460
551.667175
533.871460
533.871460
533.871460
533.871460
516.075745
533.871460
0.000000
