0.000000
409.301453
-35.591431
71.182861
35.591431
71.182861
88.978577
71.182861
106.774292
106.774292
124.570007
124.570007
142.365723
124.570007
142.365723
160.161438
160.161438
177.957153
213.548584
213.548584
231.344299
231.344299
231.344299
249.140015
249.140015
266.935730
284.731445
302.527161
302.527161
302.527161
320.322876
338.118591
355.914307
391.505737
391.505737
391.505737
409.301453
409.301453
409.301453
427.097168
462.688599
444.892883
480.484314
462.688599
480.484314
498.280029
498.280029
516.075745
516.075745
533.871460
551.667175
569.462891
569.462891
587.258606
587.258606
605.054321
605.054321
622.850037
622.850037
640.645752
676.237183
640.645752
676.237183
694.032898
694.032898
711.828613
729.624329
711.828613
747.420044
747.420044
765.215759
765.215759
765.215759
783.011475
836.398621
783.011475
800.807190
871.990051
836.398621
854.194336
854.194336
854.194336
889.785767
871.990051
889.785767
907.581482
925.377197
925.377197
943.172913
925.377197
960.968628
943.172913
960.968628
978.764343
978.764343
996.560059
1014.355774
1014.355774
1014.355774
1032.151489
1049.947266
1049.947266
996.560059
1049.947266
1049.947266
1032.151489
1032.151489
1067.742920
1085.538696
1049.947266
1085.538696
1121.130127
1121.130127
1174.517212
1121.130127
1192.312988
1138.925781
1156.721558
1156.721558
1156.721558
1174.517212
1156.721558
1138.925781
1138.925781
1103.334351
1121.130127
1121.130127
1085.538696
1085.538696
1049.947266
1049.947266
1049.947266
1032.151489
1138.925781
1067.742920
1085.538696
1085.538696
1103.334351
1067.742920
1085.538696
1049.947266
1067.742920
1067.742920
1049.947266
1085.538696
1032.151489
1049.947266
1032.151489
1032.151489
1032.151489
1032.151489
1032.151489
1032.151489
996.560059
996.560059
978.764343
978.764343
960.968628
960.968628
960.968628
960.968628
943.172913
943.172913
943.172913
925.377197
925.377197
907.581482
889.785767
907.581482
871.990051
889.785767
871.990051
907.581482
925.377197
925.377197
854.194336
907.581482
925.377197
907.581482
925.377197
907.581482
925.377197
943.172913
889.785767
960.968628
960.968628
889.785767
925.377197
1049.947266
889.785767
836.398621
1085.538696
747.420044
889.785767
1085.538696
765.215759
996.560059
818.602905
943.172913
907.581482
854.194336
889.785767
889.785767
907.581482
907.581482
889.785767
889.785767
907.581482
907.581482
907.581482
943.172913
925.377197
925.377197
925.377197
943.172913
925.377197
960.968628
943.172913
978.764343
943.172913
1014.355774
943.172913
943.172913
978.764343
907.581482
996.560059
943.172913
1014.355774
943.172913
960.968628
960.968628
943.172913
978.764343
960.968628
960.968628
996.560059
960.968628
978.764343
996.560059
978.764343
978.764343
978.764343
996.560059
978.764343
996.560059
996.560059
996.560059
996.560059
1014.355774
1032.151489
1049.947266
1067.742920
1049.947266
1067.742920
1067.742920
1067.742920
1049.947266
1067.742920
1049.947266
1067.742920
1049.947266
1067.742920
1032.151489
1085.538696
1014.355774
1032.151489
1032.151489
1014.355774
960.968628
1032.151489
1032.151489
907.581482
943.172913
1103.334351
1014.355774
800.807190
1210.108643
960.968628
765.215759
1210.108643
1103.334351
658.441467
1352.474365
729.624329
1103.334351
1156.721558
640.645752
1281.291504
765.215759
1085.538696
1103.334351
658.441467
1281.291504
836.398621
925.377197
1121.130127
871.990051
925.377197
1138.925781
818.602905
907.581482
1192.312988
729.624329
1103.334351
818.602905
854.194336
1210.108643
569.462891
1281.291504
516.075745
1245.700073
658.441467
871.990051
1210.108643
747.420044
907.581482
1103.334351
871.990051
925.377197
1049.947266
1032.151489
943.172913
1085.538696
943.172913
1014.355774
1121.130127
800.807190
996.560059
1067.742920
854.194336
1067.742920
836.398621
996.560059
1014.355774
925.377197
978.764343
943.172913
943.172913
943.172913
907.581482
925.377197
925.377197
925.377197
943.172913
943.172913
943.172913
960.968628
925.377197
943.172913
943.172913
960.968628
978.764343
960.968628
960.968628
978.764343
978.764343
996.560059
960.968628
978.764343
978.764343
943.172913
996.560059
960.968628
960.968628
996.560059
960.968628
978.764343
960.968628
960.968628
978.764343
943.172913
978.764343
960.968628
978.764343
996.560059
943.172913
943.172913
960.968628
925.377197
943.172913
960.968628
960.968628
943.172913
978.764343
960.968628
960.968628
960.968628
978.764343
996.560059
1014.355774
1049.947266
1103.334351
1103.334351
1085.538696
1067.742920
996.560059
996.560059
1067.742920
996.560059
1049.947266
1049.947266
996.560059
1067.742920
960.968628
1049.947266
996.560059
996.560059
1032.151489
960.968628
996.560059
960.968628
978.764343
978.764343
943.172913
960.968628
978.764343
925.377197
996.560059
996.560059
943.172913
978.764343
978.764343
960.968628
978.764343
960.968628
978.764343
960.968628
978.764343
978.764343
960.968628
978.764343
943.172913
943.172913
1014.355774
943.172913
1014.355774
960.968628
960.968628
943.172913
925.377197
960.968628
943.172913
943.172913
960.968628
943.172913
925.377197
925.377197
907.581482
889.785767
925.377197
925.377197
889.785767
925.377197
943.172913
925.377197
925.377197
907.581482
943.172913
978.764343
978.764343
1067.742920
1121.130127
960.968628
1138.925781
889.785767
1049.947266
943.172913
978.764343
996.560059
996.560059
996.560059
996.560059
1014.355774
978.764343
996.560059
978.764343
978.764343
978.764343
960.968628
943.172913
943.172913
960.968628
978.764343
978.764343
907.581482
943.172913
960.968628
978.764343
978.764343
943.172913
996.560059
960.968628
943.172913
996.560059
943.172913
996.560059
996.560059
978.764343
996.560059
960.968628
978.764343
978.764343
943.172913
978.764343
960.968628
960.968628
1032.151489
925.377197
996.560059
960.968628
960.968628
978.764343
943.172913
978.764343
978.764343
960.968628
960.968628
943.172913
925.377197
925.377197
943.172913
925.377197
943.172913
943.172913
943.172913
943.172913
943.172913
960.968628
943.172913
978.764343
1014.355774
1049.947266
1138.925781
1156.721558
943.172913
996.560059
1014.355774
978.764343
996.560059
1014.355774
978.764343
978.764343
1032.151489
996.560059
1014.355774
996.560059
996.560059
978.764343
978.764343
960.968628
960.968628
996.560059
960.968628
996.560059
925.377197
960.968628
960.968628
978.764343
996.560059
943.172913
978.764343
943.172913
960.968628
978.764343
960.968628
978.764343
978.764343
978.764343
996.560059
978.764343
996.560059
996.560059
943.172913
978.764343
978.764343
978.764343
978.764343
925.377197
1014.355774
960.968628
978.764343
978.764343
943.172913
996.560059
943.172913
960.968628
960.968628
925.377197
925.377197
925.377197
925.377197
925.377197
907.581482
943.172913
925.377197
943.172913
907.581482
960.968628
960.968628
996.560059
978.764343
1014.355774
1049.947266
1085.538696
1067.742920
1032.151489
1014.355774
996.560059
1014.355774
1014.355774
996.560059
1014.355774
996.560059
943.172913
1049.947266
996.560059
1014.355774
996.560059
978.764343
978.764343
925.377197
996.560059
978.764343
996.560059
960.968628
943.172913
960.968628
943.172913
996.560059
943.172913
960.968628
960.968628
960.968628
960.968628
960.968628
996.560059
960.968628
978.764343
978.764343
960.968628
996.560059
978.764343
960.968628
1014.355774
996.560059
996.560059
978.764343
943.172913
960.968628
925.377197
996.560059
943.172913
978.764343
960.968628
960.968628
925.377197
943.172913
943.172913
925.377197
907.581482
943.172913
925.377197
907.581482
960.968628
925.377197
925.377197
907.581482
925.377197
960.968628
960.968628
1014.355774
996.560059
1049.947266
1049.947266
1032.151489
978.764343
1014.355774
1014.355774
996.560059
1014.355774
1014.355774
996.560059
996.560059
996.560059
978.764343
978.764343
1014.355774
978.764343
978.764343
960.968628
960.968628
978.764343
960.968628
978.764343
960.968628
960.968628
943.172913
978.764343
943.172913
943.172913
943.172913
943.172913
943.172913
943.172913
960.968628
960.968628
978.764343
943.172913
978.764343
960.968628
960.968628
996.560059
943.172913
978.764343
978.764343
978.764343
978.764343
960.968628
960.968628
978.764343
960.968628
960.968628
943.172913
996.560059
978.764343
960.968628
978.764343
925.377197
943.172913
907.581482
960.968628
925.377197
943.172913
925.377197
960.968628
978.764343
943.172913
943.172913
978.764343
996.560059
978.764343
996.560059
1014.355774
996.560059
1032.151489
1032.151489
1032.151489
1032.151489
1032.151489
1032.151489
1067.742920
1014.355774
1032.151489
1032.151489
1032.151489
1049.947266
1032.151489
978.764343
1032.151489
996.560059
1014.355774
1032.151489
960.968628
996.560059
1032.151489
925.377197
996.560059
1049.947266
907.581482
978.764343
1067.742920
836.398621
943.172913
1174.517212
711.828613
1192.312988
818.602905
1067.742920
1049.947266
836.398621
1032.151489
1138.925781
711.828613
1210.108643
871.990051
889.785767
1227.904419
818.602905
1014.355774
1156.721558
676.237183
1156.721558
907.581482
800.807190
1263.495850
587.258606
1352.474365
533.871460
1281.291504
605.054321
1210.108643
551.667175
1227.904419
818.602905
836.398621
1049.947266
747.420044
1014.355774
1085.538696
1085.538696
996.560059
1103.334351
996.560059
996.560059
1014.355774
854.194336
1049.947266
818.602905
1032.151489
889.785767
960.968628
943.172913
925.377197
907.581482
889.785767
907.581482
907.581482
871.990051
907.581482
871.990051
889.785767
907.581482
943.172913
925.377197
925.377197
925.377197
907.581482
907.581482
925.377197
943.172913
943.172913
925.377197
943.172913
960.968628
943.172913
960.968628
960.968628
943.172913
925.377197
978.764343
925.377197
960.968628
996.560059
960.968628
978.764343
996.560059
978.764343
996.560059
1014.355774
978.764343
996.560059
1014.355774
996.560059
1014.355774
1014.355774
1014.355774
996.560059
978.764343
1049.947266
996.560059
996.560059
1032.151489
960.968628
996.560059
996.560059
1014.355774
1014.355774
1014.355774
1014.355774
1014.355774
1067.742920
1014.355774
1049.947266
1049.947266
1032.151489
1067.742920
1032.151489
1067.742920
1085.538696
1032.151489
1121.130127
960.968628
996.560059
1138.925781
1049.947266
871.990051
1138.925781
1138.925781
765.215759
1263.495850
960.968628
765.215759
1192.312988
1085.538696
676.237183
1405.861572
605.054321
1281.291504
818.602905
978.764343
1085.538696
818.602905
1085.538696
1049.947266
800.807190
1138.925781
622.850037
907.581482
871.990051
747.420044
783.011475
800.807190
836.398621
854.194336
854.194336
836.398621
800.807190
783.011475
765.215759
747.420044
711.828613
729.624329
694.032898
676.237183
676.237183
640.645752
622.850037
605.054321
605.054321
569.462891
551.667175
533.871460
498.280029
480.484314
480.484314
444.892883
427.097168
391.505737
338.118591
338.118591
320.322876
302.527161
284.731445
266.935730
213.548584
124.570007
53.387146
-35.591431
-71.182861
-88.978577
-53.387146
-17.795715
53.387146
106.774292
177.957153
213.548584
195.752869
177.957153
177.957153
160.161438
177.957153
124.570007
124.570007
124.570007
88.978577
106.774292
71.182861
71.182861
53.387146
35.591431
17.795715
17.795715
0.000000
0.000000
-17.795715
-35.591431
-35.591431
-71.182861
-53.387146
-71.182861
-88.978577
-106.774292
-106.774292
-106.774292
-124.570007
-124.570007
-142.365723
-142.365723
-142.365723
-160.161438
-177.957153
-160.161438
-177.957153
-177.957153
-177.957153
-195.752869
-195.752869
-195.752869
-195.752869
-177.957153
-195.752869
-177.957153
-195.752869
-195.752869
-124.570007
-71.182861
-124.570007
-160.161438
-160.161438
-160.161438
-177.957153
-177.957153
-142.365723
-160.161438
-160.161438
-142.365723
-142.365723
-106.774292
-142.365723
-124.570007
-106.774292
-124.570007
-88.978577
-106.774292
-88.978577
-71.182861
-88.978577
-53.387146
-71.182861
-35.591431
-53.387146
-35.591431
-17.795715
-17.795715
-17.795715
-17.795715
0.000000
0.000000
0.000000
17.795715
0.000000
53.387146
17.795715
71.182861
35.591431
71.182861
53.387146
71.182861
71.182861
71.182861
71.182861
71.182861
88.978577
71.182861
88.978577
88.978577
88.978577
88.978577
71.182861
106.774292
88.978577
88.978577
106.774292
71.182861
106.774292
71.182861
88.978577
106.774292
35.591431
35.591431
106.774292
53.387146
-17.795715
35.591431
124.570007
17.795715
71.182861
106.774292
17.795715
106.774292
35.591431
88.978577
53.387146
53.387146
71.182861
35.591431
71.182861
35.591431
53.387146
0.000000
