0.000000
373.710022
124.570007
-71.182861
124.570007
53.387146
88.978577
88.978577
106.774292
124.570007
124.570007
142.365723
142.365723
160.161438
177.957153
177.957153
177.957153
195.752869
213.548584
231.344299
249.140015
266.935730
266.935730
266.935730
302.527161
284.731445
302.527161
320.322876
338.118591
338.118591
338.118591
338.118591
391.505737
409.301453
409.301453
391.505737
427.097168
409.301453
462.688599
498.280029
498.280029
533.871460
516.075745
551.667175
551.667175
551.667175
569.462891
587.258606
622.850037
622.850037
658.441467
694.032898
783.011475
889.785767
1014.355774
1049.947266
1032.151489
960.968628
854.194336
747.420044
729.624329
694.032898
783.011475
747.420044
783.011475
783.011475
765.215759
800.807190
800.807190
818.602905
854.194336
836.398621
871.990051
871.990051
871.990051
889.785767
907.581482
925.377197
925.377197
943.172913
960.968628
996.560059
996.560059
996.560059
1014.355774
1014.355774
1032.151489
1032.151489
1067.742920
1049.947266
1067.742920
1049.947266
1067.742920
1067.742920
1103.334351
1103.334351
1121.130127
1138.925781
1138.925781
1174.517212
1174.517212
1156.721558
1210.108643
1263.495850
1299.087280
1352.474365
1192.312988
1245.700073
1245.700073
1227.904419
1245.700073
1227.904419
1281.291504
1281.291504
1316.882935
1334.678711
1334.678711
1370.270142
1334.678711
1566.022949
1548.227295
1441.453003
1423.657227
1405.861572
1441.453003
1370.270142
1477.044434
1370.270142
1405.861572
1405.861572
1405.861572
1423.657227
1405.861572
1405.861572
1441.453003
1405.861572
1405.861572
1477.044434
1441.453003
1459.248657
1405.861572
1352.474365
1334.678711
1423.657227
1405.861572
1441.453003
1441.453003
1388.065796
1388.065796
1388.065796
1388.065796
1388.065796
1370.270142
1388.065796
1388.065796
1388.065796
1405.861572
1388.065796
1405.861572
1388.065796
1316.882935
1388.065796
1370.270142
1388.065796
1370.270142
1370.270142
1370.270142
1334.678711
1334.678711
1334.678711
1334.678711
1316.882935
1334.678711
1316.882935
1352.474365
1334.678711
1352.474365
1334.678711
1334.678711
1334.678711
1334.678711
1334.678711
1316.882935
1316.882935
1370.270142
1316.882935
1334.678711
1352.474365
1352.474365
1388.065796
1352.474365
1334.678711
1334.678711
1299.087280
1334.678711
1263.495850
1299.087280
1227.904419
1299.087280
1299.087280
1210.108643
1299.087280
1334.678711
1227.904419
1192.312988
1352.474365
1334.678711
1138.925781
1210.108643
1405.861572
1299.087280
1121.130127
1263.495850
1441.453003
1227.904419
1103.334351
1441.453003
1405.861572
1032.151489
1512.635864
1049.947266
1530.431519
1032.151489
1530.431519
1085.538696
1423.657227
1245.700073
1067.742920
1388.065796
1370.270142
996.560059
1423.657227
1245.700073
978.764343
1459.248657
1263.495850
978.764343
1494.840088
1316.882935
925.377197
1583.818726
1103.334351
1192.312988
1548.227295
925.377197
1477.044434
1192.312988
1032.151489
1619.410156
889.785767
1566.022949
996.560059
1192.312988
1441.453003
943.172913
1388.065796
1210.108643
1032.151489
1370.270142
1299.087280
996.560059
1334.678711
1281.291504
1049.947266
1281.291504
1299.087280
1067.742920
1245.700073
1370.270142
1103.334351
1156.721558
1459.248657
978.764343
1530.431519
943.172913
1477.044434
1067.742920
1316.882935
1316.882935
1103.334351
1227.904419
1441.453003
1049.947266
1156.721558
1477.044434
1014.355774
1085.538696
1566.022949
871.990051
1477.044434
1067.742920
1263.495850
1388.065796
1138.925781
1138.925781
1370.270142
1156.721558
1138.925781
1388.065796
1174.517212
1049.947266
1494.840088
1085.538696
1192.312988
1512.635864
854.194336
1512.635864
889.785767
1530.431519
1103.334351
1103.334351
1477.044434
996.560059
1085.538696
1477.044434
943.172913
1192.312988
1423.657227
1032.151489
1121.130127
1388.065796
978.764343
1192.312988
1423.657227
943.172913
1316.882935
1352.474365
1014.355774
1210.108643
1441.453003
1049.947266
1477.044434
925.377197
1512.635864
960.968628
1459.248657
1049.947266
1156.721558
1477.044434
1014.355774
1085.538696
1494.840088
889.785767
1227.904419
1405.861572
1067.742920
1121.130127
1459.248657
871.990051
1441.453003
1174.517212
996.560059
1512.635864
1103.334351
1156.721558
1512.635864
871.990051
1423.657227
1138.925781
1049.947266
1548.227295
871.990051
1388.065796
1174.517212
1103.334351
1370.270142
1067.742920
1174.517212
1299.087280
1103.334351
1192.312988
1210.108643
1121.130127
1210.108643
1138.925781
1210.108643
1174.517212
1138.925781
1210.108643
1174.517212
1210.108643
1192.312988
1210.108643
1227.904419
1210.108643
1210.108643
1192.312988
1263.495850
1192.312988
1263.495850
1227.904419
1192.312988
1227.904419
1210.108643
1192.312988
1192.312988
1210.108643
1174.517212
1174.517212
1192.312988
1138.925781
1192.312988
1192.312988
1192.312988
1210.108643
1192.312988
1174.517212
1210.108643
1210.108643
1210.108643
1227.904419
1227.904419
1174.517212
1192.312988
1210.108643
1174.517212
1227.904419
1174.517212
1210.108643
1156.721558
1192.312988
1156.721558
1174.517212
1192.312988
1174.517212
1174.517212
1174.517212
1174.517212
1121.130127
1156.721558
1156.721558
1138.925781
1192.312988
1121.130127
1156.721558
1174.517212
1192.312988
1210.108643
1174.517212
1210.108643
1192.312988
1210.108643
1227.904419
1210.108643
1192.312988
1192.312988
1245.700073
1227.904419
1210.108643
1210.108643
1210.108643
1192.312988
1174.517212
1192.312988
1174.517212
1174.517212
1174.517212
1138.925781
1174.517212
1156.721558
1156.721558
1192.312988
1174.517212
1192.312988
1210.108643
1192.312988
1210.108643
1192.312988
1227.904419
1192.312988
1174.517212
1227.904419
1174.517212
1192.312988
1156.721558
1227.904419
1156.721558
1192.312988
1192.312988
1156.721558
1174.517212
1174.517212
1156.721558
1174.517212
1156.721558
1156.721558
1156.721558
1138.925781
1156.721558
1156.721558
1156.721558
1138.925781
1174.517212
1174.517212
1192.312988
1174.517212
1192.312988
1210.108643
1192.312988
1210.108643
1227.904419
1192.312988
1210.108643
1210.108643
1156.721558
1263.495850
1210.108643
1210.108643
1210.108643
1156.721558
1174.517212
1174.517212
1156.721558
1174.517212
1156.721558
1174.517212
1156.721558
1174.517212
1174.517212
1174.517212
1174.517212
1192.312988
1192.312988
1210.108643
1210.108643
1210.108643
1192.312988
1174.517212
1210.108643
1174.517212
1192.312988
1192.312988
1156.721558
1156.721558
1192.312988
1174.517212
1174.517212
1174.517212
1174.517212
1156.721558
1174.517212
1156.721558
1138.925781
1156.721558
1174.517212
1121.130127
1156.721558
1138.925781
1121.130127
1156.721558
1174.517212
1174.517212
1192.312988
1156.721558
1192.312988
1192.312988
1192.312988
1227.904419
1210.108643
1210.108643
1227.904419
1210.108643
1192.312988
1174.517212
1245.700073
1210.108643
1192.312988
1192.312988
1156.721558
1156.721558
1192.312988
1156.721558
1174.517212
1192.312988
1174.517212
1174.517212
1174.517212
1156.721558
1174.517212
1192.312988
1192.312988
1210.108643
1210.108643
1174.517212
1174.517212
1227.904419
1174.517212
1192.312988
1192.312988
1192.312988
1156.721558
1174.517212
1156.721558
1138.925781
1210.108643
1174.517212
1192.312988
1156.721558
1174.517212
1156.721558
1121.130127
1174.517212
1156.721558
1174.517212
1156.721558
1121.130127
1156.721558
1156.721558
1174.517212
1174.517212
1192.312988
1210.108643
1174.517212
1210.108643
1210.108643
1192.312988
1210.108643
1210.108643
1192.312988
1210.108643
1156.721558
1210.108643
1174.517212
1138.925781
1227.904419
1174.517212
1174.517212
1192.312988
1138.925781
1174.517212
1138.925781
1156.721558
1174.517212
1174.517212
1156.721558
1174.517212
1174.517212
1174.517212
1210.108643
1174.517212
1192.312988
1210.108643
1156.721558
1227.904419
1156.721558
1192.312988
1210.108643
1156.721558
1210.108643
1174.517212
1174.517212
1138.925781
1138.925781
1210.108643
1138.925781
1156.721558
1174.517212
1103.334351
1138.925781
1138.925781
1121.130127
1156.721558
1121.130127
1121.130127
1138.925781
1138.925781
1174.517212
1138.925781
1156.721558
1174.517212
1156.721558
1192.312988
1192.312988
1174.517212
1210.108643
1174.517212
1174.517212
1210.108643
1138.925781
1210.108643
1192.312988
1156.721558
1121.130127
1192.312988
1103.334351
1210.108643
1138.925781
1156.721558
1138.925781
1156.721558
1138.925781
1156.721558
1156.721558
1156.721558
1156.721558
1174.517212
1156.721558
1174.517212
1174.517212
1174.517212
1121.130127
1227.904419
1138.925781
1174.517212
1192.312988
1156.721558
1156.721558
1156.721558
1156.721558
1156.721558
1138.925781
1156.721558
1121.130127
1138.925781
1156.721558
1121.130127
1121.130127
1156.721558
1103.334351
1121.130127
1138.925781
1103.334351
1121.130127
1138.925781
1138.925781
1138.925781
1121.130127
1156.721558
1156.721558
1156.721558
1174.517212
1192.312988
1156.721558
1174.517212
1192.312988
1174.517212
1174.517212
1192.312988
1174.517212
1174.517212
1138.925781
1138.925781
1138.925781
1103.334351
1174.517212
1138.925781
1138.925781
1156.721558
1121.130127
1156.721558
1174.517212
1138.925781
1174.517212
1138.925781
1156.721558
1156.721558
1138.925781
1174.517212
1138.925781
1138.925781
1174.517212
1138.925781
1174.517212
1174.517212
1138.925781
1174.517212
1156.721558
1174.517212
1156.721558
1174.517212
1156.721558
1138.925781
1138.925781
1121.130127
1192.312988
1103.334351
1174.517212
1103.334351
1156.721558
1121.130127
1138.925781
1138.925781
1138.925781
1156.721558
1138.925781
1138.925781
1156.721558
1156.721558
1156.721558
1210.108643
1174.517212
1156.721558
1210.108643
1174.517212
1192.312988
1192.312988
1174.517212
1210.108643
1192.312988
0.000000
