0.000000
249.140015
71.182861
-35.591431
88.978577
17.795715
88.978577
88.978577
106.774292
142.365723
124.570007
142.365723
142.365723
160.161438
177.957153
177.957153
195.752869
195.752869
195.752869
213.548584
213.548584
249.140015
231.344299
249.140015
284.731445
284.731445
284.731445
284.731445
284.731445
320.322876
284.731445
320.322876
338.118591
355.914307
355.914307
373.710022
391.505737
391.505737
409.301453
427.097168
444.892883
444.892883
444.892883
462.688599
444.892883
480.484314
498.280029
498.280029
533.871460
533.871460
533.871460
551.667175
551.667175
569.462891
569.462891
587.258606
569.462891
605.054321
587.258606
605.054321
605.054321
622.850037
605.054321
640.645752
605.054321
640.645752
587.258606
516.075745
516.075745
640.645752
605.054321
605.054321
605.054321
605.054321
587.258606
587.258606
605.054321
569.462891
569.462891
569.462891
569.462891
551.667175
551.667175
551.667175
533.871460
533.871460
516.075745
533.871460
533.871460
516.075745
533.871460
533.871460
533.871460
551.667175
516.075745
551.667175
516.075745
516.075745
516.075745
516.075745
533.871460
498.280029
516.075745
516.075745
533.871460
533.871460
533.871460
516.075745
533.871460
533.871460
516.075745
533.871460
516.075745
516.075745
516.075745
498.280029
516.075745
498.280029
498.280029
498.280029
516.075745
498.280029
498.280029
480.484314
498.280029
498.280029
498.280029
480.484314
498.280029
480.484314
498.280029
498.280029
480.484314
498.280029
462.688599
498.280029
462.688599
462.688599
462.688599
462.688599
462.688599
444.892883
462.688599
462.688599
498.280029
444.892883
427.097168
480.484314
462.688599
427.097168
462.688599
498.280029
427.097168
427.097168
498.280029
462.688599
427.097168
444.892883
480.484314
462.688599
409.301453
444.892883
480.484314
427.097168
409.301453
444.892883
391.505737
444.892883
409.301453
391.505737
427.097168
391.505737
427.097168
409.301453
427.097168
409.301453
427.097168
427.097168
409.301453
427.097168
409.301453
427.097168
444.892883
427.097168
427.097168
409.301453
444.892883
427.097168
444.892883
427.097168
427.097168
427.097168
427.097168
427.097168
444.892883
427.097168
427.097168
444.892883
427.097168
444.892883
427.097168
444.892883
409.301453
409.301453
444.892883
427.097168
409.301453
462.688599
391.505737
480.484314
427.097168
409.301453
462.688599
391.505737
444.892883
427.097168
409.301453
427.097168
409.301453
444.892883
427.097168
462.688599
427.097168
462.688599
462.688599
444.892883
480.484314
427.097168
480.484314
462.688599
462.688599
462.688599
462.688599
480.484314
462.688599
498.280029
480.484314
480.484314
498.280029
498.280029
498.280029
498.280029
516.075745
498.280029
516.075745
516.075745
498.280029
516.075745
498.280029
516.075745
516.075745
533.871460
516.075745
533.871460
516.075745
533.871460
516.075745
533.871460
533.871460
516.075745
533.871460
533.871460
551.667175
516.075745
551.667175
551.667175
516.075745
551.667175
533.871460
516.075745
551.667175
551.667175
533.871460
551.667175
551.667175
551.667175
569.462891
533.871460
569.462891
516.075745
551.667175
533.871460
533.871460
533.871460
551.667175
516.075745
533.871460
516.075745
551.667175
551.667175
533.871460
551.667175
533.871460
551.667175
551.667175
533.871460
533.871460
533.871460
516.075745
551.667175
516.075745
533.871460
551.667175
516.075745
516.075745
516.075745
516.075745
516.075745
516.075745
498.280029
533.871460
516.075745
533.871460
516.075745
533.871460
516.075745
533.871460
516.075745
516.075745
516.075745
533.871460
533.871460
533.871460
533.871460
569.462891
533.871460
551.667175
569.462891
533.871460
551.667175
533.871460
551.667175
551.667175
551.667175
551.667175
551.667175
569.462891
551.667175
551.667175
551.667175
569.462891
569.462891
551.667175
569.462891
569.462891
551.667175
569.462891
551.667175
551.667175
551.667175
533.871460
551.667175
533.871460
551.667175
587.258606
516.075745
569.462891
533.871460
533.871460
551.667175
516.075745
533.871460
533.871460
498.280029
533.871460
516.075745
551.667175
533.871460
516.075745
551.667175
533.871460
533.871460
533.871460
533.871460
533.871460
533.871460
533.871460
533.871460
516.075745
533.871460
533.871460
533.871460
533.871460
533.871460
516.075745
551.667175
533.871460
533.871460
533.871460
533.871460
533.871460
551.667175
551.667175
533.871460
533.871460
551.667175
533.871460
551.667175
569.462891
533.871460
569.462891
551.667175
569.462891
569.462891
551.667175
569.462891
533.871460
551.667175
551.667175
551.667175
551.667175
338.118591
462.688599
533.871460
516.075745
516.075745
551.667175
498.280029
533.871460
498.280029
516.075745
498.280029
516.075745
498.280029
480.484314
480.484314
480.484314
480.484314
462.688599
480.484314
462.688599
444.892883
462.688599
444.892883
444.892883
462.688599
444.892883
444.892883
462.688599
444.892883
462.688599
444.892883
462.688599
462.688599
462.688599
462.688599
427.097168
427.097168
444.892883
444.892883
444.892883
444.892883
427.097168
444.892883
427.097168
427.097168
444.892883
427.097168
444.892883
427.097168
444.892883
444.892883
427.097168
444.892883
427.097168
444.892883
444.892883
409.301453
444.892883
409.301453
409.301453
444.892883
391.505737
444.892883
427.097168
391.505737
462.688599
391.505737
427.097168
427.097168
373.710022
427.097168
391.505737
373.710022
409.301453
373.710022
373.710022
391.505737
355.914307
373.710022
373.710022
373.710022
355.914307
391.505737
355.914307
355.914307
373.710022
355.914307
355.914307
391.505737
338.118591
355.914307
391.505737
355.914307
338.118591
391.505737
355.914307
338.118591
373.710022
373.710022
338.118591
338.118591
373.710022
373.710022
338.118591
355.914307
391.505737
355.914307
320.322876
373.710022
409.301453
338.118591
320.322876
373.710022
444.892883
320.322876
302.527161
409.301453
427.097168
320.322876
302.527161
409.301453
409.301453
266.935730
320.322876
462.688599
231.344299
249.140015
498.280029
320.322876
195.752869
516.075745
373.710022
160.161438
551.667175
302.527161
195.752869
551.667175
284.731445
195.752869
569.462891
231.344299
249.140015
587.258606
142.365723
373.710022
480.484314
160.161438
355.914307
551.667175
71.182861
569.462891
160.161438
427.097168
373.710022
195.752869
373.710022
480.484314
142.365723
338.118591
533.871460
142.365723
320.322876
551.667175
88.978577
391.505737
444.892883
142.365723
355.914307
533.871460
71.182861
444.892883
409.301453
106.774292
462.688599
373.710022
124.570007
391.505737
498.280029
88.978577
391.505737
498.280029
106.774292
320.322876
569.462891
53.387146
427.097168
409.301453
106.774292
373.710022
498.280029
71.182861
498.280029
302.527161
88.978577
587.258606
284.731445
71.182861
694.032898
17.795715
551.667175
160.161438
124.570007
694.032898
-71.182861
658.441467
71.182861
302.527161
551.667175
124.570007
142.365723
658.441467
-71.182861
587.258606
231.344299
124.570007
551.667175
266.935730
53.387146
658.441467
124.570007
302.527161
569.462891
71.182861
320.322876
498.280029
177.957153
249.140015
533.871460
106.774292
338.118591
480.484314
142.365723
302.527161
516.075745
106.774292
409.301453
373.710022
195.752869
373.710022
409.301453
177.957153
320.322876
427.097168
213.548584
320.322876
409.301453
231.344299
355.914307
338.118591
284.731445
355.914307
302.527161
338.118591
320.322876
302.527161
338.118591
320.322876
320.322876
320.322876
302.527161
302.527161
320.322876
302.527161
320.322876
320.322876
302.527161
320.322876
302.527161
320.322876
302.527161
302.527161
302.527161
302.527161
320.322876
302.527161
302.527161
284.731445
302.527161
320.322876
302.527161
302.527161
302.527161
302.527161
302.527161
284.731445
302.527161
284.731445
284.731445
302.527161
302.527161
284.731445
284.731445
302.527161
284.731445
284.731445
284.731445
284.731445
284.731445
284.731445
284.731445
284.731445
284.731445
284.731445
284.731445
302.527161
302.527161
284.731445
302.527161
284.731445
302.527161
302.527161
284.731445
320.322876
284.731445
284.731445
302.527161
284.731445
284.731445
302.527161
284.731445
284.731445
284.731445
284.731445
302.527161
284.731445
284.731445
284.731445
284.731445
302.527161
284.731445
302.527161
284.731445
284.731445
284.731445
284.731445
284.731445
284.731445
284.731445
302.527161
284.731445
266.935730
284.731445
266.935730
284.731445
266.935730
284.731445
284.731445
266.935730
284.731445
284.731445
266.935730
284.731445
284.731445
266.935730
284.731445
284.731445
284.731445
266.935730
266.935730
266.935730
266.935730
266.935730
284.731445
249.140015
266.935730
266.935730
284.731445
266.935730
284.731445
266.935730
266.935730
266.935730
284.731445
266.935730
249.140015
284.731445
284.731445
266.935730
266.935730
266.935730
249.140015
266.935730
249.140015
266.935730
284.731445
266.935730
266.935730
249.140015
0.000000
