0.000000
355.914307
53.387146
-17.795715
106.774292
53.387146
106.774292
88.978577
124.570007
124.570007
142.365723
160.161438
177.957153
177.957153
177.957153
195.752869
231.344299
266.935730
231.344299
249.140015
249.140015
266.935730
284.731445
284.731445
302.527161
338.118591
338.118591
355.914307
355.914307
391.505737
391.505737
427.097168
409.301453
409.301453
462.688599
427.097168
480.484314
516.075745
551.667175
587.258606
640.645752
676.237183
729.624329
783.011475
818.602905
871.990051
943.172913
1049.947266
1067.742920
1049.947266
1014.355774
996.560059
978.764343
783.011475
800.807190
818.602905
765.215759
658.441467
729.624329
747.420044
729.624329
765.215759
800.807190
765.215759
783.011475
765.215759
800.807190
836.398621
800.807190
836.398621
854.194336
836.398621
871.990051
871.990051
925.377197
925.377197
943.172913
960.968628
960.968628
943.172913
1014.355774
978.764343
1032.151489
1032.151489
1049.947266
1085.538696
1085.538696
1103.334351
1067.742920
1085.538696
1121.130127
1121.130127
1138.925781
1138.925781
1156.721558
1174.517212
1192.312988
1156.721558
1210.108643
1245.700073
1245.700073
1263.495850
1245.700073
1227.904419
1245.700073
1227.904419
1245.700073
1299.087280
1316.882935
1334.678711
1281.291504
1299.087280
1316.882935
1334.678711
1388.065796
1388.065796
1370.270142
1352.474365
1388.065796
1405.861572
1388.065796
1423.657227
1405.861572
1405.861572
1423.657227
1423.657227
1441.453003
1441.453003
1423.657227
1423.657227
1405.861572
1388.065796
1441.453003
1441.453003
1405.861572
1388.065796
1405.861572
1388.065796
1405.861572
1370.270142
1263.495850
1512.635864
1281.291504
1423.657227
1388.065796
1388.065796
1423.657227
1370.270142
1388.065796
1388.065796
1405.861572
1423.657227
1405.861572
1388.065796
1334.678711
1334.678711
1352.474365
1316.882935
1388.065796
1316.882935
1334.678711
1299.087280
1245.700073
1334.678711
1263.495850
1210.108643
1370.270142
1121.130127
1441.453003
1174.517212
1405.861572
1121.130127
1494.840088
1192.312988
1352.474365
1174.517212
1405.861572
1121.130127
1423.657227
1263.495850
1370.270142
1316.882935
1334.678711
1405.861572
1299.087280
1370.270142
1334.678711
1316.882935
1316.882935
1281.291504
1334.678711
1299.087280
1352.474365
1334.678711
1299.087280
1334.678711
1316.882935
1370.270142
1299.087280
1388.065796
1263.495850
1370.270142
1263.495850
1352.474365
1316.882935
1299.087280
1299.087280
1316.882935
1210.108643
1352.474365
1192.312988
1316.882935
1281.291504
1174.517212
1316.882935
1281.291504
1156.721558
1281.291504
1388.065796
1174.517212
1299.087280
1334.678711
1085.538696
1334.678711
1174.517212
1245.700073
1334.678711
1138.925781
1281.291504
1370.270142
1049.947266
1477.044434
1067.742920
1477.044434
1103.334351
1405.861572
1121.130127
1370.270142
1156.721558
1352.474365
1174.517212
1299.087280
1334.678711
1103.334351
1210.108643
1423.657227
1014.355774
1477.044434
1067.742920
1405.861572
1156.721558
1263.495850
1405.861572
1085.538696
1388.065796
1263.495850
1192.312988
1388.065796
1049.947266
1423.657227
1067.742920
1352.474365
1138.925781
1281.291504
1121.130127
1281.291504
1121.130127
1299.087280
1103.334351
1316.882935
1067.742920
1299.087280
1049.947266
1352.474365
1049.947266
1370.270142
1032.151489
1316.882935
1067.742920
1352.474365
1049.947266
1352.474365
1067.742920
1441.453003
1085.538696
1299.087280
1245.700073
1138.925781
1352.474365
1085.538696
1423.657227
1067.742920
1352.474365
1049.947266
1352.474365
1121.130127
1299.087280
1192.312988
1156.721558
1352.474365
1032.151489
1227.904419
1299.087280
1121.130127
1263.495850
1299.087280
1085.538696
1227.904419
1352.474365
1085.538696
1334.678711
1227.904419
1156.721558
1370.270142
1067.742920
1316.882935
1103.334351
1299.087280
1138.925781
1299.087280
1085.538696
1263.495850
1067.742920
1281.291504
1067.742920
1316.882935
1049.947266
1316.882935
1014.355774
1316.882935
978.764343
1334.678711
1014.355774
1405.861572
960.968628
1263.495850
1049.947266
1370.270142
996.560059
1441.453003
960.968628
1459.248657
978.764343
1405.861572
1032.151489
1388.065796
1049.947266
1388.065796
1049.947266
1352.474365
1049.947266
1370.270142
978.764343
1423.657227
978.764343
1388.065796
1085.538696
1138.925781
1352.474365
1032.151489
1210.108643
1316.882935
1138.925781
1245.700073
1281.291504
1121.130127
1263.495850
1174.517212
1227.904419
1245.700073
1210.108643
1210.108643
1156.721558
1192.312988
1156.721558
1210.108643
1210.108643
1174.517212
1192.312988
1156.721558
1156.721558
1192.312988
1138.925781
1156.721558
1174.517212
1174.517212
1156.721558
1138.925781
1156.721558
1156.721558
1174.517212
1192.312988
1174.517212
1210.108643
1174.517212
1192.312988
1192.312988
1192.312988
1192.312988
1245.700073
1192.312988
1192.312988
1192.312988
1192.312988
1210.108643
1174.517212
1210.108643
1210.108643
1192.312988
1192.312988
1156.721558
1192.312988
1085.538696
1263.495850
1174.517212
1156.721558
1192.312988
1156.721558
1174.517212
1210.108643
1192.312988
1227.904419
1210.108643
1192.312988
1192.312988
1210.108643
1192.312988
1192.312988
1210.108643
1174.517212
1210.108643
1156.721558
1174.517212
1192.312988
1174.517212
1174.517212
1192.312988
1138.925781
1192.312988
1103.334351
1156.721558
1174.517212
1156.721558
1174.517212
1174.517212
1138.925781
1138.925781
1174.517212
1121.130127
1174.517212
1210.108643
1174.517212
1245.700073
1156.721558
1227.904419
1192.312988
1210.108643
1192.312988
1227.904419
1174.517212
1227.904419
1174.517212
1174.517212
1192.312988
1174.517212
1192.312988
1174.517212
1156.721558
1192.312988
1032.151489
1263.495850
1121.130127
1227.904419
1156.721558
1192.312988
1174.517212
1156.721558
1210.108643
1174.517212
1210.108643
1227.904419
1210.108643
1210.108643
1192.312988
1192.312988
1192.312988
1174.517212
1192.312988
1210.108643
1174.517212
1192.312988
1156.721558
1156.721558
1156.721558
1174.517212
1174.517212
1156.721558
1156.721558
1121.130127
1138.925781
1138.925781
1174.517212
1156.721558
1174.517212
1156.721558
1156.721558
1138.925781
1156.721558
1174.517212
1192.312988
1210.108643
1210.108643
1192.312988
1174.517212
1192.312988
1192.312988
1192.312988
1210.108643
1227.904419
1174.517212
1174.517212
1174.517212
1174.517212
1174.517212
1227.904419
1174.517212
1174.517212
1103.334351
1227.904419
1156.721558
1138.925781
1192.312988
1174.517212
1210.108643
1192.312988
1156.721558
1174.517212
1192.312988
1192.312988
1210.108643
1245.700073
1192.312988
1210.108643
1192.312988
1156.721558
1192.312988
1174.517212
1210.108643
1174.517212
1156.721558
1156.721558
1138.925781
1156.721558
1156.721558
1192.312988
1156.721558
1138.925781
1138.925781
1156.721558
1138.925781
1138.925781
1156.721558
1174.517212
1138.925781
1103.334351
1174.517212
1174.517212
1174.517212
1210.108643
1192.312988
1210.108643
1210.108643
1192.312988
1174.517212
1192.312988
1192.312988
1156.721558
1192.312988
1174.517212
1121.130127
1227.904419
1138.925781
1192.312988
1210.108643
1067.742920
1281.291504
1103.334351
1210.108643
1138.925781
1156.721558
1192.312988
1245.700073
1174.517212
1192.312988
1192.312988
1192.312988
1192.312988
1227.904419
1210.108643
1245.700073
1210.108643
1174.517212
1156.721558
1192.312988
1174.517212
1156.721558
1210.108643
1156.721558
1156.721558
1138.925781
1174.517212
1103.334351
1192.312988
1174.517212
1156.721558
1174.517212
1121.130127
1138.925781
1138.925781
1174.517212
1156.721558
1156.721558
1174.517212
1156.721558
1156.721558
1156.721558
1156.721558
1192.312988
1174.517212
1210.108643
1174.517212
1156.721558
1138.925781
1156.721558
1174.517212
1156.721558
1174.517212
1174.517212
1174.517212
1121.130127
1121.130127
1174.517212
1049.947266
1156.721558
1156.721558
1156.721558
1121.130127
1121.130127
1103.334351
1156.721558
1174.517212
1156.721558
1174.517212
1156.721558
1156.721558
1156.721558
1174.517212
1156.721558
1192.312988
1156.721558
1138.925781
1174.517212
1156.721558
1121.130127
1156.721558
1121.130127
1138.925781
1138.925781
1138.925781
1156.721558
1121.130127
1121.130127
1138.925781
1138.925781
1138.925781
1138.925781
1121.130127
1121.130127
1156.721558
1121.130127
1138.925781
1156.721558
1174.517212
1156.721558
1156.721558
1138.925781
1138.925781
1174.517212
1192.312988
1174.517212
1174.517212
1156.721558
1174.517212
1156.721558
1121.130127
1138.925781
1138.925781
1174.517212
1138.925781
1103.334351
1138.925781
1049.947266
1121.130127
1138.925781
1121.130127
1121.130127
1121.130127
1103.334351
1121.130127
1121.130127
1121.130127
1121.130127
1156.721558
1121.130127
1121.130127
1156.721558
1103.334351
1121.130127
1156.721558
1103.334351
1138.925781
1174.517212
1138.925781
1138.925781
1103.334351
1121.130127
1103.334351
1138.925781
1174.517212
1103.334351
1121.130127
1121.130127
1103.334351
1121.130127
1138.925781
1138.925781
1156.721558
1121.130127
1138.925781
1121.130127
1121.130127
1138.925781
1156.721558
1174.517212
1156.721558
1138.925781
1138.925781
1138.925781
1174.517212
1174.517212
1174.517212
1227.904419
1192.312988
1192.312988
1138.925781
1156.721558
1156.721558
1156.721558
1156.721558
1156.721558
1103.334351
1156.721558
1121.130127
1156.721558
1121.130127
1156.721558
1156.721558
1174.517212
1156.721558
1121.130127
1156.721558
1156.721558
1156.721558
1174.517212
1192.312988
1174.517212
1174.517212
1138.925781
1156.721558
1156.721558
1174.517212
1192.312988
1192.312988
1156.721558
1138.925781
1156.721558
1156.721558
1174.517212
1121.130127
1174.517212
1156.721558
1138.925781
1138.925781
1121.130127
1138.925781
1156.721558
1174.517212
1156.721558
1156.721558
0.000000
