0.000000
231.344299
-17.795715
17.795715
71.182861
17.795715
88.978577
71.182861
88.978577
106.774292
124.570007
124.570007
160.161438
160.161438
160.161438
160.161438
195.752869
213.548584
213.548584
231.344299
231.344299
231.344299
266.935730
266.935730
284.731445
302.527161
284.731445
320.322876
338.118591
320.322876
338.118591
355.914307
355.914307
373.710022
373.710022
391.505737
427.097168
427.097168
409.301453
444.892883
444.892883
480.484314
480.484314
498.280029
516.075745
516.075745
551.667175
533.871460
551.667175
551.667175
551.667175
533.871460
587.258606
587.258606
605.054321
605.054321
622.850037
658.441467
658.441467
658.441467
676.237183
694.032898
729.624329
694.032898
747.420044
711.828613
729.624329
765.215759
729.624329
783.011475
783.011475
783.011475
818.602905
818.602905
836.398621
836.398621
800.807190
836.398621
871.990051
871.990051
871.990051
907.581482
925.377197
907.581482
907.581482
907.581482
907.581482
943.172913
978.764343
1014.355774
1032.151489
1014.355774
1032.151489
1032.151489
1049.947266
1049.947266
1067.742920
1103.334351
1103.334351
1138.925781
1138.925781
1174.517212
1138.925781
1138.925781
1156.721558
1156.721558
1192.312988
1210.108643
1245.700073
1245.700073
1192.312988
1245.700073
1263.495850
1281.291504
1245.700073
1263.495850
1299.087280
1263.495850
1263.495850
1263.495850
1299.087280
1316.882935
1334.678711
1334.678711
1316.882935
1334.678711
1370.270142
1405.861572
1423.657227
1423.657227
1388.065796
1388.065796
1423.657227
1459.248657
1477.044434
1477.044434
1494.840088
1441.453003
1494.840088
1494.840088
1494.840088
1512.635864
1494.840088
1548.227295
1601.614380
1566.022949
1583.818726
1583.818726
1601.614380
1601.614380
1637.205811
1690.593018
1655.001587
1637.205811
1672.797241
1726.184448
1779.571533
1743.980103
1726.184448
1726.184448
1779.571533
1815.162964
1832.958740
1815.162964
1797.367310
1708.388672
1779.571533
1726.184448
1726.184448
1743.980103
1797.367310
1761.775879
1726.184448
1743.980103
1726.184448
1743.980103
1690.593018
1690.593018
1655.001587
1690.593018
1708.388672
1708.388672
1672.797241
1672.797241
1672.797241
1637.205811
1690.593018
1655.001587
1637.205811
1655.001587
1672.797241
1655.001587
1672.797241
1583.818726
1512.635864
1530.431519
1530.431519
1512.635864
1690.593018
1655.001587
1583.818726
1672.797241
1672.797241
1637.205811
1655.001587
1672.797241
1655.001587
1672.797241
1690.593018
1637.205811
1637.205811
1637.205811
1619.410156
1672.797241
1655.001587
1601.614380
1619.410156
1637.205811
1619.410156
1601.614380
1601.614380
1583.818726
1619.410156
1583.818726
1637.205811
1566.022949
1548.227295
1548.227295
1548.227295
1601.614380
1512.635864
1601.614380
1512.635864
1530.431519
1601.614380
1477.044434
1601.614380
1530.431519
1548.227295
1548.227295
1477.044434
1548.227295
1548.227295
1441.453003
1583.818726
1619.410156
1405.861572
1637.205811
1388.065796
1672.797241
1352.474365
1672.797241
1370.270142
1601.614380
1370.270142
1583.818726
1352.474365
1672.797241
1299.087280
1690.593018
1227.904419
1512.635864
1423.657227
1619.410156
1263.495850
1601.614380
1334.678711
1548.227295
1352.474365
1530.431519
1459.248657
1494.840088
1494.840088
1459.248657
1494.840088
1494.840088
1477.044434
1530.431519
1441.453003
1494.840088
1459.248657
1494.840088
1459.248657
1459.248657
1459.248657
1477.044434
1459.248657
1459.248657
1530.431519
1405.861572
1494.840088
1405.861572
1530.431519
1423.657227
1494.840088
1583.818726
1423.657227
1494.840088
1459.248657
1530.431519
1405.861572
1566.022949
1334.678711
1530.431519
1352.474365
1583.818726
1263.495850
1601.614380
1263.495850
1566.022949
1227.904419
1619.410156
1263.495850
1566.022949
1174.517212
1637.205811
1227.904419
1601.614380
1316.882935
1566.022949
1263.495850
1566.022949
1370.270142
1494.840088
1459.248657
1388.065796
1423.657227
1370.270142
1459.248657
1477.044434
1405.861572
1459.248657
1459.248657
1423.657227
1441.453003
1405.861572
1459.248657
1441.453003
1459.248657
1441.453003
1459.248657
1512.635864
1477.044434
1494.840088
1459.248657
1477.044434
1477.044434
1494.840088
1459.248657
1441.453003
1459.248657
1459.248657
1477.044434
1494.840088
1548.227295
1405.861572
1548.227295
1405.861572
1512.635864
1441.453003
1477.044434
1530.431519
1388.065796
1548.227295
1388.065796
1566.022949
1405.861572
1459.248657
1530.431519
1423.657227
1512.635864
1441.453003
1494.840088
1405.861572
1512.635864
1388.065796
1512.635864
1459.248657
1494.840088
1459.248657
1423.657227
1441.453003
1423.657227
1459.248657
1459.248657
1494.840088
1441.453003
1494.840088
1477.044434
1494.840088
1494.840088
1423.657227
1512.635864
1370.270142
1530.431519
1352.474365
1530.431519
1352.474365
1512.635864
1299.087280
1583.818726
1281.291504
1672.797241
1174.517212
1690.593018
1210.108643
1655.001587
1281.291504
1690.593018
1210.108643
1655.001587
1281.291504
1619.410156
1334.678711
1566.022949
1316.882935
1548.227295
1299.087280
1583.818726
1299.087280
1566.022949
1316.882935
1512.635864
1370.270142
1566.022949
1388.065796
1548.227295
1316.882935
1530.431519
1352.474365
1548.227295
1405.861572
1494.840088
1530.431519
1441.453003
1477.044434
1459.248657
1459.248657
1477.044434
1405.861572
1477.044434
1370.270142
1441.453003
1459.248657
1405.861572
1423.657227
1405.861572
1405.861572
1423.657227
1441.453003
1441.453003
1441.453003
1405.861572
1441.453003
1459.248657
1459.248657
1459.248657
1441.453003
1423.657227
1441.453003
1459.248657
1441.453003
1477.044434
1423.657227
1423.657227
1441.453003
1459.248657
1477.044434
1459.248657
1423.657227
1459.248657
1477.044434
1405.861572
1494.840088
1459.248657
1477.044434
1459.248657
1441.453003
1512.635864
1459.248657
1512.635864
1494.840088
1459.248657
1477.044434
1441.453003
1512.635864
1441.453003
1477.044434
1441.453003
1388.065796
1494.840088
1405.861572
1441.453003
1423.657227
1405.861572
1459.248657
1423.657227
1459.248657
1494.840088
1423.657227
1459.248657
1459.248657
1477.044434
1477.044434
1459.248657
1459.248657
1441.453003
1441.453003
1477.044434
1459.248657
1441.453003
1459.248657
1405.861572
1441.453003
1459.248657
1459.248657
1370.270142
1530.431519
1423.657227
1423.657227
1459.248657
1459.248657
1494.840088
1459.248657
1441.453003
1477.044434
1477.044434
1512.635864
1494.840088
1477.044434
1459.248657
1459.248657
1477.044434
1494.840088
1405.861572
1494.840088
1388.065796
1494.840088
1370.270142
1512.635864
1334.678711
1548.227295
1352.474365
1477.044434
1388.065796
1494.840088
1459.248657
1459.248657
1441.453003
1459.248657
1441.453003
1459.248657
1477.044434
1441.453003
1423.657227
1441.453003
1441.453003
1441.453003
1477.044434
1441.453003
1423.657227
1441.453003
1370.270142
1494.840088
1477.044434
1370.270142
1477.044434
1423.657227
1459.248657
1477.044434
1459.248657
1494.840088
1441.453003
1459.248657
1459.248657
1494.840088
1512.635864
1459.248657
1459.248657
1423.657227
1441.453003
1459.248657
1441.453003
1423.657227
1441.453003
1405.861572
1423.657227
1441.453003
1477.044434
1388.065796
1405.861572
1459.248657
1388.065796
1494.840088
1477.044434
1459.248657
1441.453003
1441.453003
1459.248657
1459.248657
1459.248657
1459.248657
1423.657227
1423.657227
1459.248657
1441.453003
1441.453003
1477.044434
1423.657227
1370.270142
1494.840088
1459.248657
1423.657227
1459.248657
1423.657227
1423.657227
1441.453003
1477.044434
1494.840088
1423.657227
1530.431519
1405.861572
1548.227295
1388.065796
1512.635864
1494.840088
1423.657227
1459.248657
1405.861572
1441.453003
1494.840088
1334.678711
1494.840088
1370.270142
1441.453003
1441.453003
1388.065796
1441.453003
1423.657227
1405.861572
1441.453003
1459.248657
1477.044434
1441.453003
1441.453003
1459.248657
1459.248657
1477.044434
1477.044434
1459.248657
1441.453003
1423.657227
1441.453003
1459.248657
1459.248657
1441.453003
1459.248657
1405.861572
1441.453003
1441.453003
1459.248657
1459.248657
1459.248657
1441.453003
1441.453003
1530.431519
1477.044434
1530.431519
1477.044434
1494.840088
1459.248657
1494.840088
1477.044434
1459.248657
1441.453003
1423.657227
1441.453003
1459.248657
1459.248657
1405.861572
1405.861572
1459.248657
1370.270142
1459.248657
1477.044434
1388.065796
1494.840088
1441.453003
1441.453003
1477.044434
1477.044434
1477.044434
1441.453003
1441.453003
1441.453003
1477.044434
1459.248657
1441.453003
1459.248657
1423.657227
1441.453003
1441.453003
1388.065796
1477.044434
1459.248657
1405.861572
1441.453003
1441.453003
1459.248657
1423.657227
1441.453003
1441.453003
1441.453003
1512.635864
1459.248657
1530.431519
1459.248657
1441.453003
1459.248657
1477.044434
1477.044434
1405.861572
1441.453003
1441.453003
1388.065796
1423.657227
1441.453003
1423.657227
1405.861572
1370.270142
1405.861572
1441.453003
1405.861572
1441.453003
1441.453003
1423.657227
1441.453003
1477.044434
1494.840088
1494.840088
1459.248657
1441.453003
1459.248657
1459.248657
1477.044434
1441.453003
1441.453003
1441.453003
1441.453003
1388.065796
1477.044434
1441.453003
1423.657227
1441.453003
1423.657227
1459.248657
1477.044434
1459.248657
1477.044434
1423.657227
1512.635864
1494.840088
1530.431519
1459.248657
1477.044434
1494.840088
1459.248657
1459.248657
1477.044434
1441.453003
1477.044434
1441.453003
1388.065796
1494.840088
1423.657227
1477.044434
1370.270142
1459.248657
1441.453003
1388.065796
1512.635864
1459.248657
1441.453003
1405.861572
1441.453003
1477.044434
1477.044434
1477.044434
1459.248657
1441.453003
1441.453003
1477.044434
1423.657227
1477.044434
1441.453003
1334.678711
1494.840088
1459.248657
1370.270142
0.000000
