0.000000
409.301453
35.591431
-17.795715
160.161438
0.000000
106.774292
88.978577
106.774292
124.570007
142.365723
142.365723
142.365723
160.161438
160.161438
160.161438
195.752869
213.548584
213.548584
231.344299
231.344299
249.140015
249.140015
266.935730
284.731445
284.731445
320.322876
302.527161
320.322876
320.322876
355.914307
355.914307
355.914307
391.505737
391.505737
373.710022
427.097168
409.301453
427.097168
444.892883
427.097168
462.688599
462.688599
480.484314
516.075745
480.484314
533.871460
533.871460
533.871460
551.667175
569.462891
569.462891
587.258606
569.462891
622.850037
605.054321
622.850037
658.441467
640.645752
640.645752
676.237183
676.237183
694.032898
711.828613
711.828613
711.828613
747.420044
729.624329
747.420044
765.215759
765.215759
765.215759
783.011475
765.215759
783.011475
836.398621
800.807190
818.602905
836.398621
871.990051
854.194336
871.990051
889.785767
925.377197
889.785767
960.968628
943.172913
925.377197
907.581482
943.172913
943.172913
960.968628
978.764343
996.560059
996.560059
1014.355774
1014.355774
996.560059
996.560059
1014.355774
1032.151489
1067.742920
1085.538696
1067.742920
1085.538696
1085.538696
1014.355774
1103.334351
1067.742920
1103.334351
1121.130127
1174.517212
1156.721558
1138.925781
1103.334351
1121.130127
1121.130127
1138.925781
1121.130127
1138.925781
1103.334351
1121.130127
1121.130127
1103.334351
1138.925781
1103.334351
1138.925781
1103.334351
1067.742920
1156.721558
1032.151489
1138.925781
1067.742920
1085.538696
1156.721558
1067.742920
1103.334351
1049.947266
1032.151489
996.560059
996.560059
925.377197
996.560059
1049.947266
1014.355774
907.581482
818.602905
818.602905
960.968628
1014.355774
1049.947266
1014.355774
1049.947266
1032.151489
1032.151489
1032.151489
996.560059
1014.355774
1014.355774
1014.355774
1032.151489
1014.355774
1014.355774
996.560059
960.968628
960.968628
925.377197
960.968628
960.968628
960.968628
960.968628
960.968628
889.785767
960.968628
925.377197
889.785767
907.581482
889.785767
765.215759
943.172913
996.560059
765.215759
1121.130127
747.420044
1085.538696
818.602905
943.172913
1067.742920
765.215759
1085.538696
783.011475
1032.151489
907.581482
854.194336
960.968628
836.398621
943.172913
925.377197
907.581482
943.172913
871.990051
907.581482
925.377197
907.581482
943.172913
907.581482
907.581482
960.968628
925.377197
943.172913
907.581482
907.581482
907.581482
943.172913
925.377197
907.581482
943.172913
943.172913
943.172913
960.968628
960.968628
960.968628
943.172913
960.968628
960.968628
978.764343
943.172913
978.764343
978.764343
978.764343
960.968628
978.764343
978.764343
996.560059
978.764343
996.560059
978.764343
1014.355774
996.560059
996.560059
1014.355774
978.764343
996.560059
996.560059
960.968628
1032.151489
1067.742920
1049.947266
1032.151489
1014.355774
1014.355774
1032.151489
1014.355774
1049.947266
1032.151489
1032.151489
1014.355774
1032.151489
1032.151489
1067.742920
1032.151489
1067.742920
1014.355774
1049.947266
1067.742920
943.172913
1121.130127
960.968628
1103.334351
1032.151489
960.968628
1067.742920
943.172913
1014.355774
996.560059
943.172913
1049.947266
943.172913
1032.151489
978.764343
996.560059
978.764343
943.172913
978.764343
960.968628
978.764343
1014.355774
925.377197
1049.947266
889.785767
1085.538696
943.172913
836.398621
1067.742920
889.785767
960.968628
1049.947266
800.807190
1174.517212
747.420044
1121.130127
747.420044
1156.721558
747.420044
1138.925781
765.215759
1138.925781
711.828613
1138.925781
711.828613
1138.925781
694.032898
1156.721558
694.032898
1156.721558
729.624329
1263.495850
640.645752
1085.538696
1014.355774
1174.517212
889.785767
1138.925781
836.398621
1032.151489
1014.355774
978.764343
1014.355774
925.377197
996.560059
960.968628
996.560059
996.560059
996.560059
960.968628
943.172913
978.764343
960.968628
978.764343
943.172913
925.377197
960.968628
925.377197
925.377197
960.968628
943.172913
925.377197
907.581482
907.581482
1014.355774
943.172913
978.764343
996.560059
978.764343
925.377197
943.172913
943.172913
943.172913
960.968628
943.172913
996.560059
960.968628
960.968628
960.968628
925.377197
925.377197
925.377197
960.968628
978.764343
960.968628
978.764343
960.968628
960.968628
960.968628
943.172913
943.172913
960.968628
960.968628
960.968628
960.968628
960.968628
960.968628
978.764343
925.377197
978.764343
978.764343
978.764343
978.764343
1049.947266
1103.334351
1121.130127
1121.130127
1121.130127
1138.925781
996.560059
996.560059
960.968628
1085.538696
907.581482
1049.947266
996.560059
960.968628
1103.334351
889.785767
1085.538696
960.968628
1049.947266
978.764343
996.560059
1032.151489
889.785767
1049.947266
854.194336
1103.334351
871.990051
1085.538696
854.194336
1067.742920
854.194336
1103.334351
765.215759
1192.312988
889.785767
1049.947266
889.785767
1138.925781
783.011475
1156.721558
800.807190
1121.130127
907.581482
943.172913
1174.517212
747.420044
1192.312988
694.032898
1227.904419
694.032898
1156.721558
800.807190
1121.130127
800.807190
1103.334351
854.194336
1014.355774
871.990051
960.968628
943.172913
889.785767
943.172913
925.377197
978.764343
925.377197
925.377197
925.377197
907.581482
925.377197
943.172913
960.968628
978.764343
1032.151489
1103.334351
1032.151489
960.968628
960.968628
996.560059
960.968628
978.764343
960.968628
1014.355774
978.764343
996.560059
996.560059
996.560059
978.764343
978.764343
960.968628
1014.355774
996.560059
1014.355774
996.560059
960.968628
943.172913
960.968628
978.764343
960.968628
978.764343
978.764343
960.968628
960.968628
1014.355774
943.172913
960.968628
960.968628
996.560059
996.560059
1014.355774
960.968628
996.560059
978.764343
960.968628
960.968628
960.968628
978.764343
960.968628
996.560059
978.764343
978.764343
960.968628
943.172913
943.172913
943.172913
978.764343
978.764343
960.968628
978.764343
925.377197
943.172913
907.581482
960.968628
943.172913
960.968628
943.172913
925.377197
943.172913
978.764343
943.172913
907.581482
907.581482
978.764343
978.764343
1014.355774
1067.742920
1067.742920
1014.355774
996.560059
978.764343
996.560059
960.968628
1014.355774
1014.355774
1049.947266
1014.355774
1014.355774
1014.355774
978.764343
1014.355774
943.172913
1032.151489
1014.355774
996.560059
996.560059
960.968628
960.968628
996.560059
943.172913
978.764343
960.968628
960.968628
996.560059
978.764343
996.560059
996.560059
943.172913
978.764343
960.968628
996.560059
996.560059
996.560059
996.560059
960.968628
996.560059
960.968628
960.968628
960.968628
960.968628
960.968628
978.764343
978.764343
943.172913
960.968628
925.377197
960.968628
925.377197
960.968628
978.764343
978.764343
960.968628
907.581482
960.968628
907.581482
978.764343
889.785767
978.764343
960.968628
943.172913
907.581482
889.785767
978.764343
996.560059
978.764343
1085.538696
1049.947266
1103.334351
1014.355774
978.764343
1014.355774
996.560059
978.764343
996.560059
978.764343
996.560059
996.560059
1014.355774
996.560059
1014.355774
1014.355774
960.968628
1032.151489
943.172913
996.560059
978.764343
996.560059
978.764343
996.560059
925.377197
960.968628
943.172913
943.172913
978.764343
1014.355774
960.968628
1014.355774
907.581482
1014.355774
925.377197
978.764343
943.172913
1049.947266
925.377197
1049.947266
978.764343
978.764343
978.764343
943.172913
960.968628
960.968628
943.172913
960.968628
978.764343
978.764343
960.968628
925.377197
907.581482
925.377197
925.377197
943.172913
943.172913
907.581482
925.377197
907.581482
925.377197
854.194336
907.581482
889.785767
889.785767
907.581482
907.581482
925.377197
943.172913
925.377197
943.172913
925.377197
943.172913
960.968628
960.968628
978.764343
960.968628
978.764343
996.560059
1014.355774
960.968628
978.764343
960.968628
1014.355774
925.377197
1014.355774
996.560059
996.560059
960.968628
943.172913
996.560059
907.581482
960.968628
960.968628
978.764343
960.968628
907.581482
925.377197
960.968628
996.560059
943.172913
907.581482
925.377197
925.377197
960.968628
978.764343
960.968628
907.581482
925.377197
996.560059
960.968628
978.764343
978.764343
978.764343
996.560059
978.764343
978.764343
978.764343
996.560059
978.764343
996.560059
996.560059
1014.355774
1014.355774
1014.355774
1014.355774
996.560059
996.560059
978.764343
996.560059
996.560059
1014.355774
943.172913
1032.151489
1032.151489
1032.151489
1032.151489
996.560059
996.560059
1049.947266
1103.334351
1067.742920
1032.151489
1014.355774
1032.151489
1032.151489
1032.151489
1067.742920
1032.151489
1103.334351
943.172913
1121.130127
978.764343
996.560059
1210.108643
836.398621
1245.700073
854.194336
1210.108643
854.194336
1121.130127
854.194336
1156.721558
854.194336
1121.130127
871.990051
1103.334351
854.194336
1049.947266
818.602905
1049.947266
800.807190
1067.742920
836.398621
1103.334351
783.011475
1121.130127
818.602905
943.172913
1014.355774
871.990051
1014.355774
925.377197
996.560059
943.172913
996.560059
925.377197
943.172913
925.377197
943.172913
943.172913
943.172913
925.377197
925.377197
907.581482
907.581482
925.377197
871.990051
907.581482
854.194336
925.377197
836.398621
960.968628
871.990051
943.172913
871.990051
907.581482
871.990051
907.581482
871.990051
925.377197
889.785767
960.968628
889.785767
907.581482
889.785767
943.172913
943.172913
978.764343
960.968628
960.968628
978.764343
996.560059
960.968628
996.560059
925.377197
907.581482
943.172913
943.172913
960.968628
925.377197
943.172913
925.377197
925.377197
925.377197
943.172913
907.581482
925.377197
925.377197
960.968628
960.968628
978.764343
978.764343
960.968628
978.764343
960.968628
978.764343
978.764343
996.560059
1049.947266
1014.355774
1014.355774
1032.151489
1032.151489
1014.355774
1014.355774
1049.947266
1067.742920
1085.538696
1049.947266
1049.947266
1032.151489
1049.947266
1032.151489
1049.947266
1067.742920
1067.742920
1085.538696
1067.742920
1014.355774
1032.151489
978.764343
1032.151489
1014.355774
1049.947266
1049.947266
1049.947266
1049.947266
1032.151489
1032.151489
1032.151489
1032.151489
1032.151489
1049.947266
1049.947266
1067.742920
978.764343
1067.742920
1014.355774
960.968628
1121.130127
1049.947266
1014.355774
1103.334351
996.560059
1049.947266
1049.947266
1014.355774
1085.538696
960.968628
1032.151489
1049.947266
996.560059
996.560059
960.968628
943.172913
978.764343
960.968628
907.581482
943.172913
960.968628
943.172913
943.172913
925.377197
925.377197
676.237183
462.688599
587.258606
836.398621
889.785767
836.398621
836.398621
818.602905
818.602905
783.011475
765.215759
747.420044
747.420044
711.828613
729.624329
711.828613
676.237183
676.237183
622.850037
622.850037
605.054321
605.054321
605.054321
551.667175
533.871460
516.075745
498.280029
462.688599
427.097168
391.505737
302.527161
213.548584
142.365723
88.978577
53.387146
17.795715
-17.795715
0.000000
35.591431
106.774292
142.365723
124.570007
142.365723
142.365723
160.161438
195.752869
213.548584
213.548584
177.957153
177.957153
195.752869
195.752869
177.957153
177.957153
160.161438
124.570007
142.365723
142.365723
88.978577
106.774292
124.570007
53.387146
35.591431
53.387146
17.795715
17.795715
17.795715
0.000000
-17.795715
-17.795715
-53.387146
-53.387146
-53.387146
-88.978577
-71.182861
-124.570007
-88.978577
-124.570007
-142.365723
-142.365723
-142.365723
-160.161438
-142.365723
-160.161438
-177.957153
-177.957153
-195.752869
-177.957153
-177.957153
-195.752869
-195.752869
-195.752869
-195.752869
-213.548584
-177.957153
-195.752869
-160.161438
-142.365723
-124.570007
-124.570007
-177.957153
-160.161438
-177.957153
-160.161438
-160.161438
-177.957153
-142.365723
-160.161438
-160.161438
-142.365723
-142.365723
-142.365723
-124.570007
-124.570007
-124.570007
-106.774292
-106.774292
-88.978577
-88.978577
-88.978577
-71.182861
-71.182861
-53.387146
-53.387146
-35.591431
-35.591431
-35.591431
-17.795715
-17.795715
0.000000
-17.795715
0.000000
17.795715
0.000000
35.591431
17.795715
53.387146
35.591431
53.387146
53.387146
53.387146
71.182861
71.182861
71.182861
88.978577
71.182861
88.978577
88.978577
88.978577
71.182861
88.978577
106.774292
88.978577
106.774292
88.978577
106.774292
106.774292
88.978577
106.774292
88.978577
88.978577
88.978577
88.978577
88.978577
35.591431
53.387146
35.591431
71.182861
88.978577
71.182861
88.978577
71.182861
71.182861
71.182861
71.182861
71.182861
53.387146
71.182861
53.387146
53.387146
53.387146
35.591431
53.387146
0.000000
