0.000000
106.774292
35.591431
0.000000
71.182861
53.387146
71.182861
71.182861
71.182861
35.591431
35.591431
53.387146
53.387146
53.387146
53.387146
53.387146
71.182861
71.182861
71.182861
71.182861
106.774292
88.978577
88.978577
88.978577
88.978577
106.774292
88.978577
124.570007
124.570007
106.774292
106.774292
106.774292
124.570007
124.570007
142.365723
142.365723
142.365723
160.161438
142.365723
142.365723
160.161438
160.161438
177.957153
195.752869
195.752869
213.548584
213.548584
195.752869
213.548584
213.548584
195.752869
231.344299
231.344299
213.548584
213.548584
213.548584
231.344299
213.548584
231.344299
231.344299
249.140015
195.752869
249.140015
249.140015
266.935730
249.140015
249.140015
284.731445
320.322876
409.301453
462.688599
498.280029
533.871460
569.462891
658.441467
765.215759
871.990051
978.764343
1103.334351
1156.721558
1245.700073
1316.882935
1299.087280
1334.678711
1334.678711
1281.291504
1210.108643
1174.517212
960.968628
818.602905
747.420044
409.301453
284.731445
320.322876
373.710022
284.731445
355.914307
373.710022
409.301453
444.892883
480.484314
391.505737
355.914307
355.914307
338.118591
373.710022
373.710022
391.505737
462.688599
551.667175
711.828613
783.011475
836.398621
889.785767
1014.355774
1067.742920
1156.721558
1210.108643
1192.312988
1192.312988
1103.334351
1103.334351
1227.904419
1210.108643
1032.151489
943.172913
925.377197
640.645752
587.258606
409.301453
444.892883
444.892883
444.892883
462.688599
427.097168
444.892883
462.688599
427.097168
498.280029
480.484314
480.484314
480.484314
498.280029
480.484314
480.484314
480.484314
498.280029
516.075745
498.280029
516.075745
622.850037
605.054321
676.237183
783.011475
907.581482
978.764343
1156.721558
1281.291504
1316.882935
1405.861572
1566.022949
1566.022949
1619.410156
1726.184448
1583.818726
1583.818726
1281.291504
871.990051
640.645752
533.871460
551.667175
516.075745
694.032898
551.667175
569.462891
587.258606
587.258606
587.258606
605.054321
640.645752
658.441467
747.420044
747.420044
836.398621
960.968628
1014.355774
1121.130127
1174.517212
1121.130127
1103.334351
960.968628
854.194336
800.807190
676.237183
658.441467
694.032898
694.032898
729.624329
711.828613
747.420044
765.215759
818.602905
818.602905
747.420044
658.441467
622.850037
658.441467
694.032898
676.237183
658.441467
676.237183
694.032898
694.032898
711.828613
747.420044
783.011475
783.011475
818.602905
836.398621
943.172913
996.560059
1032.151489
1085.538696
1014.355774
1067.742920
996.560059
943.172913
1049.947266
943.172913
943.172913
943.172913
943.172913
907.581482
818.602905
836.398621
800.807190
836.398621
818.602905
800.807190
765.215759
783.011475
800.807190
783.011475
836.398621
800.807190
871.990051
836.398621
871.990051
907.581482
978.764343
1121.130127
1156.721558
1227.904419
1281.291504
1334.678711
1370.270142
1334.678711
1299.087280
1316.882935
1263.495850
1174.517212
1049.947266
1085.538696
1032.151489
960.968628
836.398621
889.785767
854.194336
907.581482
871.990051
871.990051
854.194336
978.764343
960.968628
889.785767
943.172913
960.968628
1014.355774
1085.538696
1085.538696
1245.700073
1227.904419
1227.904419
1156.721558
1138.925781
1103.334351
1014.355774
889.785767
996.560059
1032.151489
960.968628
978.764343
1032.151489
925.377197
1014.355774
1014.355774
960.968628
996.560059
996.560059
978.764343
978.764343
907.581482
996.560059
1032.151489
978.764343
1032.151489
1014.355774
1049.947266
1049.947266
1067.742920
1067.742920
1121.130127
1049.947266
871.990051
1103.334351
960.968628
1014.355774
996.560059
996.560059
1032.151489
996.560059
1067.742920
1032.151489
996.560059
960.968628
871.990051
1067.742920
1049.947266
889.785767
907.581482
1067.742920
1032.151489
889.785767
960.968628
1174.517212
978.764343
996.560059
1049.947266
996.560059
1032.151489
1014.355774
1014.355774
1014.355774
960.968628
836.398621
996.560059
1085.538696
907.581482
996.560059
1138.925781
978.764343
943.172913
1121.130127
978.764343
996.560059
996.560059
943.172913
978.764343
978.764343
978.764343
978.764343
943.172913
907.581482
1067.742920
996.560059
1014.355774
1049.947266
1067.742920
1103.334351
1085.538696
1032.151489
996.560059
996.560059
960.968628
854.194336
1103.334351
1049.947266
943.172913
1049.947266
1085.538696
1032.151489
996.560059
1014.355774
1103.334351
978.764343
925.377197
1032.151489
943.172913
978.764343
1032.151489
978.764343
978.764343
1014.355774
1103.334351
1014.355774
1014.355774
978.764343
1049.947266
996.560059
871.990051
1085.538696
1067.742920
943.172913
925.377197
1085.538696
978.764343
943.172913
1049.947266
925.377197
978.764343
1085.538696
978.764343
978.764343
996.560059
960.968628
978.764343
960.968628
978.764343
996.560059
907.581482
871.990051
1067.742920
1103.334351
854.194336
925.377197
1138.925781
943.172913
978.764343
1049.947266
1049.947266
996.560059
1014.355774
1032.151489
978.764343
960.968628
1014.355774
996.560059
943.172913
925.377197
978.764343
1049.947266
1032.151489
1032.151489
996.560059
996.560059
925.377197
978.764343
1032.151489
996.560059
1014.355774
960.968628
978.764343
1014.355774
996.560059
943.172913
1032.151489
1014.355774
1014.355774
996.560059
1032.151489
996.560059
978.764343
1049.947266
978.764343
996.560059
960.968628
871.990051
1067.742920
1067.742920
960.968628
1014.355774
1067.742920
1067.742920
996.560059
1032.151489
1014.355774
996.560059
960.968628
871.990051
1032.151489
1067.742920
1014.355774
960.968628
996.560059
1049.947266
1014.355774
1067.742920
996.560059
960.968628
960.968628
907.581482
1014.355774
1049.947266
1014.355774
978.764343
978.764343
996.560059
1049.947266
996.560059
1014.355774
943.172913
978.764343
943.172913
960.968628
978.764343
996.560059
960.968628
996.560059
1014.355774
996.560059
996.560059
1014.355774
1014.355774
1121.130127
1032.151489
1049.947266
1174.517212
1121.130127
1156.721558
1192.312988
1245.700073
1263.495850
1227.904419
1281.291504
1316.882935
1334.678711
1423.657227
1299.087280
1138.925781
1174.517212
978.764343
1067.742920
1032.151489
1014.355774
1049.947266
1067.742920
1049.947266
1085.538696
1121.130127
1138.925781
1156.721558
1032.151489
1156.721558
1192.312988
1121.130127
1085.538696
1138.925781
1138.925781
1156.721558
1156.721558
1210.108643
1263.495850
1281.291504
1263.495850
1192.312988
1138.925781
1156.721558
1103.334351
1174.517212
1138.925781
1121.130127
1103.334351
1227.904419
1192.312988
1245.700073
1281.291504
1299.087280
1316.882935
1299.087280
1210.108643
1370.270142
1210.108643
1245.700073
1245.700073
1263.495850
1281.291504
1192.312988
1227.904419
1192.312988
1103.334351
1227.904419
1192.312988
1210.108643
1210.108643
1227.904419
1210.108643
1245.700073
1263.495850
1210.108643
1245.700073
1299.087280
1245.700073
1334.678711
1281.291504
1227.904419
1263.495850
1316.882935
1299.087280
1370.270142
1370.270142
1423.657227
1334.678711
1227.904419
1210.108643
1227.904419
1263.495850
1245.700073
1245.700073
1299.087280
1263.495850
1334.678711
1370.270142
1334.678711
1245.700073
1316.882935
1494.840088
1405.861572
1405.861572
1459.248657
1477.044434
1477.044434
1441.453003
1441.453003
1459.248657
1459.248657
1405.861572
1388.065796
1459.248657
1388.065796
1405.861572
1370.270142
1405.861572
1477.044434
1423.657227
1459.248657
1441.453003
1405.861572
1477.044434
1405.861572
1405.861572
1423.657227
1405.861572
1370.270142
1370.270142
1352.474365
1423.657227
1423.657227
1352.474365
1352.474365
1334.678711
1299.087280
1334.678711
1352.474365
1316.882935
1334.678711
1334.678711
1388.065796
1299.087280
1388.065796
1370.270142
1370.270142
1316.882935
1334.678711
1388.065796
1334.678711
1334.678711
1263.495850
1316.882935
1281.291504
1281.291504
1263.495850
1299.087280
1316.882935
1299.087280
1281.291504
1299.087280
1263.495850
1227.904419
1281.291504
1263.495850
1263.495850
1334.678711
1263.495850
1281.291504
1263.495850
1281.291504
1281.291504
1227.904419
1263.495850
1281.291504
1245.700073
1263.495850
1245.700073
1227.904419
1227.904419
1210.108643
1245.700073
1210.108643
1174.517212
1245.700073
1263.495850
1210.108643
1210.108643
1210.108643
1174.517212
1263.495850
1192.312988
1192.312988
1263.495850
1227.904419
1245.700073
1192.312988
1227.904419
1245.700073
1210.108643
1192.312988
1227.904419
1227.904419
1210.108643
1227.904419
1192.312988
1210.108643
1192.312988
1174.517212
1210.108643
1174.517212
1192.312988
1192.312988
1174.517212
1156.721558
1156.721558
1156.721558
1174.517212
1156.721558
1174.517212
1227.904419
1174.517212
1227.904419
1174.517212
1192.312988
1210.108643
1174.517212
1174.517212
1192.312988
1192.312988
1174.517212
1192.312988
1138.925781
1121.130127
1121.130127
1103.334351
1174.517212
1103.334351
1138.925781
1156.721558
1085.538696
1138.925781
1085.538696
1085.538696
1121.130127
1085.538696
1103.334351
1067.742920
1121.130127
1103.334351
1067.742920
1121.130127
1121.130127
1121.130127
1103.334351
1085.538696
1121.130127
1156.721558
1085.538696
1103.334351
1085.538696
1103.334351
1085.538696
1121.130127
1121.130127
1103.334351
1085.538696
1085.538696
1085.538696
1032.151489
1032.151489
1049.947266
1049.947266
1032.151489
1049.947266
1032.151489
1067.742920
1014.355774
996.560059
1049.947266
1032.151489
1014.355774
1103.334351
1049.947266
1067.742920
1049.947266
1049.947266
1067.742920
1014.355774
1032.151489
1032.151489
978.764343
996.560059
1032.151489
978.764343
996.560059
978.764343
1014.355774
960.968628
871.990051
800.807190
889.785767
783.011475
800.807190
747.420044
711.828613
694.032898
622.850037
587.258606
569.462891
551.667175
533.871460
498.280029
498.280029
516.075745
427.097168
427.097168
444.892883
338.118591
320.322876
355.914307
320.322876
338.118591
266.935730
284.731445
266.935730
266.935730
427.097168
729.624329
1049.947266
871.990051
943.172913
889.785767
907.581482
889.785767
854.194336
889.785767
925.377197
889.785767
854.194336
836.398621
783.011475
747.420044
711.828613
711.828613
676.237183
658.441467
605.054321
569.462891
551.667175
516.075745
533.871460
480.484314
480.484314
427.097168
409.301453
409.301453
391.505737
338.118591
338.118591
320.322876
302.527161
302.527161
302.527161
266.935730
284.731445
249.140015
284.731445
231.344299
213.548584
195.752869
373.710022
498.280029
765.215759
943.172913
800.807190
836.398621
818.602905
783.011475
836.398621
818.602905
800.807190
871.990051
818.602905
818.602905
818.602905
836.398621
836.398621
818.602905
783.011475
747.420044
747.420044
729.624329
694.032898
658.441467
658.441467
587.258606
569.462891
551.667175
533.871460
498.280029
480.484314
444.892883
462.688599
480.484314
533.871460
569.462891
516.075745
658.441467
711.828613
783.011475
836.398621
729.624329
800.807190
800.807190
783.011475
783.011475
783.011475
783.011475
800.807190
765.215759
765.215759
783.011475
729.624329
729.624329
783.011475
765.215759
711.828613
711.828613
676.237183
640.645752
640.645752
605.054321
587.258606
569.462891
516.075745
516.075745
462.688599
427.097168
462.688599
480.484314
569.462891
676.237183
640.645752
747.420044
783.011475
765.215759
747.420044
783.011475
765.215759
765.215759
729.624329
800.807190
729.624329
729.624329
747.420044
711.828613
694.032898
729.624329
747.420044
711.828613
676.237183
658.441467
676.237183
640.645752
658.441467
658.441467
676.237183
694.032898
640.645752
658.441467
694.032898
658.441467
622.850037
640.645752
622.850037
587.258606
569.462891
533.871460
498.280029
444.892883
444.892883
462.688599
427.097168
391.505737
373.710022
355.914307
391.505737
480.484314
587.258606
569.462891
640.645752
605.054321
640.645752
622.850037
622.850037
605.054321
622.850037
640.645752
622.850037
640.645752
622.850037
622.850037
640.645752
605.054321
605.054321
605.054321
551.667175
498.280029
498.280029
480.484314
462.688599
409.301453
427.097168
516.075745
569.462891
605.054321
569.462891
605.054321
533.871460
569.462891
551.667175
569.462891
551.667175
551.667175
569.462891
569.462891
551.667175
569.462891
569.462891
587.258606
569.462891
587.258606
622.850037
551.667175
605.054321
569.462891
569.462891
587.258606
569.462891
569.462891
587.258606
569.462891
587.258606
551.667175
551.667175
551.667175
551.667175
569.462891
551.667175
516.075745
569.462891
569.462891
569.462891
551.667175
533.871460
569.462891
533.871460
533.871460
533.871460
569.462891
533.871460
551.667175
551.667175
551.667175
569.462891
516.075745
533.871460
533.871460
516.075745
533.871460
533.871460
533.871460
533.871460
498.280029
516.075745
516.075745
516.075745
516.075745
498.280029
480.484314
480.484314
480.484314
498.280029
462.688599
533.871460
516.075745
551.667175
498.280029
480.484314
498.280029
480.484314
462.688599
498.280029
498.280029
516.075745
498.280029
498.280029
516.075745
516.075745
533.871460
498.280029
480.484314
480.484314
444.892883
480.484314
498.280029
480.484314
498.280029
498.280029
480.484314
462.688599
498.280029
480.484314
480.484314
480.484314
498.280029
480.484314
498.280029
480.484314
462.688599
462.688599
462.688599
480.484314
480.484314
480.484314
444.892883
427.097168
444.892883
427.097168
427.097168
409.301453
427.097168
444.892883
427.097168
409.301453
373.710022
373.710022
427.097168
409.301453
409.301453
427.097168
409.301453
409.301453
427.097168
391.505737
373.710022
373.710022
373.710022
355.914307
373.710022
391.505737
409.301453
373.710022
373.710022
391.505737
355.914307
373.710022
373.710022
373.710022
355.914307
355.914307
373.710022
355.914307
373.710022
355.914307
355.914307
355.914307
338.118591
355.914307
355.914307
355.914307
355.914307
373.710022
338.118591
355.914307
355.914307
355.914307
355.914307
355.914307
355.914307
355.914307
320.322876
355.914307
355.914307
320.322876
338.118591
355.914307
373.710022
355.914307
338.118591
338.118591
338.118591
338.118591
338.118591
338.118591
320.322876
338.118591
355.914307
338.118591
320.322876
338.118591
320.322876
320.322876
320.322876
320.322876
320.322876
320.322876
320.322876
320.322876
320.322876
320.322876
320.322876
320.322876
302.527161
338.118591
302.527161
302.527161
320.322876
302.527161
302.527161
302.527161
320.322876
302.527161
320.322876
320.322876
320.322876
302.527161
320.322876
320.322876
338.118591
320.322876
302.527161
302.527161
284.731445
320.322876
284.731445
284.731445
302.527161
302.527161
266.935730
302.527161
284.731445
302.527161
284.731445
284.731445
266.935730
284.731445
284.731445
284.731445
249.140015
284.731445
266.935730
266.935730
284.731445
266.935730
266.935730
266.935730
231.344299
249.140015
249.140015
266.935730
249.140015
249.140015
249.140015
249.140015
249.140015
266.935730
266.935730
266.935730
266.935730
266.935730
266.935730
266.935730
266.935730
266.935730
249.140015
231.344299
231.344299
231.344299
231.344299
249.140015
231.344299
249.140015
249.140015
249.140015
249.140015
249.140015
213.548584
249.140015
249.140015
231.344299
249.140015
231.344299
231.344299
231.344299
249.140015
231.344299
231.344299
249.140015
213.548584
231.344299
249.140015
231.344299
231.344299
231.344299
231.344299
213.548584
231.344299
213.548584
231.344299
249.140015
231.344299
213.548584
231.344299
231.344299
249.140015
213.548584
213.548584
231.344299
213.548584
195.752869
213.548584
213.548584
213.548584
213.548584
195.752869
213.548584
213.548584
213.548584
213.548584
195.752869
213.548584
195.752869
195.752869
213.548584
195.752869
213.548584
213.548584
195.752869
195.752869
195.752869
195.752869
195.752869
177.957153
177.957153
195.752869
195.752869
195.752869
195.752869
195.752869
195.752869
195.752869
195.752869
213.548584
213.548584
195.752869
195.752869
195.752869
177.957153
195.752869
195.752869
177.957153
177.957153
177.957153
177.957153
177.957153
195.752869
195.752869
177.957153
177.957153
177.957153
177.957153
177.957153
177.957153
177.957153
177.957153
177.957153
177.957153
177.957153
177.957153
160.161438
177.957153
160.161438
177.957153
160.161438
177.957153
177.957153
177.957153
177.957153
160.161438
160.161438
160.161438
160.161438
160.161438
160.161438
142.365723
142.365723
160.161438
142.365723
160.161438
142.365723
142.365723
160.161438
124.570007
142.365723
142.365723
160.161438
142.365723
124.570007
142.365723
142.365723
124.570007
124.570007
142.365723
124.570007
124.570007
124.570007
124.570007
142.365723
142.365723
124.570007
124.570007
142.365723
124.570007
106.774292
106.774292
142.365723
124.570007
124.570007
124.570007
124.570007
124.570007
124.570007
124.570007
106.774292
124.570007
124.570007
106.774292
124.570007
124.570007
106.774292
124.570007
124.570007
106.774292
106.774292
124.570007
106.774292
124.570007
106.774292
106.774292
106.774292
124.570007
88.978577
88.978577
106.774292
106.774292
124.570007
106.774292
106.774292
106.774292
106.774292
106.774292
106.774292
88.978577
106.774292
106.774292
106.774292
106.774292
88.978577
88.978577
106.774292
106.774292
88.978577
106.774292
88.978577
88.978577
88.978577
106.774292
88.978577
88.978577
88.978577
88.978577
88.978577
0.000000
