0.000000
142.365723
0.000000
-17.795715
17.795715
17.795715
35.591431
17.795715
35.591431
35.591431
35.591431
35.591431
53.387146
53.387146
53.387146
53.387146
71.182861
71.182861
71.182861
88.978577
88.978577
106.774292
88.978577
88.978577
88.978577
106.774292
106.774292
106.774292
106.774292
124.570007
142.365723
142.365723
142.365723
142.365723
142.365723
160.161438
160.161438
177.957153
177.957153
195.752869
195.752869
213.548584
213.548584
195.752869
231.344299
249.140015
284.731445
302.527161
320.322876
338.118591
355.914307
409.301453
409.301453
409.301453
355.914307
284.731445
249.140015
213.548584
249.140015
249.140015
249.140015
249.140015
249.140015
249.140015
266.935730
249.140015
284.731445
249.140015
284.731445
266.935730
284.731445
355.914307
338.118591
355.914307
409.301453
409.301453
444.892883
462.688599
551.667175
587.258606
587.258606
658.441467
640.645752
658.441467
640.645752
640.645752
622.850037
622.850037
569.462891
587.258606
516.075745
427.097168
391.505737
355.914307
373.710022
409.301453
409.301453
391.505737
409.301453
391.505737
409.301453
409.301453
427.097168
444.892883
409.301453
409.301453
444.892883
427.097168
444.892883
480.484314
533.871460
587.258606
640.645752
711.828613
854.194336
907.581482
1014.355774
1085.538696
1245.700073
1388.065796
1334.678711
1334.678711
1192.312988
783.011475
605.054321
391.505737
551.667175
533.871460
480.484314
498.280029
498.280029
498.280029
551.667175
533.871460
533.871460
551.667175
516.075745
533.871460
551.667175
533.871460
551.667175
569.462891
587.258606
569.462891
551.667175
569.462891
605.054321
622.850037
551.667175
551.667175
622.850037
605.054321
605.054321
622.850037
605.054321
605.054321
622.850037
640.645752
622.850037
658.441467
640.645752
622.850037
640.645752
658.441467
729.624329
765.215759
854.194336
836.398621
889.785767
925.377197
943.172913
871.990051
747.420044
640.645752
676.237183
676.237183
622.850037
658.441467
676.237183
694.032898
676.237183
729.624329
676.237183
694.032898
747.420044
747.420044
854.194336
818.602905
854.194336
871.990051
854.194336
854.194336
871.990051
854.194336
854.194336
836.398621
747.420044
711.828613
729.624329
729.624329
747.420044
729.624329
729.624329
800.807190
729.624329
765.215759
765.215759
765.215759
783.011475
747.420044
747.420044
783.011475
800.807190
818.602905
836.398621
818.602905
800.807190
765.215759
818.602905
818.602905
836.398621
925.377197
1032.151489
1067.742920
1156.721558
1174.517212
1174.517212
1299.087280
1299.087280
1210.108643
1085.538696
889.785767
765.215759
800.807190
783.011475
836.398621
854.194336
854.194336
836.398621
854.194336
854.194336
854.194336
871.990051
960.968628
871.990051
943.172913
907.581482
907.581482
889.785767
889.785767
960.968628
978.764343
1032.151489
1014.355774
1085.538696
1085.538696
1174.517212
1281.291504
1405.861572
1263.495850
1174.517212
907.581482
889.785767
907.581482
907.581482
960.968628
889.785767
889.785767
889.785767
907.581482
978.764343
978.764343
1049.947266
1067.742920
996.560059
1032.151489
996.560059
996.560059
1014.355774
1014.355774
1032.151489
960.968628
996.560059
1032.151489
1014.355774
996.560059
1032.151489
1032.151489
1032.151489
1032.151489
978.764343
1014.355774
1032.151489
960.968628
1032.151489
960.968628
960.968628
1014.355774
1014.355774
978.764343
1014.355774
960.968628
996.560059
1085.538696
925.377197
996.560059
1032.151489
960.968628
1032.151489
978.764343
996.560059
1014.355774
1032.151489
996.560059
1032.151489
960.968628
960.968628
960.968628
960.968628
978.764343
1014.355774
1014.355774
1014.355774
960.968628
996.560059
925.377197
978.764343
943.172913
943.172913
978.764343
1067.742920
978.764343
960.968628
978.764343
996.560059
1014.355774
996.560059
1014.355774
978.764343
943.172913
943.172913
1014.355774
996.560059
960.968628
978.764343
943.172913
960.968628
978.764343
960.968628
1014.355774
960.968628
960.968628
1049.947266
996.560059
978.764343
960.968628
889.785767
978.764343
996.560059
943.172913
978.764343
960.968628
1014.355774
978.764343
978.764343
1014.355774
1014.355774
996.560059
1014.355774
1067.742920
960.968628
925.377197
960.968628
1014.355774
960.968628
960.968628
978.764343
996.560059
960.968628
943.172913
1032.151489
960.968628
1014.355774
925.377197
996.560059
925.377197
943.172913
960.968628
978.764343
1032.151489
996.560059
978.764343
1049.947266
1049.947266
996.560059
1032.151489
1032.151489
996.560059
943.172913
1014.355774
1049.947266
978.764343
943.172913
1014.355774
1014.355774
960.968628
978.764343
1014.355774
1014.355774
943.172913
996.560059
996.560059
960.968628
978.764343
960.968628
996.560059
960.968628
960.968628
978.764343
996.560059
1014.355774
960.968628
1014.355774
925.377197
960.968628
1014.355774
1014.355774
1032.151489
1014.355774
1049.947266
1014.355774
1032.151489
960.968628
978.764343
907.581482
1032.151489
943.172913
978.764343
1014.355774
960.968628
978.764343
960.968628
1014.355774
1032.151489
960.968628
925.377197
1032.151489
996.560059
996.560059
1014.355774
996.560059
996.560059
1014.355774
1032.151489
1032.151489
1032.151489
978.764343
996.560059
996.560059
1014.355774
960.968628
978.764343
1049.947266
960.968628
960.968628
1014.355774
960.968628
1014.355774
978.764343
996.560059
960.968628
978.764343
960.968628
1049.947266
925.377197
978.764343
978.764343
960.968628
978.764343
978.764343
1014.355774
978.764343
978.764343
1032.151489
1032.151489
978.764343
1014.355774
996.560059
1014.355774
978.764343
960.968628
1049.947266
996.560059
1014.355774
978.764343
978.764343
996.560059
978.764343
978.764343
978.764343
960.968628
960.968628
943.172913
978.764343
978.764343
978.764343
943.172913
996.560059
1049.947266
978.764343
1014.355774
1049.947266
1032.151489
1049.947266
1014.355774
1067.742920
1085.538696
1049.947266
1032.151489
996.560059
1014.355774
996.560059
1049.947266
1049.947266
1049.947266
1032.151489
1067.742920
1067.742920
1032.151489
1049.947266
1067.742920
1032.151489
1049.947266
1014.355774
1014.355774
1067.742920
1049.947266
1085.538696
1121.130127
1103.334351
1103.334351
1103.334351
1121.130127
1121.130127
1103.334351
1067.742920
1103.334351
1138.925781
1103.334351
1103.334351
1067.742920
1121.130127
1103.334351
1103.334351
1174.517212
1138.925781
1103.334351
1138.925781
1138.925781
1103.334351
1103.334351
1103.334351
1156.721558
1156.721558
1156.721558
1156.721558
1174.517212
1210.108643
1192.312988
1192.312988
1299.087280
1227.904419
1227.904419
1245.700073
1192.312988
1227.904419
1138.925781
1174.517212
1174.517212
1138.925781
1192.312988
1192.312988
1192.312988
1227.904419
1192.312988
1210.108643
1245.700073
1192.312988
1210.108643
1263.495850
1281.291504
1388.065796
1459.248657
1441.453003
1494.840088
1459.248657
1494.840088
1477.044434
1494.840088
1441.453003
1388.065796
1174.517212
1210.108643
1210.108643
1174.517212
1299.087280
1227.904419
1245.700073
1334.678711
1227.904419
1263.495850
1334.678711
1352.474365
1245.700073
1334.678711
1370.270142
1334.678711
1388.065796
1388.065796
1423.657227
1459.248657
1441.453003
1423.657227
1423.657227
1459.248657
1388.065796
1405.861572
1459.248657
1370.270142
1352.474365
1334.678711
1316.882935
1388.065796
1441.453003
1405.861572
1405.861572
1388.065796
1388.065796
1370.270142
1405.861572
1405.861572
1370.270142
1316.882935
1334.678711
1316.882935
1405.861572
1370.270142
1316.882935
1388.065796
1316.882935
1299.087280
1334.678711
1334.678711
1299.087280
1299.087280
1281.291504
1281.291504
1281.291504
1316.882935
1352.474365
1334.678711
1281.291504
1299.087280
1388.065796
1352.474365
1352.474365
1210.108643
1299.087280
1263.495850
1299.087280
1299.087280
1281.291504
1299.087280
1281.291504
1299.087280
1299.087280
1263.495850
1192.312988
1299.087280
1245.700073
1210.108643
1263.495850
1174.517212
1210.108643
1245.700073
1263.495850
1227.904419
1227.904419
1227.904419
1245.700073
1245.700073
1245.700073
1245.700073
1174.517212
1227.904419
1210.108643
1227.904419
1245.700073
1227.904419
1245.700073
1210.108643
1227.904419
1192.312988
1192.312988
1192.312988
1210.108643
1174.517212
1138.925781
1227.904419
1138.925781
1156.721558
1156.721558
1174.517212
1210.108643
1174.517212
1174.517212
1227.904419
1192.312988
1174.517212
1192.312988
1174.517212
1210.108643
1156.721558
1192.312988
1192.312988
1156.721558
1174.517212
1227.904419
1210.108643
1156.721558
1174.517212
1174.517212
1174.517212
1138.925781
1138.925781
1210.108643
1138.925781
1121.130127
1103.334351
1156.721558
1192.312988
1156.721558
1138.925781
1192.312988
1192.312988
1156.721558
1138.925781
1121.130127
1121.130127
1103.334351
1085.538696
1156.721558
1103.334351
1121.130127
1121.130127
1085.538696
1156.721558
1138.925781
1121.130127
1121.130127
1103.334351
1138.925781
1085.538696
1103.334351
1067.742920
1067.742920
1032.151489
1067.742920
1085.538696
1067.742920
1049.947266
1085.538696
1085.538696
1067.742920
1103.334351
1049.947266
1067.742920
1085.538696
1103.334351
1103.334351
1103.334351
1121.130127
1085.538696
1067.742920
1032.151489
1049.947266
1067.742920
1067.742920
1032.151489
1032.151489
1049.947266
1032.151489
1049.947266
1032.151489
1032.151489
1049.947266
1014.355774
1085.538696
1032.151489
1014.355774
1014.355774
1067.742920
1014.355774
996.560059
1049.947266
1049.947266
960.968628
943.172913
1049.947266
943.172913
1014.355774
943.172913
978.764343
943.172913
889.785767
783.011475
907.581482
783.011475
729.624329
711.828613
658.441467
622.850037
587.258606
569.462891
551.667175
533.871460
533.871460
516.075745
409.301453
444.892883
391.505737
409.301453
391.505737
320.322876
373.710022
302.527161
302.527161
373.710022
391.505737
587.258606
676.237183
1085.538696
836.398621
996.560059
889.785767
907.581482
907.581482
889.785767
907.581482
871.990051
907.581482
907.581482
871.990051
854.194336
800.807190
783.011475
729.624329
747.420044
729.624329
694.032898
640.645752
711.828613
640.645752
551.667175
533.871460
551.667175
462.688599
444.892883
427.097168
391.505737
444.892883
427.097168
355.914307
338.118591
320.322876
284.731445
302.527161
249.140015
266.935730
213.548584
249.140015
231.344299
213.548584
231.344299
195.752869
249.140015
373.710022
409.301453
676.237183
978.764343
836.398621
836.398621
854.194336
800.807190
854.194336
818.602905
836.398621
854.194336
800.807190
818.602905
783.011475
818.602905
800.807190
783.011475
729.624329
729.624329
711.828613
729.624329
711.828613
640.645752
658.441467
569.462891
587.258606
605.054321
587.258606
569.462891
551.667175
516.075745
551.667175
498.280029
498.280029
533.871460
587.258606
605.054321
640.645752
747.420044
889.785767
711.828613
800.807190
800.807190
765.215759
783.011475
747.420044
747.420044
800.807190
783.011475
729.624329
800.807190
765.215759
694.032898
818.602905
765.215759
747.420044
747.420044
747.420044
747.420044
747.420044
711.828613
658.441467
676.237183
658.441467
658.441467
729.624329
711.828613
694.032898
676.237183
694.032898
729.624329
747.420044
747.420044
729.624329
711.828613
729.624329
747.420044
729.624329
729.624329
729.624329
729.624329
711.828613
729.624329
747.420044
711.828613
711.828613
676.237183
676.237183
711.828613
676.237183
676.237183
658.441467
622.850037
658.441467
694.032898
658.441467
676.237183
622.850037
569.462891
569.462891
498.280029
605.054321
533.871460
480.484314
480.484314
480.484314
462.688599
444.892883
444.892883
462.688599
551.667175
587.258606
694.032898
640.645752
605.054321
640.645752
640.645752
640.645752
676.237183
658.441467
622.850037
622.850037
605.054321
640.645752
622.850037
658.441467
658.441467
658.441467
640.645752
622.850037
605.054321
622.850037
605.054321
622.850037
622.850037
587.258606
605.054321
622.850037
622.850037
676.237183
587.258606
569.462891
605.054321
569.462891
587.258606
605.054321
605.054321
587.258606
569.462891
640.645752
551.667175
587.258606
622.850037
587.258606
551.667175
587.258606
569.462891
587.258606
569.462891
569.462891
605.054321
605.054321
587.258606
587.258606
569.462891
569.462891
569.462891
569.462891
551.667175
587.258606
569.462891
569.462891
569.462891
569.462891
533.871460
533.871460
587.258606
551.667175
569.462891
587.258606
569.462891
587.258606
569.462891
551.667175
587.258606
569.462891
587.258606
516.075745
605.054321
587.258606
551.667175
551.667175
569.462891
569.462891
533.871460
551.667175
569.462891
533.871460
551.667175
551.667175
533.871460
533.871460
533.871460
516.075745
533.871460
498.280029
498.280029
516.075745
498.280029
516.075745
498.280029
516.075745
551.667175
533.871460
516.075745
498.280029
480.484314
498.280029
480.484314
462.688599
516.075745
498.280029
516.075745
533.871460
498.280029
498.280029
533.871460
516.075745
498.280029
498.280029
516.075745
533.871460
498.280029
498.280029
516.075745
516.075745
533.871460
516.075745
480.484314
498.280029
516.075745
480.484314
498.280029
480.484314
516.075745
516.075745
516.075745
516.075745
498.280029
480.484314
480.484314
427.097168
427.097168
409.301453
409.301453
409.301453
391.505737
373.710022
391.505737
409.301453
409.301453
373.710022
391.505737
409.301453
409.301453
355.914307
409.301453
391.505737
338.118591
409.301453
427.097168
338.118591
427.097168
391.505737
302.527161
355.914307
409.301453
302.527161
355.914307
391.505737
373.710022
320.322876
355.914307
373.710022
373.710022
338.118591
355.914307
373.710022
338.118591
391.505737
373.710022
355.914307
391.505737
355.914307
338.118591
391.505737
355.914307
338.118591
391.505737
338.118591
373.710022
373.710022
338.118591
373.710022
373.710022
355.914307
355.914307
355.914307
320.322876
338.118591
320.322876
338.118591
338.118591
355.914307
338.118591
355.914307
373.710022
338.118591
338.118591
338.118591
338.118591
338.118591
302.527161
355.914307
338.118591
302.527161
373.710022
320.322876
302.527161
355.914307
320.322876
302.527161
338.118591
302.527161
302.527161
338.118591
320.322876
320.322876
302.527161
320.322876
320.322876
320.322876
355.914307
338.118591
338.118591
320.322876
302.527161
302.527161
320.322876
302.527161
302.527161
302.527161
320.322876
284.731445
320.322876
302.527161
284.731445
338.118591
284.731445
320.322876
249.140015
338.118591
249.140015
338.118591
266.935730
302.527161
284.731445
302.527161
284.731445
320.322876
284.731445
320.322876
284.731445
284.731445
302.527161
266.935730
284.731445
284.731445
249.140015
284.731445
302.527161
266.935730
302.527161
249.140015
266.935730
284.731445
231.344299
266.935730
266.935730
284.731445
249.140015
266.935730
231.344299
284.731445
266.935730
249.140015
266.935730
266.935730
266.935730
249.140015
284.731445
249.140015
266.935730
249.140015
266.935730
249.140015
266.935730
231.344299
266.935730
249.140015
231.344299
249.140015
249.140015
266.935730
231.344299
266.935730
266.935730
266.935730
249.140015
231.344299
249.140015
231.344299
249.140015
249.140015
249.140015
231.344299
231.344299
249.140015
231.344299
231.344299
249.140015
249.140015
266.935730
231.344299
231.344299
249.140015
213.548584
249.140015
231.344299
266.935730
231.344299
195.752869
231.344299
195.752869
249.140015
213.548584
213.548584
231.344299
177.957153
249.140015
231.344299
213.548584
213.548584
195.752869
249.140015
213.548584
213.548584
231.344299
213.548584
195.752869
195.752869
213.548584
231.344299
213.548584
195.752869
195.752869
213.548584
213.548584
195.752869
213.548584
195.752869
213.548584
195.752869
195.752869
231.344299
213.548584
213.548584
195.752869
195.752869
213.548584
213.548584
177.957153
195.752869
195.752869
213.548584
177.957153
160.161438
195.752869
195.752869
177.957153
177.957153
177.957153
195.752869
160.161438
177.957153
177.957153
177.957153
177.957153
177.957153
177.957153
177.957153
160.161438
177.957153
177.957153
142.365723
177.957153
177.957153
142.365723
177.957153
177.957153
160.161438
142.365723
160.161438
177.957153
124.570007
160.161438
177.957153
160.161438
142.365723
160.161438
160.161438
106.774292
160.161438
177.957153
160.161438
142.365723
160.161438
160.161438
142.365723
142.365723
160.161438
160.161438
124.570007
142.365723
177.957153
160.161438
124.570007
124.570007
142.365723
124.570007
160.161438
160.161438
142.365723
142.365723
142.365723
142.365723
124.570007
160.161438
124.570007
124.570007
142.365723
160.161438
142.365723
124.570007
124.570007
160.161438
142.365723
124.570007
124.570007
142.365723
142.365723
124.570007
124.570007
124.570007
124.570007
124.570007
124.570007
124.570007
142.365723
106.774292
106.774292
106.774292
124.570007
124.570007
106.774292
124.570007
106.774292
124.570007
106.774292
106.774292
106.774292
106.774292
124.570007
124.570007
124.570007
106.774292
106.774292
124.570007
106.774292
124.570007
106.774292
88.978577
106.774292
124.570007
106.774292
106.774292
88.978577
106.774292
106.774292
106.774292
106.774292
106.774292
88.978577
106.774292
106.774292
106.774292
106.774292
106.774292
88.978577
88.978577
88.978577
88.978577
0.000000
