0.000001
0.000005
-0.000002
-0.000004
0.000000
0.000005
-0.000000
-0.000001
-0.000009
-0.000011
0.000002
0.000001
0.000011
0.000033
0.000053
0.000067
0.000075
0.000089
0.000094
0.000095
0.000103
0.000111
0.000113
0.000136
0.000160
0.000192
0.000212
0.000231
0.000246
0.000255
0.000264
0.000273
0.000285
0.000286
0.000276
0.000269
0.000276
0.000283
0.000294
0.000305
0.000318
0.000334
0.000357
0.000377
0.000384
0.000383
0.000389
0.000379
0.000370
0.000361
0.000359
0.000363
0.000358
0.000369
0.000387
0.000400
0.000417
0.000430
0.000436
0.000441
0.000456
0.000468
0.000477
0.000494
0.000508
0.000514
0.000524
0.000538
0.000547
0.000555
0.000564
0.000570
0.000580
0.000590
0.000610
0.000629
0.000638
0.000648
0.000668
0.000683
0.000701
0.000720
0.000737
0.000751
0.000759
0.000764
0.000763
0.000757
0.000762
0.000757
0.000763
0.000770
0.000780
0.000800
0.000803
0.000793
0.000790
0.000788
0.000795
0.000800
0.000802
0.000805
0.000810
0.000823
0.000838
0.000853
0.000865
0.000874
0.000874
0.000878
0.000888
0.000899
0.000907
0.000907
0.000914
0.000933
0.000939
0.000951
0.000968
0.000982
0.000997
0.001005
0.001012
0.001020
0.001025
0.001020
0.001018
0.001010
0.001013
0.001015
0.001014
0.001014
0.001008
0.001021
0.001034
0.001046
0.001058
0.001060
0.001068
0.001075
0.001091
0.001089
0.001090
0.001099
0.001101
0.001105
0.001105
0.001110
0.001103
0.001097
0.001104
0.001113
0.001116
0.001130
0.001141
0.001153
0.001173
0.001192
0.001200
0.001202
0.001203
0.001205
0.001205
0.001203
0.001208
0.001214
0.001204
0.001201
0.001213
0.001218
0.001226
0.001230
0.001229
0.001230
0.001236
0.001245
0.001251
0.001250
0.001251
0.001248
0.001247
0.001260
0.001278
0.001295
0.001314
0.001332
0.001350
0.001355
0.001366
0.001368
0.001372
0.001374
0.001379
0.001387
0.001397
0.001404
0.001411
0.001422
0.001429
0.001439
0.001450
0.001463
0.001478
0.001494
0.001507
0.001526
0.001540
0.001561
0.001589
0.001611
0.001625
0.001637
0.001643
0.001651
0.001652
0.001655
0.001652
0.001658
0.001654
0.001646
0.001638
0.001635
0.001636
0.001634
0.001638
0.001643
0.001643
0.001649
0.001650
0.001656
0.001659
0.001666
0.001676
0.001697
0.001702
0.001696
0.001700
0.001705
0.001692
0.001693
0.001690
0.001682
0.001680
0.001689
0.001694
0.001692
0.001695
0.001698
0.001702
0.001711
0.001704
0.001706
0.001714
0.001725
0.001728
0.001741
0.001757
0.001764
0.001772
0.001781
0.001792
0.001793
0.001782
0.001776
0.001770
0.001766
0.001776
0.001786
0.001805
0.001818
0.001833
0.001847
0.001855
0.001864
0.001871
0.001873
0.001874
0.001876
0.001884
0.001889
0.001884
0.001877
0.001879
0.001889
0.001900
0.001901
0.001911
0.001907
0.001905
0.001903
0.001911
0.001912
0.001915
0.001924
0.001921
0.001931
0.001942
0.001958
0.001969
0.001981
0.001990
0.001993
0.002006
0.002019
0.002038
0.002047
0.002049
0.002052
0.002058
0.002058
0.002052
0.002047
0.002038
0.002031
0.002034
0.002031
0.002021
0.002018
0.002026
0.002023
0.002035
0.002046
0.002065
0.002077
0.002103
0.002132
0.002151
0.002163
0.002179
0.002188
0.002193
0.002206
0.002215
0.002223
0.002237
0.002250
0.002260
0.002264
0.002271
0.002281
0.002292
0.002293
0.002286
0.002286
0.002295
0.002312
0.002342
0.002360
0.002372
0.002385
0.002399
0.002411
0.002425
0.002432
0.002434
0.002448
0.002449
0.002452
0.002454
0.002461
0.002469
0.002471
0.002477
0.002483
0.002499
0.002518
0.002552
0.002571
0.002585
0.002606
0.002631
0.002650
0.002660
0.002668
0.002669
0.002675
0.002669
0.002672
0.002682
0.002682
0.002678
0.002689
0.002696
0.002710
0.002733
0.002748
0.002773
0.002805
0.002832
0.002852
0.002863
0.002873
0.002882
0.002909
0.002930
0.002952
0.002965
0.002983
0.002999
0.003005
0.003013
0.003009
0.003004
0.003006
0.003007
0.003014
0.003023
0.003038
0.003053
0.003064
0.003076
0.003095
0.003115
0.003144
0.003165
0.003181
0.003206
0.003233
0.003262
0.003284
0.003306
0.003313
0.003310
0.003312
0.003319
0.003328
0.003326
0.003330
0.003330
0.003135
0.003029
0.002975
0.002955
0.002953
0.002946
0.002940
0.002929
0.002926
0.002920
0.002921
0.002929
0.002936
0.002942
0.002958
0.002967
0.002978
0.002995
0.003016
0.003038
0.003067
0.003090
0.003112
0.003131
0.003136
0.003144
0.003145
0.003145
0.003148
0.003143
0.003136
0.003128
0.003120
0.003107
0.003098
0.003090
0.003084
0.003073
0.003069
0.003078
0.003081
0.003091
0.003097
0.003119
0.003137
0.003155
0.003183
0.003209
0.003227
0.003259
0.003289
0.003311
0.003338
0.003355
0.003368
0.003371
0.003371
0.003365
0.003356
0.003358
0.003360
0.003350
0.003351
0.003345
0.003338
0.003334
0.003331
0.003338
0.003350
0.003367
0.003392
0.003408
0.003419
0.003428
0.003434
0.003450
0.003463
0.003474
0.003481
0.003482
0.003486
0.003486
0.003478
0.003468
0.003474
0.003472
0.003477
0.003475
0.003471
0.003465
0.003466
0.003475
0.003494
0.003518
0.003543
0.003559
0.003576
0.003606
0.003625
0.003636
0.003662
0.003681
0.003702
0.003720
0.003716
0.003718
0.003724
0.003725
0.003716
0.003722
0.003715
0.003720
0.003713
0.003715
0.003714
0.003724
0.003732
0.003741
0.003759
0.003784
0.003810
0.003829
0.003845
0.003868
0.003891
0.003905
0.003921
0.003929
0.003943
0.003971
0.003985
0.004002
0.004017
0.004027
0.004041
0.004046
0.004049
0.004045
0.004031
0.004025
0.004026
0.004022
0.004028
0.004019
0.004009
0.004000
0.003990
0.003986
0.003985
0.003986
0.003989
0.003991
0.003997
0.004005
0.004024
0.004040
0.004061
0.004085
0.004116
0.004145
0.004173
0.004205
0.004223
0.004243
0.004260
0.004271
0.004274
0.004270
0.004268
0.004265
0.004264
0.004264
0.004256
0.004249
0.004226
0.004218
0.004209
0.004190
0.004166
0.004150
0.004146
0.004149
0.004157
0.004169
0.004163
0.004144
0.004129
0.004120
0.004123
0.004124
0.004130
0.004149
0.004159
0.004173
0.004189
0.004212
0.004232
0.004247
0.004262
0.004272
0.004289
0.004306
0.004318
0.004324
0.004332
0.004330
0.004327
0.004315
0.004303
0.004297
0.004300
0.004302
0.004302
0.004307
0.004315
0.004315
0.004310
0.004316
0.004317
0.004324
0.004345
0.004356
0.004363
0.004375
0.004385
0.004395
0.004413
0.004432
0.004444
0.004455
0.004469
0.004480
0.004490
0.004486
0.004486
0.004489
0.004505
0.004528
0.004536
0.004538
0.004538
0.004538
0.004530
0.004520
0.004509
0.004499
0.004487
0.004485
0.004484
0.004489
0.004510
0.004536
0.004545
0.004551
0.004558
0.004578
0.004597
0.004606
0.004619
0.004633
0.004642
0.004639
0.004639
0.004645
0.004658
0.004662
0.004666
0.004670
0.004674
0.004677
0.004673
0.004668
0.004666
0.004665
0.004664
0.004655
0.004652
0.004638
0.004630
0.004621
0.004606
0.004587
0.004573
0.004574
0.004579
0.004589
0.004600
0.004615
0.004635
0.004638
0.004653
0.004661
0.004676
0.004693
0.004712
0.004732
0.004749
0.004762
0.004783
0.004811
0.004834
0.004850
0.004867
0.004884
0.004889
0.004890
0.004899
0.004903
0.004919
0.004942
0.004962
0.004974
0.004992
0.005011
0.005018
0.005030
0.005043
0.005051
0.005060
0.005075
0.005103
0.005131
0.005160
0.005181
0.005196
0.005206
0.005212
0.005209
0.005206
0.005206
0.005200
0.005191
0.005189
0.005180
0.005172
0.005185
0.005203
0.005217
0.005233
0.005248
0.005263
0.005268
0.005279
0.005301
0.005323
0.005350
0.005374
0.005392
0.005410
0.005433
0.005452
0.005457
0.005462
0.005471
0.005482
0.005487
0.005490
0.005490
0.005491
0.005497
0.005500
0.005489
0.005483
0.005473
0.005469
0.005468
0.005472
0.005478
0.005488
0.005487
0.005486
0.005482
0.005491
0.005509
0.005539
0.005560
0.005570
0.005584
0.005598
0.005616
0.005631
0.005652
0.005668
0.005682
0.005692
0.005692
0.005692
0.005677
0.005660
0.005632
0.005615
0.005607
0.005590
0.005575
0.005563
0.005555
0.005553
0.005557
0.005560
0.005564
0.005581
0.005592
0.005602
0.005625
0.005638
0.005646
0.005652
0.005662
0.005670
0.005678
0.005698
0.005711
0.005715
0.005718
0.005713
0.005710
0.005705
0.005701
0.005700
0.005695
0.005697
0.005701
0.005702
0.005689
0.005684
0.005688
0.005704
0.005714
0.005725
0.005737
0.005756
0.005778
0.005794
0.005797
0.005808
0.005810
0.005817
0.005816
0.005817
0.005816
0.005814
0.005817
0.005816
0.005817
0.005825
0.005830
0.005826
0.005827
0.005835
0.005833
0.005821
0.005819
0.005824
0.005838
0.005838
0.005849
0.005862
0.005864
0.005866
0.005872
0.005874
0.005884
0.005902
0.005921
0.005933
0.005942
0.005954
0.005951
0.005953
0.005970
0.005984
0.005985
0.005995
0.006001
0.006005
0.006006
0.006012
0.006016
0.006024
0.006014
0.006013
0.006010
0.006009
0.006021
0.006037
0.006050
0.006061
0.006065
0.006072
0.006076
0.006079
0.006093
0.006103
0.006110
0.006114
0.006123
0.006135
0.006147
0.006167
0.006178
0.006174
0.006176
0.006185
0.006193
0.006206
0.006216
0.006229
0.006235
0.006245
0.006251
0.006256
0.006252
0.006257
0.006252
0.006257
0.006267
0.006275
0.006279
0.006292
0.006303
0.006322
0.006339
0.006351
0.006366
0.006378
0.006379
0.006381
0.006385
0.006399
0.006410
0.006419
0.006419
0.006430
0.006439
0.006453
0.006468
0.006481
0.006483
0.006491
0.006486
0.006495
0.006503
0.006515
0.006528
0.006537
0.006542
0.006545
0.006538
0.006529
0.006525
0.006532
0.006530
0.006527
0.006534
0.006547
0.006554
0.006562
0.006565
0.006563
0.006576
0.006576
0.006578
0.006585
0.006599
0.006606
0.006623
0.006631
0.006636
0.006640
0.006654
0.006662
0.006673
0.006681
0.006688
0.006705
0.006717
0.006723
0.006717
0.006705
0.006688
0.006670
0.006662
0.006664
0.006676
0.006689
0.006696
0.006701
0.006704
0.006715
0.006732
0.006748
0.006760
0.006775
0.006791
0.006796
0.006801
0.006810
0.006815
0.006819
0.006821
0.006823
0.006825
0.006828
0.006831
0.006833
0.006836
0.006830
0.006835
0.006848
0.006858
0.006859
0.006859
0.006869
0.006882
0.006893
0.006898
0.006899
0.006901
0.006907
0.006913
0.006926
0.006932
0.006935
0.006945
0.006960
0.006963
0.006975
0.006992
0.007007
0.007024
0.007052
0.007068
0.007077
0.007079
0.007070
0.007068
0.007064
0.007073
0.007083
0.007086
0.007088
0.007092
0.007098
0.007097
0.007091
0.007088
0.007089
0.007082
0.007076
0.007080
0.007089
0.007094
0.007096
0.007102
0.007108
0.007125
0.007139
0.007150
0.007158
0.007170
0.007186
0.007195
0.007203
0.007218
0.007228
0.007242
0.007242
0.007243
0.007245
0.007240
0.007250
0.007255
0.007260
0.007263
0.007266
0.007270
0.007269
0.007275
0.007280
0.007291
0.007301
0.007309
0.007323
0.007325
0.007327
0.007319
0.007317
0.007319
0.007325
0.007330
0.007332
0.007328
0.007314
0.007301
0.007287
0.007274
0.007277
0.007270
0.007263
0.007269
0.007284
0.007291
0.007296
0.007295
0.007292
0.007292
0.007290
0.007287
0.007293
0.007297
0.007310
0.007320
0.007328
0.007331
0.007333
0.007320
0.007310
0.007307
0.007310
0.007315
0.007332
0.007344
0.007353
0.007356
0.007360
0.007367
0.007376
0.007375
0.007374
0.007370
0.007364
0.007355
0.007368
0.007383
0.007399
0.007414
0.007409
0.007401
0.007402
0.007404
0.007406
0.007415
0.007415
0.007421
0.007432
0.007440
0.007445
0.007455
0.007447
0.007441
0.007433
0.007429
0.007423
0.007422
0.007417
0.007413
0.007418
0.007416
0.007423
0.007430
0.007437
0.007452
0.007465
0.007482
0.007501
0.007513
0.007523
0.007534
0.007549
0.007562
0.007560
0.007566
0.007578
0.007575
0.007582
0.007581
0.007578
0.007579
0.007576
0.007574
0.007579
0.007573
0.007581
0.007593
0.007603
0.007613
0.007624
0.007638
0.007647
0.007660
0.007670
0.007674
0.007669
0.007667
0.007676
0.007689
0.007692
0.007685
0.007683
0.007678
0.007681
0.007687
0.007697
0.007705
0.007708
0.007707
0.007704
0.007704
0.007714
0.007722
0.007726
0.007731
0.007735
0.007736
0.007737
0.007742
0.007757
0.007773
0.007777
0.007778
0.007776
0.007776
0.007784
0.007798
0.007806
0.007813
0.007818
0.007818
0.007828
0.007845
0.007866
0.007874
0.007883
0.007887
0.007886
0.007893
0.007892
0.007890
0.007894
0.007895
0.007886
0.007882
0.007874
0.007875
0.007875
0.007867
0.007864
0.007863
0.007865
0.007859
0.007865
0.007870
0.007883
0.007893
0.007898
0.007905
0.007910
0.007914
0.007925
0.007942
0.007959
0.007974
0.007979
0.007974
0.007968
0.007968
0.007973
0.007970
0.007974
0.007969
0.007962
0.007969
0.007978
0.007978
0.007984
0.007985
0.008001
0.008004
0.008008
0.008013
0.008021
0.008030
0.008043
0.008046
0.008051
0.008053
0.008049
0.008052
0.008045
0.008052
0.008062
0.008078
0.008088
0.008102
0.008106
0.008109
0.008110
0.008107
0.008099
0.008093
0.008088
0.008095
0.008096
0.008092
0.008093
0.008111
0.008131
0.008143
0.008150
0.008157
0.008165
0.008176
0.008187
0.008194
0.008201
0.008215
0.008217
0.008215
0.008217
0.008221
0.008233
0.008240
0.008256
0.008254
0.008260
0.008265
0.008275
0.008291
0.008302
0.008315
0.008329
0.008335
0.008346
0.008353
0.008366
0.008376
0.008390
0.008398
0.008408
0.008421
0.008432
0.008440
0.008453
0.008460
0.008465
0.008466
0.008474
0.008472
0.008476
0.008477
0.008473
0.008479
0.008487
0.008480
0.008483
0.008498
0.008519
0.008532
0.008549
0.008550
0.008436
0.008376
0.008349
0.008339
0.008342
0.008349
0.008359
0.008368
0.008382
0.008389
0.008391
0.008387
0.008380
0.008372
0.008373
0.008393
0.008404
0.008409
0.008411
0.008427
0.008431
0.008438
0.008446
0.008443
0.008446
0.008446
0.008440
0.008447
0.008463
0.008473
0.008476
0.008470
0.008471
0.008484
0.008494
0.008498
0.008506
0.008523
0.008535
0.008555
0.008570
0.008590
0.008597
0.008617
0.008639
0.008654
0.008662
0.008663
0.008665
0.008672
0.008675
0.008672
0.008675
0.008677
0.008676
0.008669
0.008680
0.008681
0.008690
0.008709
0.008732
0.008747
0.008759
0.008779
0.008787
0.008805
0.008811
0.008820
0.008821
0.008828
0.008830
0.008836
0.008839
0.008846
0.008863
0.008864
0.008866
0.008877
0.008888
0.008888
0.008887
0.008897
0.008903
0.008901
0.008896
0.008900
0.008910
0.008920
0.008924
0.008924
0.008930
0.008929
0.008933
0.008938
0.008941
0.008933
0.008938
0.008938
0.008940
0.008938
0.008945
0.008948
0.008954
0.008958
0.008964
0.008970
0.008977
0.008994
0.009008
0.009025
0.009040
0.009052
0.009052
0.009052
0.009045
0.009035
0.009022
0.009022
0.009026
0.009043
0.009057
0.009066
0.009068
0.009086
0.009097
0.009105
0.009112
0.009128
0.009132
0.009142
0.009147
0.009152
0.009155
0.009158
0.009156
0.009159
0.009155
0.009150
0.009154
0.009160
0.009151
0.009148
0.009138
0.009127
0.009116
0.009111
0.009110
0.009118
0.009132
0.009146
0.009168
0.009180
0.009203
0.009224
0.009229
0.009236
0.009237
0.009238
0.009241
0.009240
0.009240
0.009233
0.009240
0.009244
0.009246
0.009249
0.009262
0.009272
0.009281
0.009282
0.009281
0.009276
0.009277
0.009279
0.009285
0.009290
0.009295
0.009302
0.009310
0.009317
0.009322
0.009327
0.009349
0.009369
0.009393
0.009411
0.009420
0.009428
0.009439
0.009449
0.009462
0.009477
0.009485
0.009485
0.009489
0.009489
0.009487
0.009477
0.009481
0.009474
0.009480
0.009478
0.009492
0.009500
0.009496
0.009504
0.009523
0.009535
0.009551
0.009572
0.009575
0.009579
0.009585
0.009594
0.009605
0.009615
0.009629
0.009633
0.009640
0.009646
0.009656
0.009674
0.009686
0.009692
0.009692
0.009690
0.009687
0.009693
0.009698
0.009715
0.009719
0.009729
0.009741
0.009753
0.009766
0.009769
0.009768
0.009772
0.009779
0.009789
0.009795
0.009800
0.009804
0.009807
0.009814
0.009816
0.009817
0.009823
0.009833
0.009847
0.009867
0.009887
0.009909
0.009936
0.009952
0.009965
0.009966
0.009966
0.009974
0.009977
0.009983
0.009977
0.009969
0.009958
0.009945
0.009933
0.009942
0.009948
0.009955
0.009952
0.009963
0.009974
0.009989
0.010005
0.010020
0.010042
0.010055
0.010063
0.010064
0.010067
0.010069
0.010078
0.010089
0.010087
0.010080
0.010083
0.010092
0.010100
0.010098
0.010089
0.010080
0.010082
0.010088
0.010097
0.010095
0.010101
0.010107
0.010120
0.010129
0.010129
0.010124
0.010128
0.010132
0.010137
0.010148
0.010159
0.010175
0.010185
0.010194
0.010218
0.010254
0.010280
0.010297
0.010305
0.010306
0.010318
0.010331
0.010344
0.010363
0.010376
0.010386
0.010396
0.010409
0.010413
0.010411
0.010410
0.010405
0.010405
0.010411
0.010407
0.010418
0.010427
0.010434
0.010440
0.010446
0.010454
0.010472
0.010477
0.010491
0.010504
0.010506
0.010505
0.010511
0.010512
0.010521
0.010520
0.010513
0.010511
0.010504
0.010502
0.010516
0.010535
0.010546
0.010555
0.010555
0.010570
0.010572
0.010575
0.010581
0.010589
0.010599
0.010412
0.010324
0.010269
0.010242
0.010238
0.010243
0.010244
0.010256
0.010271
0.010281
0.010299
0.010317
0.010317
0.010327
0.010331
0.010334
0.010345
0.010354
0.010372
0.010387
0.010399
0.010414
0.010427
0.010440
0.010453
0.010468
0.010475
0.010486
0.010492
0.010505
0.010508
0.010507
0.010517
0.010532
0.010542
0.010550
0.010559
0.010572
0.010578
0.010585
0.010587
0.010575
0.010571
0.010574
0.010581
0.010587
0.010582
0.010586
0.010595
0.010602
0.010608
0.010613
0.010624
0.010629
0.010636
0.010643
0.010646
0.010645
0.010656
0.010670
0.010683
0.010695
0.010708
0.010713
0.010726
0.010749
0.010766
0.010786
0.010787
0.010795
0.010810
0.010817
0.010832
0.010842
0.010847
0.010845
0.010847
0.010857
0.010867
0.010880
0.010892
0.010894
0.010891
0.010900
0.010902
0.010909
0.010930
0.010934
0.010941
0.010944
0.010955
0.010965
0.010975
0.010976
0.010979
0.010984
0.011001
0.011013
0.011023
0.011039
0.011049
0.011058
0.011069
0.011088
0.011102
0.011110
0.011126
0.011142
0.011147
0.011151
0.011155
0.011164
0.011182
0.011187
0.011194
0.011201
0.011207
0.011211
0.011210
0.011213
0.011223
0.011241
0.011255
0.011269
0.011280
0.011288
0.011283
0.011283
0.011297
0.011301
0.011305
0.011312
0.011310
0.011309
0.011310
0.011317
0.011330
0.011345
0.011363
0.011378
0.011394
0.011411
0.011422
0.011437
0.011448
0.011466
0.011473
0.011475
0.011477
0.011482
0.011484
0.011497
0.011496
0.011504
0.011516
0.011526
0.011533
0.011535
0.011539
0.011536
0.011529
0.011535
0.011535
0.011531
0.011522
0.011520
0.011528
0.011535
0.011552
0.011565
0.011569
0.011582
0.011589
0.011588
0.011584
0.011584
0.011590
0.011601
0.011608
0.011612
0.011608
0.011609
0.011606
0.011598
0.011590
0.011587
0.011588
0.011591
0.011604
0.011610
0.011621
0.011631
0.011632
0.011633
0.011633
0.011638
0.011639
0.011637
0.011640
0.011639
0.011640
0.011645
0.011656
0.011669
0.011674
0.011690
0.011692
0.011691
0.011702
0.011710
0.011725
0.011730
0.011736
0.011739
0.011738
0.011742
0.011752
0.011753
0.011757
0.011758
0.011759
0.011767
0.011771
0.011776
0.011786
0.011791
0.011796
0.011817
0.011831
0.011847
0.011861
0.011869
0.011871
0.011879
0.011891
0.011903
0.011916
0.011923
0.011933
0.011932
0.011926
0.011926
0.011917
0.011908
0.011906
0.011910
0.011931
0.011952
0.011958
0.011969
0.011984
0.011993
0.012002
0.012004
0.012001
0.011999
0.012013
0.012024
0.012030
0.012024
0.012021
0.012014
0.012018
0.012023
0.012023
0.012030
0.012030
0.012032
0.012036
0.012034
0.012047
0.012057
0.012066
0.012081
0.012099
0.012111
0.012124
0.012139
0.012162
0.012175
0.012181
0.012191
0.012198
0.012198
0.012194
0.012196
0.012198
0.012194
0.012192
0.012192
0.012194
0.012184
0.012176
0.012177
0.012182
0.012194
0.012195
0.012200
0.012208
0.012217
0.012235
0.012249
0.012257
0.012256
0.012250
0.012251
0.012247
0.012248
0.012244
0.012247
0.012245
0.012231
0.012232
0.012238
0.012242
0.012233
0.012233
0.012228
0.012235
0.012245
0.012252
0.012255
0.012250
0.012251
0.012246
0.012239
0.012241
0.012244
0.012245
0.012254
0.012270
0.012287
0.012308
0.012333
0.012361
0.012383
0.012386
0.012387
0.012393
0.012405
0.012424
0.012446
0.012458
0.012467
0.012474
0.012473
0.012466
0.012470
0.012470
0.012467
0.012466
0.012467
0.012466
0.012457
0.012452
0.012447
0.012443
0.012438
0.012426
0.012420
0.012417
0.012412
0.012409
0.012411
0.012404
0.012397
0.012396
0.012401
0.012403
0.012403
0.012407
0.012419
0.012435
0.012443
0.012449
0.012452
0.012457
0.012463
0.012477
0.012497
0.012512
0.012531
0.012546
0.012559
0.012567
0.012573
0.012572
0.012575
0.012591
0.012601
0.012606
0.012606
0.012612
0.012630
0.012646
0.012658
0.012663
0.012673
0.012679
0.012682
0.012689
0.012690
0.012684
0.012687
0.012693
0.012693
0.012692
0.012692
0.012693
0.012694
0.012692
0.012695
0.012704
0.012711
0.012709
0.012717
0.012719
0.012728
0.012737
0.012755
0.012770
0.012784
0.012797
0.012809
0.012828
0.012847
0.012858
0.012870
0.012882
0.012893
0.012900
0.012905
0.012919
0.012922
0.012913
0.012908
0.012904
0.012908
0.012902
0.012909
0.012919
0.012935
0.012944
0.012952
0.012958
0.012965
0.012980
0.012994
0.013011
0.013020
0.013038
0.013052
0.013064
0.013079
0.013090
0.013108
0.013118
0.013136
0.013144
0.013158
0.013173
0.013179
0.013185
0.013193
0.013189
0.013181
0.013179
0.013187
0.013184
0.013186
0.013192
0.013196
0.013199
0.013210
0.013213
0.013222
0.013239
0.013251
0.013264
0.013290
0.013310
0.013329
0.013345
0.013359
0.013374
0.013384
0.013393
0.013403
0.013416
0.013423
0.013426
0.013439
0.013446
0.013453
0.013466
0.013471
0.013478
0.013484
0.013476
0.013474
0.013475
0.013477
0.013478
0.013489
0.013503
0.013520
0.013531
0.013542
0.013554
0.013573
0.013593
0.013604
0.013615
0.013615
0.013616
0.013632
0.013651
0.013674
0.013692
0.013699
0.013697
0.013686
0.013681
0.013681
0.013675
0.013671
0.013673
0.013673
0.013665
0.013655
0.013654
0.013657
0.013657
0.013655
0.013656
0.013662
0.013677
0.013700
0.013717
0.013726
0.013744
0.013757
0.013769
0.013791
0.013795
0.013800
0.013806
0.013803
0.013789
0.013781
0.013774
0.013776
0.013776
0.013777
0.013786
0.013789
0.013792
0.013798
0.013802
0.013810
0.013807
0.013811
0.013814
0.013827
0.013846
0.013858
0.013866
0.013877
0.013894
0.013920
0.013937
0.013946
0.013960
0.013970
0.013985
0.014005
0.014020
0.014027
0.014033
0.014041
0.014059
0.014071
0.014085
0.014096
0.014100
0.014092
0.014093
0.014106
0.014106
0.014109
0.014116
0.014123
0.014130
0.014135
0.014149
0.014163
0.014187
0.014205
0.014215
0.014214
0.014203
0.014199
0.014201
0.014205
0.014220
0.014224
0.014220
0.014226
0.014224
0.014229
0.014226
0.014217
0.014215
0.014224
0.014231
0.014250
0.014259
0.014262
0.014271
0.014278
0.014285
0.014280
0.014275
0.014279
0.014281
0.014283
0.014281
0.014274
0.014272
0.014276
0.014277
0.014277
0.014272
0.014274
0.014285
0.014307
0.014320
0.014335
0.014339
0.014338
0.014340
0.014352
0.014351
0.014364
0.014380
0.014387
0.014383
0.014386
0.014391
0.014396
0.014404
0.014411
0.014423
0.014425
0.014426
0.014430
0.014434
0.014435
0.014434
0.014427
0.014430
0.014438
0.014449
0.014462
0.014470
0.014471
0.014469
0.014464
0.014455
0.014447
0.014438
0.014440
0.014443
0.014442
0.014437
0.014439
0.014453
0.014471
0.014484
0.014494
0.014506
0.014512
0.014525
0.014532
0.014545
0.014551
0.014566
0.014583
0.014592
0.014591
0.014580
0.014573
0.014560
0.014561
0.014564
0.014560
0.014558
0.014556
0.014558
0.014548
0.014551
0.014554
0.014551
0.014554
0.014553
0.014554
0.014559
0.014572
0.014578
0.014583
0.014587
0.014587
0.014571
0.014555
0.014551
0.014554
0.014551
0.014553
0.014554
0.014550
0.014551
0.014553
0.014561
0.014566
0.014569
0.014577
0.014586
0.014598
0.014610
0.014624
0.014642
0.014660
0.014671
0.014679
0.014684
0.014693
0.014702
0.014706
0.014718
0.014721
0.014725
0.014722
0.014712
0.014699
0.014685
0.014671
0.014666
0.014660
0.014654
0.014655
0.014656
0.014658
0.014661
0.014658
0.014651
0.014666
0.014680
0.014700
0.014718
0.014741
0.014758
0.014783
0.014811
0.014827
0.014844
0.014859
0.014874
0.014884
0.014880
0.014879
0.014887
0.014901
0.014908
0.014907
0.014901
0.014897
0.014886
0.014871
0.014859
0.014846
0.014834
0.014837
0.014835
0.014846
0.014861
0.014869
0.014879
0.014882
0.014886
0.014890
0.014892
0.014900
0.014912
0.014922
0.014924
0.014917
0.014914
0.014913
0.014923
0.014937
0.014940
0.014945
0.014951
0.014965
0.014981
0.014988
0.014995
0.014993
0.014989
0.014992
0.014994
0.014991
0.014987
0.014990
0.014987
0.014985
0.014990
0.014991
0.014991
0.015001
0.015012
0.015020
0.015032
0.015049
0.015063
0.015076
0.015081
0.015088
0.015090
0.015098
0.015109
0.015114
0.015121
0.015132
0.015144
0.015164
0.015174
0.015171
0.015162
0.015156
0.015152
0.015147
0.015143
0.015134
0.015128
0.015128
0.015131
0.015129
0.015123
0.015118
0.015117
0.015129
0.015145
0.015158
0.015168
0.015174
0.015190
0.015200
0.015211
0.015227
0.015239
0.015243
0.015242
0.015244
0.015239
0.015235
0.015233
0.015227
0.015216
0.015217
0.015221
0.015226
0.015228
0.015234
0.015245
0.015251
0.015261
0.015261
0.015261
0.015263
0.015255
0.015256
0.015259
0.015259
0.015256
0.015257
0.015260
0.015258
0.015250
0.015253
0.015243
0.015240
0.015246
0.015243
0.015237
0.015233
0.015239
0.015239
0.015253
0.015263
0.015280
0.015300
0.015318
0.015330
0.015335
0.015338
0.015336
0.015338
0.015341
0.015347
0.015358
0.015368
0.015376
0.015370
0.015373
0.015371
0.015372
0.015380
0.015376
0.015380
0.015379
0.015374
0.015370
0.015370
0.015373
0.015379
0.015384
0.015384
0.015384
0.015381
0.015372
0.015366
0.015365
0.015375
0.015388
0.015399
0.015411
0.015425
0.015436
0.015447
0.015446
0.015453
0.015454
0.015455
0.015457
0.015459
0.015469
0.015471
0.015470
0.015463
0.015456
0.015469
0.015479
0.015492
0.015497
0.015506
0.015506
0.015504
0.015510
0.015516
0.015518
0.015518
0.015517
0.015520
0.015522
0.015517
0.015515
0.015502
0.015498
0.015505
0.015519
0.015528
0.015552
0.015558
0.015551
0.015561
0.015559
0.015561
0.015561
0.015570
0.015578
0.015579
0.015578
0.015587
0.015602
0.015612
0.015637
0.015648
0.015656
0.015657
0.015665
0.015673
0.015667
0.015644
0.015645
0.015648
0.015658
0.015657
0.015656
0.015661
0.015671
0.015680
0.015697
0.015700
0.015708
0.015722
0.015736
0.015747
0.015751
0.015761
0.015762
0.015764
0.015768
0.015769
0.015778
0.015776
0.015770
0.015762
0.015756
0.015751
0.015753
0.015759
0.015766
0.015767
0.015766
0.015766
0.015775
0.015785
0.015804
0.015823
0.015842
0.015859
0.015867
0.015888
0.015912
0.015928
0.015936
0.015932
0.015937
0.015934
0.015931
0.015927
0.015912
0.015893
0.015884
0.015881
0.015880
0.015882
0.015885
0.015891
0.015893
0.015894
0.015900
0.015903
0.015917
0.015935
0.015947
0.015955
0.015975
0.015988
0.016003
0.016021
0.016034
0.016038
0.016035
0.016021
0.016018
0.016015
0.016009
0.016005
0.016003
0.016007
0.016002
0.016002
0.015998
0.016002
0.016017
0.016033
0.016044
0.016069
0.016094
0.016129
0.016148
0.016162
0.016171
0.016178
0.016192
0.016214
0.016235
0.016246
0.016251
0.016260
0.016264
0.016262
0.016266
0.016258
0.016258
0.016250
0.016247
0.016246
0.016252
0.016257
0.016258
0.016251
0.016255
0.016249
0.016248
0.016250
0.016258
0.016259
0.016266
0.016268
0.016266
0.016256
0.016262
0.016266
0.016278
0.016291
0.016306
0.016311
0.016319
0.016326
0.016333
0.016337
0.016349
0.016359
0.016373
0.016384
0.016389
0.016395
0.016393
0.016391
0.016388
0.016407
0.016412
0.016410
0.016407
0.016402
0.016397
0.016388
0.016396
0.016412
0.016423
0.016437
0.016442
0.016448
0.016455
0.016454
0.016449
0.016442
0.016434
0.016431
0.016437
0.016437
0.016423
0.016403
0.016390
0.016390
0.016393
0.016401
0.016414
0.016428
0.016445
0.016457
0.016468
0.016476
0.016483
0.016508
0.016527
0.016549
0.016568
0.016587
0.016608
0.016629
0.016649
0.016664
0.016673
0.016674
0.016667
0.016664
0.016661
0.016649
0.016642
0.016630
0.016619
0.016608
0.016608
0.016605
0.016606
0.016613
0.016619
0.016621
0.016622
0.016614
0.016613
0.016618
0.016631
0.016640
0.016652
0.016666
0.016685
0.016686
0.016688
0.016688
0.016701
0.016713
0.016725
0.016726
0.016738
0.016738
0.016748
0.016753
0.016753
0.016747
0.016754
0.016752
0.016744
0.016744
0.016754
0.016767
0.016781
0.016789
0.016796
0.016806
0.016818
0.016829
0.016838
0.016853
0.016865
0.016877
0.016894
0.016897
0.016909
0.016917
0.016911
0.016904
0.016899
0.016902
0.016909
0.016914
0.016927
0.016937
0.016945
0.016952
0.016965
0.016973
0.016979
0.000000
0.000000
0.000000
