-0.043633
-0.046826
-0.046826
-0.039376
0.006385
0.095780
0.160698
0.247964
0.275634
0.288405
0.266056
0.255414
0.251157
0.237322
0.210717
0.195817
0.197946
0.232001
0.255414
0.276699
0.297983
0.311818
0.334167
0.357580
0.410791
0.438461
0.468259
0.498057
0.528920
0.560847
0.593838
0.628957
0.713031
0.753471
0.797105
0.841802
0.886500
0.939711
0.995050
1.125950
1.199382
1.270685
1.343052
1.404777
1.469695
1.543126
1.398392
1.735751
1.791091
1.846431
1.900706
1.972009
2.044377
2.099716
2.163570
2.194432
2.221038
2.227423
2.217845
2.213588
2.193368
2.139092
2.121001
2.111423
2.094395
2.088010
2.095459
2.113551
2.178469
2.214653
2.268928
2.329589
2.396635
2.473259
2.543498
2.622251
2.814876
2.933005
3.067097
3.234180
3.398071
3.572604
3.749265
4.203690
4.340974
4.447397
4.528278
4.598517
4.654921
4.717710
4.861381
4.942262
5.026335
5.115730
5.212575
5.325383
5.426484
5.682962
5.807477
5.955404
6.086304
6.228910
6.347039
6.477939
6.603517
6.863188
6.989831
7.139886
7.283557
7.433613
7.563448
7.690091
7.847596
7.901872
7.949762
7.999781
8.064698
8.126423
8.175378
8.271158
8.309470
8.341396
8.379709
8.422277
8.484003
8.542536
8.624480
8.792628
8.875638
8.977803
9.074648
9.171493
9.284300
9.383273
9.580154
9.671679
9.730210
9.806835
9.861111
9.926028
10.011166
10.185699
10.254873
10.360231
10.450691
10.563498
10.659279
10.762509
10.846582
10.983868
11.070070
11.193521
11.315907
11.469154
11.611761
11.768202
12.091726
12.254553
12.390774
12.526995
12.642995
12.739840
12.812206
12.931400
12.967584
13.012281
13.074006
13.142117
13.207034
13.259181
13.326227
13.470962
13.535880
13.590156
13.665715
13.744468
13.840248
13.939221
14.207406
14.364911
14.504325
14.566050
14.610747
14.622454
14.625647
14.593719
14.588398
14.571371
14.572435
14.569242
14.558600
14.564985
14.642673
14.687371
14.731005
14.768252
14.823592
14.850198
14.853391
14.872546
14.885317
14.871482
14.891703
14.920437
14.948107
14.982162
15.031116
15.127960
15.193942
15.241833
15.420623
15.720734
16.120882
16.260296
16.213470
16.156002
16.087893
16.077250
16.025103
15.952735
15.899524
15.833542
15.773945
15.784588
15.799486
15.802679
15.837799
15.856955
15.887817
15.933579
15.961248
16.040001
16.152809
16.262424
16.391195
16.473141
16.602976
16.780703
16.990355
17.259604
17.341549
17.344742
17.321329
17.279823
17.175529
17.167015
17.159567
17.186172
17.228741
17.309622
17.386246
17.518209
17.563972
17.587385
17.609734
17.602283
17.611862
17.607605
17.603348
17.601219
17.625696
17.644854
17.712963
17.771496
17.856634
17.922615
18.295095
18.605848
18.616491
18.510069
18.374912
18.226984
18.031166
17.673588
17.506504
17.373476
17.261732
17.186172
17.113804
17.074429
17.036116
17.031858
17.052080
17.061657
17.091455
17.088263
17.115932
17.140409
17.134026
17.154245
17.176594
17.268118
17.392632
17.515018
17.604412
17.848120
18.025846
18.090763
18.023718
17.877918
17.768303
17.632082
17.496925
17.485220
17.480963
17.496925
17.530981
17.555458
17.613991
17.699129
17.735312
17.774689
17.818321
17.850248
17.891754
17.958799
17.935387
17.951349
17.975826
17.970507
18.005625
18.120562
18.266361
18.438765
18.802731
18.871904
18.838913
18.692051
18.517517
18.249332
17.973700
17.648046
17.115932
16.919052
16.743454
16.647675
16.583820
16.555086
16.552958
16.596592
16.604040
16.622133
16.634903
16.640224
16.641289
16.664701
16.725363
16.765802
16.813694
16.869034
16.921181
16.978647
17.051016
16.973328
17.371347
17.492668
17.619312
17.707642
17.741697
17.720413
17.544815
17.418173
17.317072
17.190430
17.088263
16.978647
16.908409
16.822206
16.766867
16.765802
16.784960
16.797729
16.843491
16.860519
16.881804
16.889254
16.930758
16.943529
16.971199
16.979712
16.983969
16.988226
17.007381
17.084007
17.251089
17.424559
17.550137
17.582064
17.540560
17.482027
17.399017
17.342613
17.269182
17.163824
17.044630
16.920116
16.741325
16.383747
16.252846
16.124075
16.036808
15.991047
15.960185
15.960185
15.997433
16.045322
16.058094
16.118753
16.144295
16.191122
16.220921
16.249655
16.299673
16.331598
16.359268
16.385874
16.430573
16.459307
16.547636
16.773252
16.929693
16.987162
16.905216
16.863712
16.812630
16.814758
16.645546
16.648739
16.665766
16.667894
16.639160
16.625326
16.641289
16.656187
16.691307
16.712591
16.716848
16.700886
16.713655
16.738132
16.776445
16.809437
16.878611
16.954170
17.011639
17.009510
16.964813
16.895639
16.721106
16.642353
16.556150
16.484848
16.422058
16.344370
16.272003
16.095341
16.032553
16.009138
15.996368
15.976148
15.911230
15.849505
15.777138
15.743083
15.738826
15.770753
15.795230
15.828220
15.850570
15.869725
15.896331
15.925065
15.945286
15.955928
15.994240
16.005947
16.041065
15.816514
16.131525
16.173029
16.226240
16.259232
16.308186
16.340113
16.362461
16.420994
16.435894
16.462500
16.485912
16.508261
16.486977
16.456114
16.370975
16.340113
16.309250
16.287966
16.265617
16.245398
16.239012
16.212406
16.209213
16.203892
16.202827
16.175158
16.157066
16.158131
16.168774
16.146423
16.115562
16.083635
16.042130
16.028296
16.007011
16.000626
15.951671
15.936771
15.932515
15.924001
15.916552
15.941029
15.958056
15.996368
15.997433
16.011267
16.016588
16.040001
16.044258
16.044258
16.013395
15.961248
15.924001
15.889946
15.851634
15.825028
15.800550
15.777138
15.728184
15.750532
15.744147
15.742019
15.705834
15.654752
15.594091
15.511082
15.472770
15.467448
15.465320
15.468513
15.473834
15.472770
15.471705
15.466384
15.485540
15.492990
15.510017
15.528110
15.552587
15.578128
15.651559
15.701578
15.761174
15.804808
15.849505
15.869725
15.908037
15.968699
15.995304
16.019781
16.013395
15.978276
15.962313
15.904845
16.017653
15.632403
15.528110
15.431265
15.348255
15.280145
15.246090
15.210970
15.177979
15.162016
15.156694
15.152438
15.181171
15.191814
15.222676
15.271631
15.289722
15.286530
15.260988
15.251410
15.235447
15.218420
15.169465
15.154566
15.125833
15.101355
15.075813
15.025795
14.993868
14.955556
14.952363
14.966198
14.976841
15.006639
15.037501
15.079006
15.108805
15.157759
15.196071
15.206714
15.225869
15.241833
15.250346
15.260988
15.256732
15.241833
15.215227
15.181171
15.153502
15.122640
15.107740
15.055593
14.985354
14.953427
14.933208
14.901280
14.871482
14.842749
14.811886
14.771445
14.715041
14.684178
14.647995
14.642673
14.634160
14.609683
14.607554
14.628839
14.646931
14.658637
14.679922
14.698013
14.723555
14.775702
14.812950
14.812950
14.829978
14.839556
14.851262
14.870418
14.875739
14.824656
14.790601
14.773574
14.743775
14.707592
14.670343
14.637353
14.589462
14.571371
14.557536
14.556472
14.549022
14.550086
14.554343
14.553279
14.524545
14.525609
14.511774
14.508581
14.514967
14.509645
14.521352
14.542637
14.539444
14.561792
14.563921
14.596912
14.611812
14.620325
14.559665
14.513903
14.453241
14.415994
14.387259
14.337241
14.323406
14.287223
14.287223
14.299994
14.346819
14.369168
14.405352
14.430893
14.455370
14.462820
14.500068
14.567114
14.619261
14.639482
14.693757
14.742711
14.869354
14.947042
15.017282
15.071557
15.066236
15.008767
14.939592
14.737390
14.645866
14.575627
14.518160
14.464949
14.436214
14.407480
14.402159
14.413865
14.415994
14.435150
14.435150
14.433022
14.438343
14.451114
14.510710
14.540508
14.563921
14.577756
14.591591
14.597977
14.590527
14.585206
14.603297
14.602233
14.593719
14.603297
14.588398
14.592655
14.597977
14.610747
14.620325
14.629903
14.632031
14.651188
14.680986
14.712913
14.796987
14.841684
14.864033
14.907666
14.926822
14.960877
14.978969
15.063043
15.104548
15.142859
15.203521
15.233319
15.306750
15.313136
15.325907
15.350384
15.345062
15.329099
15.308879
15.258861
15.207777
15.160952
15.039630
14.969391
14.915115
14.864033
14.785280
14.723555
14.662894
14.616068
14.604362
14.585206
14.578820
14.605426
14.610747
14.628839
14.675665
14.706528
14.740582
14.782087
14.825721
14.866161
14.910858
14.957685
15.067300
15.122640
15.189686
15.254603
15.278016
15.314200
15.321650
15.275887
15.214163
15.148181
15.050272
14.970455
14.901280
14.841684
14.765059
14.741647
14.725683
14.717170
14.721427
14.737390
14.757610
14.806564
14.815079
14.838491
14.855519
14.886381
14.919373
14.938528
14.971519
15.032180
15.049208
15.057722
15.037501
15.004511
14.995996
14.978969
14.910858
14.861904
14.811886
14.756546
14.729940
14.719298
14.698013
14.666087
14.685243
14.668216
14.701206
14.698013
14.705463
14.723555
14.748033
14.812950
14.857647
14.912987
14.984290
15.025795
15.079006
15.074749
15.099227
15.120511
15.092841
15.085392
15.080070
15.086455
15.049208
15.006639
14.975777
14.948107
14.917244
14.888510
14.855519
14.832106
14.802308
14.744840
14.698013
14.671408
14.618196
14.595848
14.562857
14.537315
14.500068
14.492619
14.485168
14.473462
14.485168
14.499003
14.523480
14.552215
14.573500
14.592655
14.625647
14.641609
14.673536
14.711848
14.762931
14.884253
14.959813
14.981097
14.988547
14.991739
14.987483
14.998125
14.995996
15.000254
14.981097
14.960877
14.933208
14.891703
14.850198
14.788473
14.778894
14.766124
14.746968
14.723555
14.718234
14.723555
14.715041
14.713977
14.722490
14.721427
14.729940
14.746968
14.753353
14.783152
14.844876
14.879996
14.907666
14.925757
14.941721
14.936400
14.942785
14.874675
14.865097
14.848069
14.826785
14.806564
14.781023
14.767188
14.763995
14.785280
14.802308
14.860840
14.910858
14.952363
14.999189
15.053465
15.156694
15.196071
15.236511
15.273760
15.297173
15.340806
15.373796
15.462128
15.499375
15.623890
15.747339
15.794166
15.683486
15.589834
15.284402
15.129025
14.978969
14.829978
14.703335
14.592655
14.491554
14.411737
14.309571
14.256360
14.256360
14.241461
14.254231
14.267002
14.273388
14.337241
14.375553
14.428764
14.464949
14.516031
14.562857
14.621389
14.728876
14.771445
14.840620
14.910858
15.003447
15.086455
15.162016
15.237576
15.240768
15.154566
15.064107
14.934272
14.819335
14.693757
14.605426
14.519224
14.488361
14.512838
14.550086
14.597977
14.628839
14.666087
14.720363
14.733133
14.760803
14.800179
14.843812
14.884253
14.915115
14.939592
14.953427
14.944914
14.924693
14.875739
14.818271
14.757610
14.703335
14.534122
14.470269
14.408545
14.368104
14.312764
14.286159
14.269131
14.221241
14.192507
14.197827
14.183992
14.197827
14.203149
14.230819
14.275517
14.308507
14.343627
14.384068
14.430893
14.455370
14.522416
14.558600
14.668216
14.710784
14.740582
14.763995
14.765059
14.784216
14.757610
14.700142
14.661830
14.627775
14.578820
14.549022
14.511774
14.476655
14.704399
14.437279
14.456434
14.462820
14.506454
14.522416
14.567114
14.604362
14.688436
14.726748
14.761868
14.790601
14.824656
14.862968
14.940657
15.059850
15.130089
15.236511
15.336549
15.296108
15.246090
15.167336
15.005574
14.927886
14.867226
14.791665
14.741647
14.672472
14.644802
14.588398
14.577756
14.577756
14.577756
14.580949
14.577756
14.591591
14.612876
14.655444
14.676729
14.705463
14.756546
14.822528
14.888510
14.924693
14.956620
14.956620
14.902345
14.835299
14.758675
14.661830
14.575627
14.666087
14.309571
14.254231
14.205277
14.166965
14.144616
14.132910
14.154195
14.232947
14.273388
14.314893
14.368104
14.400030
14.430893
14.478784
14.608619
14.674601
14.754417
14.808693
14.888510
14.951299
15.051336
14.987483
15.347191
15.418494
15.523852
15.618568
15.661138
15.689872
15.684550
15.514275
15.424879
15.307815
15.231191
15.142859
15.059850
14.992804
14.889574
14.862968
14.809757
14.796987
14.776766
14.767188
14.746968
14.720363
14.686307
14.689500
14.670343
14.675665
14.687371
14.675665
14.689500
14.722490
14.733133
14.742711
14.754417
14.758675
14.774638
14.775702
14.836363
14.887445
14.990676
15.144988
15.352512
15.504696
15.497247
15.246090
15.114125
14.954492
14.841684
14.735262
14.663959
14.617132
14.589462
14.603297
14.621389
14.649059
14.677794
14.709720
14.745904
14.775702
14.869354
14.916180
14.975777
15.023666
15.106676
15.148181
15.207777
15.290787
15.306750
15.352512
15.361026
15.358897
15.357833
15.341869
15.273760
15.234383
15.204585
15.179044
15.174787
15.165209
15.152438
15.159887
15.216291
15.231191
15.258861
15.275887
15.308879
15.365283
15.409980
15.508953
15.564293
15.621761
15.667522
15.670715
15.655816
15.607926
15.747339
15.378054
15.260988
15.138603
15.015153
14.910858
14.834234
14.774638
14.709720
14.711848
14.726748
14.751225
14.769317
14.793794
14.801244
14.804436
14.818271
14.833170
14.851262
14.853391
14.845941
14.864033
14.885317
14.919373
15.002382
15.172658
15.389760
15.496182
15.463191
15.333356
15.225869
15.141795
15.056658
14.975777
14.920437
14.873610
14.849133
14.792729
14.779959
14.774638
14.762931
14.753353
14.756546
14.743775
14.791665
14.841684
14.901280
14.963006
15.020473
15.086455
15.141795
15.223741
15.255668
15.268438
15.255668
15.223741
15.197135
15.149245
15.131153
15.047079
15.009831
14.995996
14.985354
14.965134
14.968327
14.947042
15.024731
15.061978
15.109869
15.153502
15.197135
15.234383
15.236511
15.313136
15.374861
15.418494
15.497247
15.581321
15.664330
15.688807
15.687743
15.603669
15.536623
15.436585
15.361026
15.254603
15.177979
15.084328
14.934272
14.851262
14.779959
14.699078
14.661830
14.612876
14.597977
14.624582
14.661830
14.689500
14.725683
14.763995
14.784216
14.825721
14.858711
14.940657
14.961942
15.000254
15.052401
15.122640
15.215227
15.326971
15.490861
15.530237
15.557907
15.544072
15.499375
15.429136
15.347191
15.114125
15.004511
14.917244
14.861904
14.801244
14.777830
14.757610
14.765059
14.785280
14.816143
14.862968
14.877868
14.939592
14.981097
15.054529
15.171594
15.250346
15.339742
15.414237
15.505760
15.608991
15.681357
15.746275
15.718606
15.660073
15.585577
15.494054
15.411044
15.316328
15.151374
15.096034
15.034308
15.013024
14.961942
14.923630
14.895960
14.851262
14.867226
14.890638
14.921501
14.937465
14.972584
15.001318
15.041759
15.162016
15.225869
15.324842
15.404659
15.469577
15.512146
15.541945
15.467448
15.383374
15.295044
15.203521
15.093905
14.992804
14.897024
14.810822
14.654381
14.605426
14.569242
14.551150
14.551150
14.546894
14.580949
14.615004
14.633096
14.653316
14.670343
14.676729
14.682050
14.694821
14.683114
14.670343
14.696949
14.726748
14.740582
14.788473
14.852326
15.036437
15.554715
15.528110
15.441907
15.343998
15.212034
15.049208
14.917244
14.657573
14.545830
14.448985
14.355333
14.247847
14.180800
14.125461
14.088213
14.089277
14.098855
14.106304
14.133974
14.142488
14.189314
14.252103
14.409609
14.481976
14.546894
14.583077
14.621389
14.628839
14.617132
14.559665
14.556472
14.522416
14.477719
14.451114
14.410673
14.390452
14.345755
14.336177
14.358526
14.387259
14.423444
14.456434
14.517096
14.635224
14.676729
14.744840
14.784216
14.840620
14.884253
14.936400
14.988547
15.189686
15.351448
15.504696
15.611118
15.638788
15.538752
15.456806
15.199264
15.066236
14.923630
14.760803
14.629903
14.506454
14.447921
14.343627
14.323406
14.309571
14.312764
14.292543
14.294672
14.286159
14.284030
14.279773
14.289351
14.274452
14.298929
14.323406
14.359590
14.407480
14.539444
14.605426
14.652252
14.657573
14.660766
14.654381
14.639482
14.673536
14.850198
15.079006
15.075813
15.042823
15.026859
15.009831
14.948107
14.742711
14.641609
14.527738
14.452178
14.404287
14.379810
14.371297
14.413865
14.451114
14.492619
14.528802
14.580949
14.613940
14.657573
14.739518
14.787409
14.803371
14.865097
14.884253
14.938528
14.977905
15.082199
15.134346
15.180107
15.219484
15.247154
15.230126
15.188622
15.134346
15.067300
15.014089
14.990676
14.954492
14.970455
14.959813
14.997061
15.055593
15.102419
15.137539
15.166273
15.195006
15.249282
15.300365
15.428072
15.478090
15.500440
15.524917
15.533430
15.500440
15.441907
15.370604
15.176915
15.071557
14.924693
14.826785
14.740582
14.666087
14.629903
14.576692
14.579885
14.608619
14.621389
14.646931
14.669279
14.700142
14.757610
14.802308
14.836363
14.883189
14.904473
14.951299
14.997061
15.077942
15.280145
15.389760
15.498311
15.548329
15.579192
15.540880
15.500440
15.363154
15.303557
15.245026
15.205649
15.166273
15.105612
15.067300
14.994932
14.990676
14.968327
14.967262
14.964070
14.976841
15.005574
15.031116
15.090713
15.124768
15.171594
15.227998
15.270567
15.325907
15.366347
15.471705
15.501504
15.525981
15.504696
15.447228
15.380182
15.297173
15.105612
15.011960
14.942785
14.907666
14.873610
14.865097
14.850198
14.870418
14.918308
14.951299
14.981097
14.980033
15.021538
15.023666
15.093905
15.154566
15.183300
15.245026
15.295044
15.398273
15.543009
15.694128
15.656880
15.607926
15.530237
15.439778
15.333356
15.235447
15.104548
15.182236
14.833170
14.789537
14.748033
14.717170
14.712913
14.694821
14.717170
14.755482
14.753353
14.770381
14.772510
14.802308
14.815079
14.816143
14.855519
14.898088
14.935336
14.992804
15.075813
15.181171
15.304622
15.450420
15.488733
15.532366
15.498311
15.421687
15.340806
15.197135
15.076878
14.806564
14.679922
14.572435
14.495811
14.442599
14.410673
14.411737
14.469205
14.500068
14.530931
14.566050
14.595848
14.626711
14.651188
14.710784
14.731005
14.775702
14.827849
14.917244
15.031116
15.198199
15.337613
15.399338
15.378054
15.356769
15.309943
15.275887
15.219484
15.176915
15.055593
15.010896
14.977905
14.942785
14.905538
14.881061
14.878932
14.886381
14.890638
14.906602
14.923630
14.953427
14.971519
14.997061
15.041759
15.051336
15.072620
15.087520
15.085392
15.100290
15.069428
15.071557
15.042823
15.018346
14.983226
14.955556
14.936400
14.894896
14.885317
14.861904
14.838491
14.819335
14.820399
14.828914
14.847005
14.849133
14.915115
14.955556
15.002382
15.047079
15.080070
15.134346
15.179044
15.233319
15.287595
15.320585
15.335485
15.353577
15.321650
15.280145
15.243961
15.177979
15.162016
15.138603
15.129025
15.109869
15.105612
15.098163
15.073685
15.050272
15.041759
15.016217
15.005574
14.994932
14.989612
15.003447
15.063043
15.083263
15.079006
15.083263
15.070493
15.081135
15.082199
15.107740
15.120511
15.156694
15.179044
15.222676
15.252475
15.289722
15.365283
15.431265
15.479155
15.530237
15.568550
15.611118
15.630275
15.661138
15.673908
15.644110
15.589834
15.535559
15.428072
15.333356
15.214163
15.024731
14.945978
14.902345
14.884253
14.886381
14.903409
14.915115
14.959813
14.982162
15.016217
15.043887
15.094970
15.155630
15.226933
15.333356
15.337613
15.357833
15.373796
15.413173
15.422750
15.409980
15.401466
15.372732
15.361026
15.331227
15.318457
15.293980
15.280145
15.279080
15.271631
15.281209
15.303557
15.324842
15.350384
15.353577
15.381247
15.431265
15.430201
15.442971
15.432329
15.430201
15.412108
15.374861
15.357833
15.331227
15.301429
15.298237
15.304622
15.298237
15.286530
15.257796
15.177979
15.120511
15.067300
15.001318
14.940657
14.899152
14.852326
14.779959
14.735262
14.724619
14.728876
14.743775
14.772510
14.798051
14.841684
14.934272
14.975777
15.013024
15.058786
15.098163
15.141795
15.196071
15.280145
15.316328
15.365283
15.380182
15.383374
15.383374
15.354641
15.312072
15.279080
15.234383
15.170529
15.134346
15.065171
15.007703
14.947042
14.859776
14.828914
14.812950
14.826785
14.835299
14.860840
14.865097
14.890638
14.902345
14.930015
14.949171
14.971519
14.999189
15.010896
15.042823
15.056658
15.073685
15.094970
15.113061
15.133282
15.148181
15.147117
15.122640
15.088584
15.070493
15.032180
15.011960
14.990676
14.970455
14.944914
14.935336
14.925757
14.899152
14.919373
14.924693
14.939592
14.967262
14.984290
14.990676
15.006639
15.021538
15.020473
15.031116
15.015153
14.992804
14.983226
14.983226
14.985354
14.997061
14.998125
15.030052
15.088584
15.097098
15.092841
15.076878
15.033244
14.995996
14.948107
14.833170
14.766124
14.746968
14.713977
14.694821
14.691628
14.677794
14.466013
14.765059
14.794858
14.806564
14.823592
14.800179
14.820399
14.826785
14.885317
14.906602
14.961942
14.964070
15.030052
15.052401
15.114125
15.220548
15.263117
15.346127
15.379118
15.436585
15.450420
15.448293
15.339742
15.252475
15.139668
15.009831
14.856584
14.726748
14.586270
14.680986
14.378746
14.335113
14.347883
14.372360
14.393645
14.433022
14.460691
14.536251
14.575627
14.624582
14.672472
14.727812
14.788473
14.845941
14.949171
14.992804
15.038566
15.083263
15.098163
15.121575
15.122640
15.096034
15.061978
15.035373
15.018346
14.999189
14.985354
14.958749
14.955556
14.950235
14.953427
14.948107
14.954492
14.966198
14.975777
15.007703
15.040694
15.056658
15.061978
15.069428
15.056658
15.064107
15.066236
15.068364
15.073685
15.109869
15.148181
15.176915
15.176915
15.152438
15.116254
15.013024
14.963006
14.906602
14.854455
14.793794
14.727812
14.680986
14.635224
14.633096
14.654381
14.698013
14.727812
14.775702
14.816143
14.884253
14.901280
14.950235
14.980033
15.034308
15.088584
15.143924
15.210970
15.317392
15.349319
15.372732
15.379118
15.386567
15.363154
15.342934
15.238640
15.191814
15.141795
15.107740
15.041759
15.006639
14.970455
14.910858
14.881061
14.884253
14.864033
14.847005
14.820399
14.803371
14.789537
14.803371
14.807629
14.828914
14.853391
14.867226
14.894896
14.920437
14.999189
15.027924
15.076878
15.104548
15.138603
15.158823
15.167336
15.188622
15.196071
15.199264
15.201392
15.216291
15.220548
15.239704
15.255668
15.253539
15.278016
15.312072
15.363154
15.387631
15.417430
15.439778
15.479155
15.485540
15.497247
15.484476
15.469577
15.434458
15.392953
15.302493
15.285466
15.264181
15.245026
15.229062
15.186493
15.168401
15.098163
15.066236
15.027924
14.999189
14.967262
14.948107
14.942785
14.939592
14.980033
15.013024
15.039630
15.054529
15.058786
15.043887
15.018346
14.930015
14.897024
14.868290
14.858711
14.850198
14.861904
14.888510
14.948107
14.982162
15.018346
15.067300
15.093905
15.151374
15.186493
15.003447
15.320585
15.373796
15.442971
15.500440
15.536623
15.558971
15.579192
15.546201
15.474898
15.400402
15.350384
15.262053
15.202456
15.155630
15.063043
15.038566
15.039630
15.040694
15.044951
15.031116
15.035373
15.058786
15.083263
15.109869
15.118382
15.132217
15.133282
15.137539
15.146052
15.173722
15.184364
15.203521
15.222676
15.236511
15.256732
15.271631
15.318457
15.339742
15.340806
15.352512
15.369539
15.361026
15.343998
15.285466
15.251410
15.236511
15.209906
15.186493
15.171594
15.164145
15.158823
15.140731
15.131153
15.132217
15.109869
15.085392
15.064107
15.035373
15.007703
15.004511
15.016217
15.039630
15.070493
15.098163
15.126896
15.186493
15.183300
15.159887
15.151374
15.138603
15.126896
15.151374
15.148181
15.181171
15.192879
15.210970
15.222676
15.239704
15.280145
15.308879
15.342934
15.340806
15.348255
15.335485
15.334420
15.325907
15.315264
15.279080
15.253539
15.231191
15.189686
15.179044
15.147117
15.133282
15.123704
15.114125
15.119447
15.117318
15.151374
15.158823
15.172658
15.174787
15.190750
15.210970
15.202456
15.231191
15.235447
15.245026
15.233319
15.199264
15.174787
15.141795
15.102419
15.060914
15.006639
14.968327
14.869354
14.810822
14.774638
14.716105
14.692693
14.667151
14.667151
14.665023
14.675665
14.696949
14.731005
14.761868
14.789537
14.829978
14.873610
14.945978
14.969391
14.984290
15.016217
15.063043
15.164145
15.255668
15.307815
15.287595
15.254603
15.226933
15.174787
15.144988
15.096034
15.056658
14.982162
14.945978
14.877868
14.815079
14.762931
14.722490
14.700142
14.718234
14.737390
14.771445
14.807629
14.839556
14.877868
14.916180
15.004511
15.036437
15.069428
15.096034
15.114125
15.117318
15.129025
15.120511
15.108805
15.101355
15.094970
15.075813
15.061978
15.037501
15.022602
14.976841
14.953427
14.935336
14.920437
14.912987
14.902345
14.909795
14.918308
14.925757
14.930015
14.935336
14.945978
14.957685
15.001318
15.028988
15.033244
15.054529
15.083263
15.089648
15.122640
15.139668
15.162016
15.150310
15.109869
15.061978
14.994932
14.959813
14.910858
14.882125
14.842749
14.832106
14.812950
14.791665
14.749097
14.718234
14.674601
14.606490
14.550086
14.517096
14.485168
14.441535
14.371297
14.331920
14.291480
14.195700
14.198892
14.222305
14.246782
14.271259
14.297865
14.322342
14.343627
14.353205
14.365975
14.379810
14.406416
14.441535
14.514967
14.652252
14.729940
14.871482
15.035373
15.215227
15.301429
15.256732
15.221612
15.026859
14.907666
14.805500
14.723555
14.668216
14.627775
14.603297
14.573500
14.560729
14.569242
14.569242
14.567114
14.587335
14.586270
14.603297
14.606490
14.612876
14.606490
14.608619
14.605426
14.620325
14.650124
14.728876
14.751225
14.799115
14.832106
14.870418
14.892767
14.907666
14.906602
14.902345
14.890638
14.836363
14.783152
14.709720
14.668216
14.592655
14.567114
14.563921
14.571371
14.589462
14.604362
14.633096
14.708656
14.751225
14.800179
14.842749
14.901280
14.965134
15.032180
15.080070
15.138603
15.150310
15.119447
15.076878
15.040694
14.959813
14.895960
14.735262
14.696949
14.665023
14.665023
14.674601
14.706528
14.753353
14.818271
14.824656
14.824656
14.843812
14.847005
14.868290
14.865097
14.876803
14.932143
15.020473
15.138603
15.252475
15.321650
15.274823
15.212034
15.060914
14.990676
14.924693
14.854455
14.814014
14.765059
14.728876
14.688436
14.678858
14.684178
14.717170
14.740582
14.771445
14.766124
14.771445
14.721427
14.717170
14.695885
14.713977
14.718234
14.728876
14.740582
14.749097
14.754417
14.755482
14.762931
14.754417
14.784216
14.779959
14.786345
14.798051
14.808693
14.843812
14.866161
14.904473
14.931079
14.984290
15.089648
15.143924
15.171594
15.239704
15.274823
15.343998
15.383374
15.501504
15.554715
15.617504
15.670715
15.724991
15.800550
15.853762
15.918680
15.925065
15.920808
15.885689
15.845248
15.754789
15.663266
15.761174
15.406788
15.325907
15.266310
15.209906
15.156694
15.129025
15.077942
15.038566
15.030052
15.039630
15.038566
15.052401
15.061978
15.080070
15.126896
15.160952
15.184364
15.205649
15.229062
15.253539
15.282273
15.347191
15.382310
15.435522
15.459999
15.504696
15.515339
15.533430
15.547265
15.500440
15.469577
15.394017
15.319521
15.241833
15.167336
15.077942
14.897024
14.833170
14.777830
14.746968
14.744840
14.770381
14.807629
14.879996
14.932143
14.951299
14.995996
15.027924
15.104548
15.181171
15.265245
15.316328
15.314200
15.325907
15.319521
15.318457
15.287595
15.264181
15.175851
15.140731
15.076878
15.025795
14.958749
14.906602
14.856584
14.773574
14.765059
14.750160
14.763995
14.772510
14.809757
14.840620
14.870418
14.918308
14.934272
14.982162
14.990676
15.049208
15.070493
15.134346
15.246090
15.299301
15.361026
15.408916
15.450420
15.469577
15.464255
15.441907
15.405724
15.359962
15.285466
15.217356
15.142859
15.070493
15.213099
14.886381
14.839556
14.798051
14.777830
14.773574
14.773574
14.788473
14.838491
14.884253
14.888510
14.920437
14.918308
14.939592
14.941721
14.999189
15.076878
15.157759
15.247154
15.282273
15.271631
15.270567
15.215227
15.180107
15.182236
15.176915
15.198199
15.205649
15.218420
15.201392
15.168401
15.154566
15.083263
15.023666
14.934272
14.864033
14.806564
14.712913
14.692693
14.679922
14.691628
14.695885
14.727812
14.756546
14.828914
14.864033
14.898088
14.927886
14.959813
14.984290
14.987483
14.988547
14.987483
14.988547
14.978969
14.969391
14.966198
14.950235
14.951299
14.918308
14.911922
14.926822
14.934272
14.980033
15.008767
15.073685
15.192879
15.252475
15.302493
15.334420
15.351448
15.354641
15.398273
15.471705
15.502568
15.548329
15.564293
15.561100
15.530237
15.470641
15.379118
15.193942
15.108805
15.042823
14.989612
14.963006
14.917244
14.870418
14.841684
14.841684
14.849133
14.844876
14.858711
14.849133
14.836363
14.807629
14.791665
14.789537
14.791665
14.808693
14.827849
14.867226
14.892767
14.956620
15.003447
15.036437
15.070493
15.108805
15.138603
15.174787
15.224805
15.260988
15.287595
15.314200
15.321650
15.325907
15.315264
15.264181
15.226933
15.163080
15.109869
15.063043
15.001318
14.930015
14.889574
14.824656
14.791665
14.782087
14.771445
14.759739
14.773574
14.750160
14.783152
14.840620
14.907666
14.928950
14.933208
14.907666
14.879996
14.848069
14.848069
14.856584
14.860840
14.877868
14.877868
14.856584
14.836363
14.814014
14.795922
14.749097
14.722490
14.672472
14.658637
14.616068
14.540508
14.497939
14.504325
14.496875
14.528802
14.523480
14.543701
14.566050
14.577756
14.576692
14.613940
14.640546
14.685243
14.735262
14.849133
14.915115
14.975777
15.023666
15.075813
15.108805
15.134346
15.159887
15.126896
15.082199
15.051336
15.019409
14.999189
14.978969
14.988547
15.043887
15.044951
15.077942
15.109869
15.136475
15.151374
15.153502
15.179044
15.181171
15.182236
15.168401
15.134346
15.102419
15.063043
15.021538
14.915115
14.889574
14.849133
14.834234
14.824656
14.816143
14.832106
14.840620
14.864033
14.885317
14.917244
14.943850
14.975777
15.021538
15.089648
15.110933
15.093905
15.087520
15.057722
15.016217
14.969391
14.902345
14.795922
14.756546
14.748033
14.721427
14.723555
14.739518
14.753353
14.802308
14.842749
14.875739
14.910858
14.940657
14.983226
15.016217
15.075813
15.096034
15.096034
15.099227
15.118382
15.142859
15.171594
15.212034
15.281209
15.316328
15.352512
15.374861
15.408916
15.408916
15.414237
15.439778
15.457870
15.431265
15.437650
15.399338
15.395082
15.366347
15.319521
15.286530
15.243961
15.215227
15.177979
15.165209
15.175851
15.160952
15.146052
15.155630
15.186493
15.197135
15.207777
15.234383
15.235447
15.237576
15.227998
15.212034
15.184364
15.158823
15.131153
15.103483
15.048143
15.035373
15.023666
15.003447
14.983226
14.967262
14.961942
14.944914
14.936400
14.943850
14.961942
14.982162
15.002382
15.034308
15.069428
15.150310
15.187557
15.216291
15.253539
15.282273
15.320585
15.352512
15.454678
15.516403
15.551522
15.587706
15.610055
15.644110
15.652623
15.623890
15.567486
15.518531
15.442971
15.352512
15.245026
15.126896
15.048143
14.921501
14.862968
14.837427
14.820399
14.806564
14.829978
14.836363
14.865097
14.860840
14.867226
14.866161
14.887445
14.924693
14.986419
15.096034
15.100290
15.102419
15.099227
15.070493
15.053465
15.020473
15.239704
14.924693
14.904473
14.890638
14.876803
14.872546
14.865097
14.881061
14.901280
14.923630
14.948107
14.978969
15.009831
15.026859
15.053465
15.114125
15.153502
15.167336
15.184364
15.204585
15.241833
15.278016
15.326971
15.333356
15.364219
15.399338
15.428072
15.434458
15.431265
15.409980
15.394017
15.348255
15.308879
15.235447
15.164145
15.085392
15.024731
0.000000
0.000000
0.000000
0.000000
0.000000
0.000000
0.000000
0.000000
0.000000
0.000000
0.000000
0.000000
0.000000
0.000000
0.000000
0.000000
0.000000
0.000000
0.000000
0.000000
0.000000
0.000000
0.000000
0.000000
0.000000
0.000000
0.000000
0.000000
0.000000
0.000000
0.000000
0.000000
0.000000
0.000000
0.000000
0.000000
0.000000
0.000000
0.000000
0.000000
0.000000
0.000000
0.000000
0.000000
0.000000
0.000000
0.000000
0.000000
0.000000
0.000000
0.000000
0.000000
0.000000
0.000000
0.000000
0.000000
0.000000
0.000000
0.000000
0.000000
0.000000
0.000000
0.000000
0.000000
0.000000
0.000000
0.000000
0.000000
0.000000
0.000000
0.000000
0.000000
0.000000
0.000000
0.000000
0.000000
0.000000
0.000000
0.000000
0.000000
0.000000
0.000000
0.000000
0.000000
0.000000
0.000000
0.000000
0.000000
0.000000
0.000000
0.000000
0.000000
0.000000
0.000000
0.000000
0.000000
0.000000
0.000000
0.000000
0.000000
0.000000
0.000000
0.000000
0.000000
0.000000
0.000000
0.000000
0.000000
0.000000
0.000000
0.000000
0.000000
0.000000
0.000000
0.000000
0.000000
0.000000
0.000000
0.000000
0.000000
0.000000
0.000000
0.000000
0.000000
0.000000
0.000000
0.000000
0.000000
0.000000
0.000000
0.000000
0.000000
0.000000
0.000000
0.000000
0.000000
0.000000
0.000000
0.000000
0.000000
0.000000
0.000000
0.000000
0.000000
0.000000
0.000000
0.000000
0.000000
0.000000
0.000000
0.000000
0.000000
0.000000
0.000000
0.000000
0.000000
0.000000
0.000000
0.000000
0.000000
0.000000
0.000000
0.000000
0.000000
0.000000
0.000000
0.000000
0.000000
0.000000
0.000000
0.000000
0.000000
0.000000
0.000000
0.000000
0.000000
0.000000
0.000000
0.000000
0.000000
0.000000
0.000000
0.000000
0.000000
0.000000
0.000000
0.000000
0.000000
0.000000
0.000000
0.000000
0.000000
0.000000
0.000000
0.000000
0.000000
0.000000
0.000000
0.000000
0.000000
0.000000
0.000000
0.000000
0.000000
0.000000
0.000000
0.000000
0.000000
0.000000
0.000000
0.000000
0.000000
0.000000
0.000000
0.000000
0.000000
0.000000
0.000000
0.000000
0.000000
0.000000
0.000000
0.000000
0.000000
0.000000
0.000000
0.000000
0.000000
0.000000
0.000000
0.000000
0.000000
0.000000
0.000000
0.000000
0.000000
0.000000
0.000000
0.000000
0.000000
0.000000
0.000000
0.000000
0.000000
0.000000
0.000000
0.000000
0.000000
0.000000
0.000000
0.000000
0.000000
0.000000
0.000000
0.000000
0.000000
0.000000
0.000000
0.000000
0.000000
0.000000
0.000000
0.000000
0.000000
0.000000
0.000000
0.000000
0.000000
0.000000
0.000000
0.000000
0.000000
0.000000
0.000000
0.000000
0.000000
0.000000
0.000000
0.000000
0.000000
0.000000
0.000000
0.000000
0.000000
0.000000
0.000000
0.000000
0.000000
0.000000
0.000000
0.000000
0.000000
0.000000
0.000000
0.000000
0.000000
0.000000
0.000000
0.000000
0.000000
0.000000
0.000000
0.000000
0.000000
0.000000
0.000000
0.000000
0.000000
0.000000
0.000000
0.000000
0.000000
0.000000
0.000000
0.000000
0.000000
0.000000
0.000000
0.000000
0.000000
0.000000
0.000000
0.000000
0.000000
0.000000
0.000000
0.000000
0.000000
0.000000
0.000000
0.000000
0.000000
0.000000
0.000000
0.000000
0.000000
0.000000
0.000000
0.000000
0.000000
0.000000
0.000000
0.000000
0.000000
0.000000
0.000000
0.000000
0.000000
0.000000
0.000000
0.000000
0.000000
0.000000
0.000000
0.000000
0.000000
0.000000
0.000000
0.000000
0.000000
0.000000
0.000000
0.000000
0.000000
0.000000
0.000000
0.000000
0.000000
0.000000
0.000000
0.000000
0.000000
0.000000
0.000000
0.000000
0.000000
0.000000
0.000000
0.000000
0.000000
0.000000
0.000000
0.000000
0.000000
0.000000
0.000000
0.000000
0.000000
0.000000
0.000000
0.000000
0.000000
0.000000
0.000000
0.000000
0.000000
0.000000
0.000000
0.000000
0.000000
0.000000
0.000000
0.000000
0.000000
0.000000
0.000000
0.000000
0.000000
0.000000
0.000000
0.000000
0.000000
0.000000
0.000000
0.000000
0.000000
0.000000
0.000000
0.000000
0.000000
0.000000
0.000000
0.000000
0.000000
0.000000
0.000000
0.000000
0.000000
0.000000
0.000000
0.000000
0.000000
0.000000
0.000000
0.000000
0.000000
0.000000
0.000000
0.000000
0.000000
0.000000
0.000000
0.000000
0.000000
0.000000
0.000000
0.000000
0.000000
0.000000
0.000000
0.000000
0.000000
0.000000
0.000000
0.000000
0.000000
0.000000
0.000000
0.000000
0.000000
0.000000
0.000000
0.000000
0.000000
0.000000
0.000000
0.000000
0.000000
0.000000
0.000000
0.000000
0.000000
0.000000
0.000000
0.000000
0.000000
0.000000
0.000000
0.000000
0.000000
0.000000
0.000000
0.000000
0.000000
0.000000
0.000000
0.000000
0.000000
0.000000
0.000000
0.000000
0.000000
0.000000
0.000000
0.000000
0.000000
0.000000
0.000000
0.000000
0.000000
0.000000
0.000000
0.000000
0.000000
0.000000
0.000000
0.000000
0.000000
0.000000
0.000000
0.000000
0.000000
0.000000
0.000000
0.000000
0.000000
0.000000
0.000000
0.000000
0.000000
0.000000
0.000000
0.000000
0.000000
0.000000
0.000000
0.000000
0.000000
0.000000
0.000000
0.000000
0.000000
0.000000
0.000000
0.000000
0.000000
0.000000
0.000000
0.000000
0.000000
0.000000
0.000000
0.000000
0.000000
0.000000
0.000000
0.000000
0.000000
0.000000
0.000000
0.000000
0.000000
0.000000
0.000000
0.000000
0.000000
0.000000
0.000000
0.000000
0.000000
0.000000
0.000000
0.000000
0.000000
0.000000
0.000000
0.000000
0.000000
0.000000
0.000000
0.000000
0.000000
0.000000
0.000000
0.000000
0.000000
0.000000
0.000000
0.000000
0.000000
0.000000
0.000000
0.000000
0.000000
0.000000
0.000000
0.000000
0.000000
0.000000
0.000000
0.000000
0.000000
0.000000
0.000000
0.000000
0.000000
0.000000
0.000000
0.000000
0.000000
0.000000
0.000000
0.000000
0.000000
0.000000
0.000000
0.000000
0.000000
0.000000
0.000000
0.000000
0.000000
0.000000
0.000000
0.000000
0.000000
0.000000
0.000000
0.000000
0.000000
0.000000
0.000000
0.000000
0.000000
0.000000
0.000000
0.000000
0.000000
0.000000
0.000000
0.000000
0.000000
0.000000
0.000000
0.000000
0.000000
0.000000
0.000000
0.000000
0.000000
0.000000
0.000000
0.000000
0.000000
0.000000
0.000000
0.000000
0.000000
0.000000
0.000000
0.000000
0.000000
0.000000
0.000000
0.000000
0.000000
0.000000
0.000000
0.000000
0.000000
0.000000
0.000000
0.000000
0.000000
0.000000
0.000000
0.000000
0.000000
0.000000
0.000000
0.000000
0.000000
0.000000
0.000000
0.000000
0.000000
0.000000
0.000000
0.000000
0.000000
0.000000
0.000000
0.000000
0.000000
0.000000
0.000000
0.000000
0.000000
0.000000
0.000000
0.000000
0.000000
0.000000
0.000000
0.000000
0.000000
0.000000
0.000000
0.000000
0.000000
0.000000
0.000000
0.000000
0.000000
0.000000
0.000000
0.000000
0.000000
0.000000
0.000000
0.000000
0.000000
0.000000
0.000000
0.000000
0.000000
0.000000
0.000000
0.000000
0.000000
0.000000
0.000000
0.000000
0.000000
0.000000
0.000000
0.000000
0.000000
0.000000
0.000000
0.000000
0.000000
0.000000
0.000000
0.000000
0.000000
0.000000
0.000000
0.000000
0.000000
0.000000
0.000000
0.000000
0.000000
0.000000
0.000000
0.000000
0.000000
0.000000
0.000000
0.000000
0.000000
0.000000
0.000000
0.000000
0.000000
0.000000
0.000000
0.000000
0.000000
0.000000
0.000000
0.000000
0.000000
0.000000
0.000000
0.000000
0.000000
0.000000
0.000000
0.000000
0.000000
0.000000
0.000000
0.000000
0.000000
0.000000
0.000000
0.000000
0.000000
0.000000
0.000000
0.000000
0.000000
0.000000
0.000000
0.000000
0.000000
0.000000
0.000000
0.000000
0.000000
0.000000
0.000000
0.000000
0.000000
0.000000
0.000000
0.000000
0.000000
0.000000
0.000000
0.000000
0.000000
0.000000
0.000000
0.000000
0.000000
0.000000
0.000000
0.000000
0.000000
0.000000
0.000000
0.000000
0.000000
0.000000
0.000000
0.000000
0.000000
0.000000
0.000000
0.000000
0.000000
0.000000
0.000000
0.000000
0.000000
0.000000
0.000000
0.000000
0.000000
0.000000
0.000000
0.000000
0.000000
0.000000
0.000000
0.000000
0.000000
0.000000
0.000000
0.000000
0.000000
0.000000
0.000000
0.000000
0.000000
0.000000
0.000000
0.000000
0.000000
0.000000
0.000000
0.000000
0.000000
0.000000
0.000000
0.000000
0.000000
0.000000
0.000000
0.000000
0.000000
0.000000
0.000000
0.000000
0.000000
0.000000
0.000000
0.000000
0.000000
0.000000
0.000000
0.000000
0.000000
0.000000
0.000000
0.000000
0.000000
0.000000
0.000000
0.000000
0.000000
0.000000
0.000000
0.000000
0.000000
0.000000
0.000000
0.000000
0.000000
0.000000
0.000000
0.000000
0.000000
0.000000
0.000000
0.000000
0.000000
0.000000
0.000000
0.000000
0.000000
0.000000
0.000000
0.000000
0.000000
0.000000
0.000000
0.000000
0.000000
0.000000
0.000000
0.000000
0.000000
0.000000
0.000000
0.000000
0.000000
0.000000
0.000000
0.000000
0.000000
0.000000
0.000000
0.000000
0.000000
0.000000
0.000000
0.000000
0.000000
0.000000
0.000000
0.000000
0.000000
0.000000
0.000000
0.000000
0.000000
0.000000
0.000000
0.000000
0.000000
0.000000
0.000000
0.000000
0.000000
0.000000
0.000000
0.000000
0.000000
0.000000
0.000000
0.000000
0.000000
0.000000
0.000000
0.000000
0.000000
0.000000
0.000000
0.000000
0.000000
0.000000
0.000000
0.000000
0.000000
0.000000
0.000000
0.000000
0.000000
0.000000
0.000000
0.000000
0.000000
0.000000
0.000000
0.000000
0.000000
0.000000
0.000000
0.000000
0.000000
0.000000
0.000000
0.000000
0.000000
0.000000
0.000000
0.000000
0.000000
0.000000
0.000000
0.000000
0.000000
0.000000
0.000000
0.000000
0.000000
0.000000
0.000000
0.000000
0.000000
0.000000
0.000000
0.000000
0.000000
0.000000
0.000000
0.000000
0.000000
0.000000
0.000000
0.000000
0.000000
0.000000
0.000000
0.000000
0.000000
0.000000
0.000000
0.000000
0.000000
0.000000
0.000000
0.000000
0.000000
0.000000
0.000000
0.000000
0.000000
0.000000
0.000000
0.000000
0.000000
0.000000
0.000000
0.000000
0.000000
0.000000
0.000000
0.000000
0.000000
0.000000
0.000000
0.000000
0.000000
0.000000
0.000000
0.000000
0.000000
0.000000
0.000000
0.000000
0.000000
0.000000
0.000000
0.000000
0.000000
0.000000
0.000000
0.000000
0.000000
0.000000
0.000000
0.000000
0.000000
0.000000
0.000000
0.000000
0.000000
0.000000
0.000000
0.000000
0.000000
0.000000
0.000000
0.000000
0.000000
0.000000
0.000000
0.000000
0.000000
0.000000
0.000000
0.000000
0.000000
0.000000
0.000000
0.000000
0.000000
0.000000
0.000000
0.000000
0.000000
0.000000
0.000000
0.000000
0.000000
0.000000
0.000000
