0.004257
0.005321
-0.002128
-0.083010
-0.222423
-0.360772
-0.501250
-0.624700
-0.577874
-0.959931
-1.061033
-1.145106
-1.221730
-1.295162
-1.361144
-1.421805
-1.551640
-1.615494
-1.684668
-1.750650
-1.824082
-1.892192
-1.972009
-2.126322
-2.205075
-2.281699
-2.355130
-2.429626
-2.501993
-2.574361
-2.714838
-2.788270
-2.858509
-2.930876
-3.007500
-3.087317
-3.169262
-3.252272
-3.434255
-3.524714
-3.617301
-3.699247
-3.788641
-3.881229
-3.986588
-4.200497
-4.309048
-4.415470
-4.515507
-4.611288
-4.707068
-4.799655
-4.975253
-5.063583
-5.142336
-5.204061
-5.273236
-5.322190
-5.378594
-5.206190
-5.526521
-5.591439
-5.645714
-5.707439
-5.780871
-5.854302
-5.923477
-6.061827
-6.135258
-6.204432
-6.273607
-6.347039
-6.422599
-6.485388
-6.604581
-6.664178
-6.708875
-6.770600
-6.806784
-6.852546
-6.888730
-6.974932
-7.036657
-7.079226
-7.147336
-7.209061
-7.272915
-7.349539
-7.409135
-7.562384
-7.641137
-7.724146
-7.794385
-7.877395
-7.948698
-8.026386
-8.176442
-8.246680
-8.330754
-8.394608
-8.470168
-8.544663
-8.615967
-8.488260
-8.823491
-8.897986
-8.940556
-9.005473
-9.041656
-9.096996
-9.136373
-9.224704
-9.264080
-9.313034
-9.356668
-9.421585
-9.462026
-9.522687
-9.634430
-9.672743
-9.730210
-9.771715
-9.828119
-9.898358
-9.953698
-10.089919
-10.149515
-10.209112
-10.275094
-10.335754
-10.387901
-10.436856
-10.556049
-10.617774
-10.682693
-10.735904
-10.823170
-10.867867
-10.934914
-10.988125
-11.103061
-11.150951
-11.219062
-11.270144
-11.346768
-11.412750
-11.473412
-11.601118
-11.674550
-11.742661
-11.810771
-11.879946
-11.948056
-12.022552
-12.157708
-12.244975
-12.290736
-12.359911
-12.379067
-12.409929
-12.418444
-12.431214
-12.517416
-12.588719
-12.650444
-12.716426
-12.744096
-12.812206
-12.853711
-12.968648
-13.053785
-13.085712
-13.153823
-13.174043
-13.236833
-13.271952
-13.096354
-13.395402
-13.439035
-13.462448
-13.515659
-13.547586
-13.599733
-13.648687
-13.771073
-13.848762
-13.910487
-13.988175
-14.029680
-14.078634
-14.112690
-14.178672
-14.259553
-14.308507
-14.447921
-14.531995
-14.671408
-14.770381
-14.894896
-14.862968
-14.879996
-14.811886
-14.812950
-14.750160
-14.721427
-14.628839
-14.607554
-14.575627
-14.589462
-14.576692
-14.617132
-14.647995
-14.713977
-14.825721
-14.900216
-14.958749
-15.038566
-15.103483
-15.179044
-15.262053
-15.462128
-15.571742
-15.667522
-15.756918
-15.877175
-15.981469
-16.086828
-16.142168
-16.142168
-16.195379
-16.244333
-16.317764
-16.350756
-16.392260
-16.425251
-16.533802
-16.577435
-16.652996
-16.725363
-16.825399
-16.877546
-16.935015
-17.022282
-17.065914
-17.086134
-17.126575
-17.134026
-17.157438
-17.176594
-17.208521
-17.231934
-17.248960
-17.292595
-17.378798
-17.510761
-17.667202
-17.753405
-17.772560
-17.795973
-17.791716
-17.778946
-17.715092
-17.667202
-17.603348
-17.571421
-17.608669
-17.612926
-17.660816
-17.679972
-17.715092
-17.751276
-17.838543
-17.872597
-17.953478
-18.002432
-18.072672
-18.081186
-18.116304
-18.159939
-18.236563
-18.240820
-18.255718
-18.257847
-18.309994
-18.307865
-18.328085
-18.352562
-18.360012
-18.375977
-18.408966
-18.398325
-18.454729
-18.465370
-18.541994
-18.593077
-18.645226
-18.687794
-18.742069
-18.759096
-18.793152
-18.573921
-18.859135
-18.909153
-18.924051
-19.013447
-19.053886
-19.148603
-19.243319
-19.401888
-19.506184
-19.699871
-20.012754
-20.155359
-20.146847
-20.070223
-19.821194
-19.699871
-19.567907
-19.456163
-19.359320
-19.296530
-19.265669
-19.272053
-19.286953
-19.298658
-19.321007
-19.342293
-19.358255
-19.380604
-19.409338
-19.467871
-19.531725
-19.584936
-19.738184
-19.904203
-20.095764
-20.204315
-20.312866
-20.363949
-20.319250
-20.257526
-20.171324
-20.110662
-20.068094
-20.059580
-20.059580
-20.097893
-20.113855
-20.152168
-20.177710
-20.206444
-20.236240
-20.282003
-20.292645
-20.330957
-20.347984
-20.429930
-20.570408
-20.738556
-20.853493
-20.857748
-20.858812
-20.833271
-20.813051
-20.798153
-20.744942
-20.661932
-20.665125
-20.649160
-20.672573
-20.675766
-20.693857
-20.744942
-20.855619
-20.888611
-20.918409
-20.981199
-21.067402
-21.152538
-21.228100
-21.303659
-21.411146
-21.433495
-21.435623
-21.384541
-21.330265
-21.281311
-21.233419
-21.175953
-21.188723
-21.165310
-21.181273
-21.170631
-21.167439
-21.180208
-21.151474
-21.161053
-21.180208
-21.228100
-21.268539
-21.286631
-21.290888
-21.294081
-21.327072
-21.362192
-21.396246
-21.410082
-21.448393
-21.450521
-21.463293
-21.456907
-21.484577
-21.493092
-21.539917
-21.591000
-21.639954
-21.710194
-21.942194
-22.037975
-22.112471
-22.136948
-22.183773
-22.165682
-22.163553
-22.124176
-22.072029
-22.051809
-22.033718
-22.025204
-22.019882
-22.004984
-21.998598
-22.019882
-22.036911
-22.059259
-22.096506
-22.185902
-22.285938
-22.434931
-22.602015
-22.640326
-22.664803
-22.679703
-22.644583
-22.621170
-22.583921
-22.525389
-22.475370
-22.448765
-22.399811
-22.354050
-22.288067
-22.234856
-22.209314
-22.194416
-22.203993
-22.183773
-22.185902
-22.196545
-22.212507
-22.228470
-22.289131
-22.331701
-22.366819
-22.432802
-22.527517
-22.603079
-22.667995
-22.740362
-22.745684
-22.776546
-22.790382
-22.806345
-22.843594
-22.872328
-22.907446
-22.934052
-22.972364
-22.925539
-22.922346
-22.865942
-22.852106
-22.834015
-22.912767
-22.911703
-22.983006
-23.025576
-23.114971
-23.149025
-23.239485
-23.420403
-23.485321
-23.551302
-23.615156
-23.650276
-23.679010
-23.687523
-23.679010
-23.601322
-23.542789
-23.499155
-23.412954
-23.352293
-23.258640
-23.195852
-23.071337
-23.007484
-22.968107
-22.951080
-22.953209
-22.953209
-22.953209
-22.983006
-23.008549
-22.995777
-23.002163
-23.025576
-23.037281
-23.027704
-23.058567
-23.164989
-23.283117
-23.485321
-23.703487
-23.886534
-23.930166
-23.873762
-23.623671
-23.469357
-23.315044
-23.158604
-23.047924
-22.952145
-22.892548
-22.832951
-22.841465
-22.831886
-22.873392
-22.927668
-22.967043
-23.031961
-22.993649
-23.401247
-23.532146
-23.618349
-23.746056
-23.874826
-23.979120
-24.027012
-24.009983
-24.003599
-23.985506
-23.981249
-23.957836
-23.961029
-23.986570
-24.009983
-24.027012
-24.058939
-24.072773
-24.112150
-24.117470
-24.135563
-24.098314
-24.041910
-24.000406
-23.958900
-23.899303
-23.872698
-23.849285
-23.856735
-23.853542
-23.883341
-23.933359
-23.953579
-23.955708
-23.980185
-24.002535
-24.055746
-24.055746
-24.102571
-24.140882
-24.210058
-24.262205
-24.318609
-24.404812
-24.393105
-24.322866
-24.261141
-24.166426
-24.135563
-24.084480
-24.087671
-24.108957
-24.090864
-24.137691
-24.104700
-24.141947
-24.089800
-24.072773
-23.981249
-23.934423
-23.913139
-23.857800
-23.885469
-23.891855
-24.014240
-24.388847
-24.411196
-24.397362
-24.410131
-24.454830
-24.532518
-24.569767
-24.728336
-24.360113
-24.259012
-24.170681
-24.118534
-24.075966
-24.049360
-24.008919
-23.975929
-23.958900
-23.973801
-23.990828
-24.032331
-24.041910
-24.077030
-24.163233
-24.187710
-24.279232
-24.318609
-24.412260
-24.458023
-24.504848
-24.602757
-24.638941
-24.766647
-24.852850
-24.889034
-24.809217
-24.691088
-24.572958
-24.271784
-24.108957
-24.050425
-23.959965
-23.932295
-23.890791
-23.914204
-23.937616
-23.963158
-23.994020
-24.025948
-24.115341
-24.160040
-24.167488
-24.217508
-24.239857
-24.272848
-24.350536
-24.463343
-24.636812
-24.700666
-24.693216
-24.653839
-24.624043
-24.578279
-24.556995
-24.545288
-24.530390
-24.483564
-24.482500
-24.501656
-24.563381
-24.638941
-24.766647
-24.931602
-25.064631
-25.207237
-25.228521
-25.139126
-25.057180
-24.923088
-24.837952
-24.719822
-24.553802
-24.527197
-24.495270
-24.480371
-24.485693
-24.500591
-24.499527
-24.518682
-24.609142
-24.655968
-24.723015
-24.779419
-24.848593
-24.897547
-24.932667
-25.019934
-25.035896
-24.980556
-24.981621
-24.953951
-24.923088
-24.892227
-24.916704
-24.913511
-24.914576
-24.901804
-24.883713
-24.867748
-24.862429
-24.892227
-24.997585
-25.104008
-25.212559
-25.327494
-25.408375
-25.498835
-25.523312
-25.497770
-25.420082
-25.343458
-25.248741
-25.201916
-25.123163
-25.073145
-24.948629
-24.896482
-24.875198
-24.852850
-24.841143
-24.831566
-24.827309
-24.809217
-24.810282
-24.813473
-24.833694
-24.892227
-24.962465
-25.014612
-25.064631
-25.139126
-25.163603
-25.194466
-25.200851
-25.247677
-25.266834
-25.307274
-25.560560
-25.681881
-25.709551
-25.672304
-25.623348
-25.529697
-25.442430
-25.344522
-25.225328
-25.220007
-25.158283
-25.185953
-25.164667
-25.225328
-25.251934
-25.322174
-25.374321
-25.423275
-25.470100
-25.525440
-25.536083
-25.556303
-25.607386
-25.552046
-25.483936
-25.414761
-25.343458
-25.281733
-25.232779
-25.205109
-25.208302
-25.195530
-25.194466
-25.213623
-25.225328
-25.242357
-25.275347
-25.376450
-25.471165
-25.548853
-25.598871
-25.657404
-25.745735
-25.854286
-25.857479
-25.758505
-25.678688
-25.581844
-25.502028
-25.403055
-25.341330
-25.257256
-25.218943
-25.209366
-25.230650
-25.272154
-25.333879
-25.415825
-25.497770
-25.674433
-25.752121
-25.855350
-25.959644
-26.005405
-25.990507
-25.945808
-25.841515
-25.824488
-25.802139
-25.782982
-25.773405
-25.751057
-25.751057
-25.740414
-25.687202
-25.729771
-25.765955
-25.807461
-25.903240
-25.989443
-26.059681
-26.122471
-26.088415
-26.043718
-25.985186
-25.912819
-25.869184
-25.819166
-25.726580
-25.696781
-25.651018
-25.609514
-25.586102
-25.598871
-25.589294
-25.629734
-25.642506
-25.673368
-25.741478
-25.822359
-25.931974
-26.100122
-26.223572
-26.211866
-26.210802
-26.191645
-26.193773
-26.191645
-26.168232
-26.137369
-26.068195
-26.013920
-25.955387
-25.902176
-25.860672
-25.839386
-25.825552
-25.836195
-25.850029
-25.860672
-25.916012
-25.963902
-26.011791
-26.055424
-26.125664
-26.170361
-26.170361
-26.201223
-26.220379
-26.261885
-26.261885
-26.304453
-26.305517
-26.262949
-26.232086
-26.167168
-26.107571
-26.044783
-25.974543
-25.854286
-25.835131
-25.822359
-25.839386
-25.861736
-25.889406
-25.921331
-25.993700
-26.037333
-26.057552
-26.061810
-26.088415
-26.084158
-26.133112
-26.204416
-26.403425
-26.376820
-26.344894
-26.284233
-26.202288
-26.097994
-26.029882
-25.897919
-25.840450
-25.794689
-25.789368
-25.815973
-25.813845
-25.821295
-25.794689
-25.770212
-25.802139
-25.796818
-25.813845
-25.863863
-25.904305
-25.887278
-25.892597
-25.884085
-25.872377
-25.887278
-25.912819
-25.911755
-25.940489
-25.962837
-25.973478
-25.994764
-26.058617
-26.093737
-26.137369
-26.136305
-26.095865
-26.116085
-26.211866
-26.406618
-26.478987
-26.437481
-26.360857
-26.273590
-26.203352
-26.126728
-26.030947
-25.913883
-25.840450
-25.757441
-25.714872
-25.705294
-25.723387
-25.777662
-25.824488
-25.857479
-25.885149
-25.922396
-25.973478
-26.011791
-26.014984
-26.072453
-26.067131
-26.113956
-26.122471
-26.273590
-26.394913
-26.510912
-26.505592
-26.477922
-26.456636
-26.416197
-26.312967
-26.118214
-26.014984
-25.936232
-25.855350
-25.835131
-25.782982
-25.788303
-25.792561
-25.821295
-25.852158
-25.904305
-25.968159
-26.036268
-26.083094
-26.257627
-26.349150
-26.423647
-26.471537
-26.473665
-26.485371
-26.469408
-26.445995
-26.435352
-26.445995
-26.460894
-26.492821
-26.482180
-26.517298
-26.552418
-26.615208
-26.645004
-26.654583
-26.654583
-26.669483
-26.617334
-26.589666
-26.411940
-26.290619
-26.208673
-26.089479
-26.018177
-25.943682
-25.886213
-25.827681
-25.813845
-25.781919
-25.790432
-25.773405
-25.772341
-25.807461
-25.810652
-25.910690
-25.987314
-26.146948
-26.361921
-26.553482
-26.691832
-26.691832
-26.580088
-26.538582
-26.499207
-26.456636
-26.442802
-26.413004
-26.404490
-26.367243
-26.370436
-26.397041
-26.433224
-26.482180
-26.530069
-26.564123
-26.637556
-26.693960
-26.664162
-26.637556
-26.564123
-26.539646
-26.505592
-26.469408
-26.368307
-26.305517
-26.270397
-26.217186
-26.159718
-26.124599
-26.117149
-26.129921
-26.194838
-26.275719
-26.398106
-26.537518
-26.658840
-26.754620
-26.812088
-26.850401
-26.823795
-26.764198
-26.701408
-26.648197
-26.564123
-26.481115
-26.331059
-26.264013
-26.209738
-26.158655
-26.140562
-26.153334
-26.152269
-26.188452
-26.245920
-26.322544
-26.425776
-26.469408
-26.509848
-26.555611
-26.626913
-26.671610
-26.700344
-26.705666
-26.691832
-26.663097
-26.646069
-26.599243
-26.444931
-26.371500
-26.299131
-26.229958
-26.187387
-26.185261
-26.193773
-26.228893
-26.268269
-26.304453
-26.338509
-26.360857
-26.362986
-26.377884
-26.381077
-26.417261
-26.375755
-26.390656
-26.469408
-26.568380
-26.686510
-26.728014
-26.613079
-26.539646
-26.493885
-26.453445
-26.391720
-26.324673
-26.299131
-26.276783
-26.316160
-26.375755
-26.400234
-26.414068
-26.423647
-26.409811
-26.365114
-26.376820
-26.370436
-26.347023
-26.287426
-26.269333
-26.236343
-26.192709
-26.152269
-26.130985
-26.126728
-26.128857
-26.132050
-26.129921
-26.130985
-26.116085
-26.176746
-26.166103
-26.225700
-26.264013
-26.315096
-26.344894
-26.420454
-26.561996
-26.720566
-26.871685
-26.885521
-26.835501
-26.787611
-26.717373
-26.656712
-26.617334
-26.556675
-26.477922
-26.398106
-26.319353
-26.234215
-26.157591
-26.148012
-26.148012
-26.156527
-26.167168
-26.193773
-26.183132
-26.156527
-26.198030
-26.192709
-26.275719
-26.294874
-26.367243
-26.390656
-26.673738
-26.424711
-26.390656
-26.355536
-26.357664
-26.322544
-26.295938
-26.328930
-26.469408
-26.638620
-26.778034
-26.817410
-26.786547
-26.738657
-26.722694
-26.719501
-26.715244
-26.613079
-26.519426
-26.411940
-26.297003
-26.172489
-26.088415
-26.067131
-26.046911
-26.071388
-26.077774
-26.095865
-26.121407
-26.165039
-26.213993
-26.241663
-26.249113
-26.288490
-26.260820
-26.297003
-26.283169
-26.419390
-26.516233
-26.613079
-26.614143
-26.663097
-26.706730
-26.726950
-26.649261
-26.581152
-26.521555
-26.456636
-26.420454
-26.384270
-26.366179
-26.354471
-26.380013
-26.392784
-26.404490
-26.435352
-26.464087
-26.468344
-26.485371
-26.457701
-26.409811
-26.384270
-26.368307
-26.329994
-26.292747
-26.276783
-26.282104
-26.300196
-26.314032
-26.340637
-26.369371
-26.406618
-26.422583
-26.504528
-26.601372
-26.695024
-26.789740
-26.895098
-26.947245
-26.996199
-26.915318
-26.671610
-26.550289
-26.413004
-26.289555
-26.189516
-26.161846
-26.137369
-26.192709
-26.217186
-26.250177
-26.310839
-26.353407
-26.382141
-26.430031
-26.547096
-26.650326
-26.693960
-26.767391
-26.806767
-26.786547
-26.766327
-26.747171
-26.668419
-26.655647
-26.633299
-26.627977
-26.656712
-26.680124
-26.721630
-26.831245
-26.859978
-26.825924
-26.789740
-26.786547
-26.788675
-26.764198
-26.712051
-26.673738
-26.634363
-26.650326
-26.633299
-26.641813
-26.627977
-26.613079
-26.556675
-26.490692
-26.447060
-26.413004
-26.382141
-26.338509
-26.328930
-26.400234
-26.530069
-26.680124
-26.795061
-26.823795
-26.863171
-26.885521
-26.937668
-26.968529
-27.020678
-27.029190
-27.010035
-26.978107
-26.919575
-26.764198
-26.701408
-26.650326
-26.657776
-26.720566
-26.815281
-26.871685
-26.868492
-26.780161
-26.751429
-26.693960
-26.649261
-26.584345
-26.529005
-26.478987
-26.445995
-26.432159
-26.437481
-26.445995
-26.465151
-26.493885
-26.540710
-26.612015
-26.652454
-26.700344
-26.713116
-26.753555
-26.836565
-26.873814
-26.886583
-26.835501
-26.820602
-26.787611
-26.755684
-26.782290
-26.778034
-26.788675
-26.755684
-26.682253
-26.655647
-26.619463
-26.592857
-26.560932
-26.554546
-26.520491
-26.458765
-26.466215
-26.478987
-26.522619
-26.541775
-26.606693
-26.604565
-26.647133
-26.666290
-26.674803
-26.723759
-26.753555
-26.813152
-26.847208
-26.906805
-26.872749
-26.806767
-26.740786
-26.652454
-26.544968
-26.445995
-26.344894
-26.339573
-26.342766
-26.380013
-26.399170
-26.445995
-26.478987
-26.546032
-26.584345
-26.670547
-26.733335
-26.850401
-26.917446
-26.949373
-26.953630
-26.917446
-26.888712
-26.834436
-26.754620
-26.676931
-26.610950
-26.543903
-26.483242
-26.465151
-26.447060
-26.416197
-26.377884
-26.371500
-26.393848
-26.451317
-26.494949
-26.516233
-26.588602
-26.657776
-26.700344
-26.743979
-26.775906
-26.799318
-26.828053
-26.818474
-26.834436
-26.848272
-26.873814
-26.977043
-27.058989
-26.988750
-26.925961
-26.879135
-26.869556
-26.903612
-26.914253
-26.762070
-26.637556
-26.539646
-26.448124
-26.364050
-26.289555
-26.209738
-26.144819
-26.093737
-26.046911
-26.036268
-26.045847
-26.037333
-26.003277
-26.035204
-26.051168
-26.121407
-26.216122
-26.349150
-26.520491
-26.647133
-26.745043
-26.854658
-26.901484
-26.922768
-26.962145
-26.999392
-26.967464
-26.895098
-26.701408
-26.569445
-26.431095
-26.298067
-26.172489
-26.084158
-26.019241
-25.981993
-25.977736
-25.988379
-26.028818
-26.062874
-26.091608
-26.161846
-26.219315
-26.327866
-26.391720
-26.471537
-26.536455
-26.636492
-26.785482
-26.888712
-26.812088
-26.715244
-26.619463
-26.521555
-26.422583
-26.344894
-26.274654
-26.222507
-26.183132
-26.213993
-26.209738
-26.253370
-26.257627
-26.285297
-26.370436
-26.497078
-26.568380
-26.601372
-26.659904
-26.750364
-26.840822
-26.850401
-26.733335
-26.654583
-26.576895
-26.499207
-26.454510
-26.418325
-26.395977
-26.355536
-26.354471
-26.397041
-26.458765
-26.513041
-26.613079
-26.721630
-26.757812
-26.791868
-26.768456
-26.710987
-26.671610
-26.604565
-26.530069
-26.476858
-26.677996
-26.398106
-26.376820
-26.386398
-26.404490
-26.391720
-26.311903
-26.220379
-26.167168
-26.157591
-26.163975
-26.236343
-26.342766
-26.369371
-26.348085
-26.310839
-26.292747
-26.293812
-26.303389
-26.321480
-26.329994
-26.298067
-26.204416
-26.150141
-26.096930
-26.046911
-25.989443
-25.971350
-25.956451
-25.892597
-26.324673
-26.408747
-26.406618
-26.356600
-26.356600
-26.358728
-26.422583
-26.482180
-26.475794
-26.467279
-26.380013
-26.314032
-26.254435
-26.186325
-26.125664
-26.125664
-26.122471
-26.136305
-26.163975
-26.158655
-26.200159
-26.260820
-26.300196
-26.321480
-26.323608
-26.325737
-26.328930
-26.300196
-26.301260
-26.303389
-26.318289
-26.321480
-26.298067
-26.269333
-26.242727
-26.188452
-26.085222
-26.026690
-25.972414
-25.933039
-25.890469
-25.843643
-25.856415
-25.879827
-25.942617
-26.017113
-26.055424
-26.111828
-26.128857
-26.136305
-26.154398
-26.150141
-26.169296
-26.281040
-26.402361
-26.448124
-26.395977
-26.329994
-26.160782
-26.092672
-26.026690
-25.997957
-25.984121
-25.946873
-25.942617
-25.988379
-26.027754
-26.065002
-26.082029
-26.077774
-26.086287
-26.086287
-26.044783
-26.027754
-25.995829
-25.959644
-25.916012
-25.877699
-25.875570
-25.901112
-25.920267
-25.909626
-25.917076
-25.895790
-25.904305
-25.914948
-25.913883
-25.941553
-25.961773
-25.970287
-25.992636
-25.993700
-26.034140
-26.053295
-26.327866
-26.534327
-26.668419
-26.697153
-26.691832
-26.683317
-26.629042
-26.543903
-26.315096
-26.142691
-26.027754
-25.911755
-25.822359
-25.759569
-25.730835
-25.662725
-25.675495
-25.678688
-25.694653
-25.706358
-25.757441
-25.785110
-25.865992
-25.895790
-25.949001
-25.984121
-26.004341
-26.052231
-26.078836
-26.095865
-26.289555
-26.377884
-26.348085
-26.347023
-26.305517
-26.303389
-26.332123
-26.334251
-26.288490
-26.201223
-26.137369
-26.068195
-26.010727
-25.984121
-25.894726
-25.846836
-25.839386
-25.818102
-25.822359
-25.838322
-25.852158
-25.871313
-25.885149
-25.911755
-25.941553
-26.008598
-26.023499
-26.076710
-26.115021
-26.171425
-26.196966
-26.210802
-26.262949
-26.311903
-26.404490
-26.477922
-26.492821
-26.508785
-26.460894
-26.399170
-26.287426
-26.168232
-26.036268
-26.070324
-25.699974
-25.615900
-25.560560
-25.514797
-25.489256
-25.458395
-25.463715
-25.499899
-25.549917
-25.646763
-25.703165
-25.780855
-25.906433
-26.026690
-26.368307
-26.484306
-26.458765
-26.410875
-26.319353
-26.262949
-26.185261
-26.091608
-26.074581
-26.062874
-26.077774
-26.100122
-26.107571
-26.168232
-26.213993
-26.345959
-26.402361
-26.463022
-26.521555
-26.585409
-26.575830
-26.587538
-26.507721
-26.427904
-26.371500
-26.308710
-26.260820
-26.217186
-26.169296
-26.144819
-26.117149
-26.092672
-26.120342
-26.118214
-26.092672
-26.096930
-25.890469
-26.202288
-26.268269
-26.307646
-26.347023
-26.342766
-26.320417
-26.286362
-26.314032
-26.339573
-26.355536
-26.355536
-26.338509
-26.311903
-26.267206
-26.132050
-26.034140
-25.931974
-25.846836
-25.810652
-25.893661
-26.045847
-26.104380
-26.093737
-26.070324
-26.069260
-26.088415
-26.093737
-26.055424
-26.009663
-25.905369
-25.848965
-25.802139
-25.771276
-25.787239
-25.817038
-25.864927
-25.952194
-26.005405
-26.052231
-26.103315
-26.142691
-26.177811
-26.200159
-26.212931
-26.215057
-26.221443
-26.211866
-26.209738
-26.222507
-26.210802
-26.213993
-26.104380
-26.040525
-25.961773
-25.861736
-25.756376
-25.677624
-25.582909
-25.480743
-25.473293
-25.430725
-25.461586
-25.453074
-25.505220
-25.515862
-25.571201
-25.615900
-25.611643
-25.668047
-25.691460
-25.731899
-25.784046
-25.879827
-26.096930
-26.117149
-26.057552
-25.991571
-25.913883
-25.843643
-25.747864
-25.656340
-25.620157
-25.616964
-25.656340
-25.668047
-25.718065
-25.791496
-25.900047
-25.949001
-25.999020
-26.090544
-26.154398
-26.213993
-26.210802
-26.364050
-26.003277
-25.909626
-25.763826
-25.739349
-25.646763
-25.639313
-25.561625
-25.505220
-25.522247
-25.508413
-25.511606
-25.496706
-25.494577
-25.473293
-25.493513
-25.496706
-25.519054
-25.527569
-25.569073
-25.556303
-25.594614
-25.655275
-25.658468
-25.696781
-25.686138
-25.719130
-25.745735
-25.773405
-25.801075
-25.885149
-25.957516
-25.972414
-26.011791
-26.014984
-25.975607
-25.994764
-26.181004
-26.176746
-26.070324
-25.961773
-25.831938
-25.698910
-25.610579
-25.411568
-25.315788
-25.274282
-25.198723
-25.154026
-25.115713
-25.096558
-25.078466
-25.108265
-25.145512
-25.211494
-25.273218
-25.351971
-25.470100
-25.579716
-25.835131
-25.886213
-25.927717
-25.967094
-26.002213
-26.053295
-26.097994
-26.148012
-26.134176
-26.044783
-25.956451
-25.858543
-25.754250
-25.645699
-25.498835
-25.453074
-25.409439
-25.367935
-25.375385
-25.366871
-25.404119
-25.405184
-25.510542
-25.554174
-25.591423
-25.646763
-25.680817
-25.770212
-25.851093
-26.009663
-26.052231
-26.072453
-26.047976
-26.011791
-25.942617
-25.898983
-25.770212
-25.691460
-25.671240
-25.661661
-25.678688
-25.705294
-25.734028
-25.756376
-25.811716
-25.820230
-25.864927
-25.876635
-25.927717
-25.992636
-26.060745
-26.231022
-26.293812
-26.355536
-26.394913
-26.322544
-26.231022
-26.153334
-26.021370
-25.972414
-25.942617
-25.934103
-25.926653
-25.917076
-25.917076
-25.944744
-25.996893
-26.019241
-26.053295
-26.084158
-26.097994
-26.062874
-26.044783
-25.985186
-25.951130
-25.942617
-25.925589
-25.922396
-25.920267
-25.924524
-25.960709
-25.960709
-26.014984
-26.102251
-26.153334
-26.188452
-26.226765
-26.255499
-26.227829
-26.218250
-26.183132
-26.169296
-26.116085
-26.091608
-26.025625
-25.942617
-25.911755
-25.892597
-25.911755
-25.920267
-25.920267
-25.863863
-25.805332
-25.773405
-25.728708
-25.730835
-25.760633
-25.834066
-25.941553
-26.144819
-26.177811
-26.177811
-26.155462
-26.142691
-26.110764
-26.082029
-26.047976
-25.964966
-25.959644
-25.889406
-25.874506
-25.805332
-25.793625
-25.705294
-25.720194
-25.761698
-25.805332
-25.898983
-25.975607
-26.025625
-26.078836
-26.077774
-26.056488
-26.023499
-25.966030
-25.935167
-25.893661
-25.862801
-25.850029
-25.825552
-25.822359
-25.828745
-25.791496
-25.759569
-25.743607
-25.724451
-25.660597
-25.651018
-25.637184
-25.632927
-25.627605
-25.657404
-25.711679
-25.845772
-25.901112
-25.909626
-25.905369
-25.906433
-25.890469
-25.887278
-25.929846
-26.106506
-26.153334
-26.146948
-26.078836
-25.973478
-25.867056
-25.781919
-25.654211
-25.593552
-25.545660
-25.500963
-25.485001
-25.472229
-25.490320
-25.595678
-25.604193
-25.632927
-25.631863
-25.607386
-25.585037
-25.575459
-25.374321
-25.690395
-25.672304
-25.636120
-25.586102
-25.524376
-25.504156
-25.499899
-25.509478
-25.506285
-25.498835
-25.515862
-25.543531
-25.537148
-25.524376
-25.529697
-25.526505
-25.562689
-25.614836
-25.706358
-25.856415
-26.012856
-26.040525
-26.027754
-26.001148
-25.975607
-25.925589
-25.867056
-25.837257
-25.780855
-25.672304
-25.651018
-25.604193
-25.614836
-25.593552
-25.610579
-25.613771
-25.648890
-25.676559
-25.684010
-25.719130
-25.705294
-25.732964
-25.742542
-25.773405
-25.806396
-25.823423
-25.852158
-25.905369
-25.911755
-25.931974
-25.911755
-25.826616
-25.743607
-25.699974
-25.662725
-25.698910
-25.758505
-25.786175
-25.723387
-25.672304
-25.645699
-25.598871
-25.559496
-25.536083
-25.563753
-25.535019
-25.526505
-25.552046
-25.563753
-25.587166
-25.629734
-25.643570
-25.725515
-25.768084
-25.796818
-25.826616
-25.827681
-25.856415
-25.852158
-25.864927
-25.889406
-25.873442
-25.884085
-25.873442
-25.883020
-25.889406
-25.917076
-25.960709
-25.951130
-25.957516
-25.987314
-26.013920
-25.972414
-25.901112
-25.722322
-25.646763
-25.575459
-25.520119
-25.442430
-25.419018
-25.392412
-25.375385
-25.389219
-25.428596
-25.494577
-25.601000
-25.722322
-25.856415
-25.922396
-26.076710
-26.112892
-26.138433
-26.086287
-26.018177
-25.929846
-25.852158
-25.702101
-25.653147
-25.642506
-25.614836
-25.638248
-25.638248
-25.656340
-25.685074
-25.747864
-25.817038
-25.857479
-25.956451
-26.040525
-26.112892
-26.126728
-26.221443
-26.276783
-26.303389
-26.282104
-26.231022
-26.161846
-26.102251
-25.987314
-25.918139
-25.888342
-25.846836
-25.779791
-25.711679
-25.698910
-25.632927
-25.622284
-25.640377
-25.623348
-25.628670
-25.642506
-25.690395
-25.723387
-25.781919
-25.786175
-25.780855
-25.754250
-25.773405
-25.754250
-25.762762
-25.808525
-25.917076
-26.005405
-26.011791
-25.959644
-25.864927
-25.757441
-25.681881
-25.692524
-25.680817
-25.641441
-25.591423
-25.564817
-25.538212
-25.552046
-25.614836
-25.596743
-25.596743
-25.561625
-25.547789
-25.519054
-25.512671
-25.497770
-25.557367
-25.637184
-25.710615
-25.742542
-25.812780
-25.845772
-25.630798
-25.938360
-25.969223
-25.981993
-26.007534
-25.994764
-26.022434
-26.051168
-26.082029
-26.047976
-25.987314
-25.905369
-25.843643
-25.725515
-25.594614
-25.380705
-25.301952
-25.235971
-25.195530
-25.136997
-25.112520
-25.109329
-25.135935
-25.171053
-25.183825
-25.211494
-25.249805
-25.304081
-25.368999
-25.432852
-25.548853
-25.653147
-25.767019
-25.870249
-25.852158
-25.833002
-25.747864
-25.585037
-25.514797
-25.438173
-25.389219
-25.316853
-25.317917
-25.293440
-25.279604
-25.300888
-25.320045
-25.387091
-25.445623
-25.535019
-25.672304
-25.642506
-26.069260
-26.160782
-26.177811
-26.091608
-25.941553
-25.800011
-25.610579
-25.334944
-25.274282
-25.193401
-25.154026
-25.123163
-25.114649
-25.092300
-25.116777
-25.133806
-25.102943
-25.086979
-25.050797
-25.000778
-24.970980
-24.953951
-25.032703
-25.179567
-25.293440
-25.332815
-25.376450
-25.347715
-25.336008
-25.342394
-25.367935
-25.383898
-25.412632
-25.513733
-25.580780
-25.652082
-25.541403
-25.522247
-25.488192
-25.529697
-25.565882
-25.572266
-25.419018
-25.516926
-25.212559
-25.130613
-25.081659
-25.044411
-24.994392
-24.950758
-24.904997
-24.829437
-24.807089
-24.813473
-24.809217
-24.811346
-24.865622
-24.933731
-25.161476
-25.294504
-25.375385
-25.403055
-25.410503
-25.387091
-25.367935
-25.367935
-25.344522
-25.349844
-25.343458
-25.355164
-25.332815
-25.322174
-25.224264
-25.178503
-25.167860
-25.216816
-25.301952
-25.330687
-25.328558
-25.279604
-25.167860
-25.105072
-25.049732
-24.974173
-24.896482
-24.860300
-24.806025
-24.768776
-24.799639
-24.787931
-24.835823
-24.860300
-24.923088
-24.961401
-25.047604
-25.100815
-25.134871
-25.148705
-25.150833
-25.165731
-25.179567
-25.216816
-25.304081
-25.306210
-25.316853
-25.322174
-25.334944
-25.357292
-25.392412
-25.494577
-25.570137
-25.625477
-25.692524
-25.721258
-25.745735
-25.707422
-25.852158
-25.521183
-25.429661
-25.364742
-25.288118
-25.281733
-25.276411
-25.301952
-25.343458
-25.367935
-25.390284
-25.399862
-25.396669
-25.462650
-25.493513
-25.607386
-25.637184
-25.611643
-25.568008
-25.496706
-25.397734
-25.314724
-25.171053
-25.130613
-25.133806
-25.150833
-25.140190
-25.168924
-25.174246
-25.225328
-25.251934
-25.356228
-25.444559
-25.512671
-25.571201
-25.638248
-25.601000
-25.603128
-25.555239
-25.492449
-25.396669
-25.323238
-25.250870
-25.202980
-25.146576
-25.158283
-25.143383
-25.168924
-25.167860
-25.196594
-25.177439
-25.172117
-25.168924
-25.159348
-25.180632
-25.276411
-25.383898
-25.522247
-25.621220
-25.644634
-25.594614
-25.535019
-25.463715
-25.431789
-25.386026
-25.381769
-25.327494
-25.285990
-25.283861
-25.274282
-25.274282
-25.256191
-25.264706
-25.300888
-25.360485
-25.397734
-25.478615
-25.527569
-25.559496
-25.573330
-25.558432
-25.492449
-25.467972
-25.417953
-25.372192
-25.346651
-25.329622
-25.295568
-25.273218
-25.267899
-25.273218
-25.275347
-25.227457
-25.210430
-25.198723
-25.145512
-25.132742
-25.116777
-25.106136
-25.121035
-25.160412
-25.208302
-25.093365
-25.405184
-25.423275
-25.429661
-25.396669
-25.440302
-25.407310
-25.465843
-25.675495
-25.697845
-25.628670
-25.540339
-25.467972
-25.362614
-25.240229
-25.075274
-25.003969
-24.962465
-24.925217
-24.909254
-24.906061
-24.917768
-25.018869
-25.062502
-25.057180
-25.063566
-25.045475
-25.002905
-24.991199
-24.996521
-25.083786
-25.220007
-25.283861
-25.248741
-25.222136
-25.172117
-25.144447
-25.112520
-25.072081
-25.090172
-25.059309
-25.069952
-25.047604
-25.062502
-25.044411
-25.074209
-25.099751
-25.100815
-25.180632
-25.283861
-25.405184
-25.415825
-25.273218
-25.210430
-25.155090
-25.104008
-25.045475
-24.999714
-24.974173
-24.959272
-24.941181
-24.944374
-24.965658
-24.978428
-25.018869
-25.050797
-25.146576
-25.195530
-25.233843
-25.297697
-25.395605
-25.429661
-25.437109
-25.372192
-25.365807
-25.353035
-25.346651
-25.333879
-25.349844
-25.320045
-25.284925
-25.175310
-25.076338
-25.023127
-24.967787
-24.986942
-25.029510
-25.190208
-25.311531
-25.298759
-25.278540
-25.231714
-25.192337
-25.142319
-25.065695
-24.880520
-24.807089
-24.765583
-24.751749
-24.734720
-24.746428
-24.775162
-24.809217
-24.867748
-24.934795
-25.003969
-25.086979
-25.149769
-25.188082
-25.254063
-25.273218
-25.289183
-25.298759
-25.296633
-25.284925
-25.315788
-25.287054
-25.280668
-25.337072
-25.338137
-25.377514
-25.348780
-25.334944
-25.295568
-25.238100
-25.063566
-24.975235
-24.878391
-24.801767
-24.720886
-24.676189
-24.627234
-24.595308
-24.593180
-24.597437
-24.651711
-24.712372
-24.791124
-24.891163
-24.844336
-25.185953
-25.309402
-25.380705
-25.408375
-25.408375
-25.367935
-25.160412
-25.046539
-24.957144
-24.875198
-24.830502
-24.814537
-24.807089
-24.827309
-24.834759
-24.891163
-24.918833
-24.977364
-25.027384
-25.084850
-25.165731
-25.344522
-25.398798
-25.439238
-25.474358
-25.503092
-25.493513
-25.428596
-25.531826
-25.178503
-25.101879
-25.078466
-25.047604
-25.026320
-24.999714
-24.997585
-25.027384
-25.050797
-25.062502
-25.134871
-25.185953
-25.164667
-25.131678
-25.148705
-25.123163
-25.114649
-25.106136
-25.094429
-25.090172
-25.123163
-25.114649
-25.136997
-25.135935
-25.180632
-25.208302
-25.259384
-25.322174
-25.372192
-25.298759
-25.245548
-25.182760
-25.129549
-25.074209
-25.063566
-25.008226
-24.939053
-24.934795
-24.920959
-24.933731
-24.948629
-24.969915
-25.009291
-25.029510
-25.049732
-25.069952
-25.105072
-25.156155
-25.224264
-25.307274
-25.346651
-25.347715
-25.346651
-25.330687
-25.341330
-25.320045
-25.313660
-25.313660
-25.312595
-25.318981
-25.290247
-25.296633
-25.275347
-25.283861
-25.330687
-25.404119
-25.346651
-25.321110
-25.247677
-25.172117
-25.071016
-24.959272
-25.034832
-24.683638
-24.613400
-24.591051
-24.583601
-24.572958
-24.589987
-24.593180
-24.631491
-24.697474
-24.711308
-24.784740
-24.826244
-24.858171
-24.897547
-25.093365
-25.166796
-25.237036
-25.244484
-25.237036
-25.185953
-25.138062
-25.292376
-24.983749
-24.924152
-24.910318
-24.883713
-24.889034
-24.861364
-24.860300
-24.852850
-24.875198
-24.894354
-24.929474
-24.995457
-25.121035
-25.275347
-25.689331
-25.756376
-25.697845
-25.555239
-25.381769
-25.190208
-24.998650
-24.988007
-24.635748
-24.582537
-24.555931
-24.519747
-24.484629
-24.492077
-24.504848
-24.535711
-24.594244
-24.626169
-24.652775
-24.641069
-24.612335
-24.562317
-24.538904
-24.594244
-24.707050
-24.773033
-24.775162
-24.747492
-24.767712
-24.840080
-24.909254
-24.939053
-24.991199
-25.003969
-25.043346
-25.050797
-25.011419
-24.993328
-25.018869
-25.048668
-25.084850
-25.003969
-24.902868
-24.775162
-24.609142
-24.552738
-24.495270
-24.486757
-24.484629
-24.462280
-24.425032
-24.368628
-24.356920
-24.331379
-24.317545
-24.324995
-24.348408
-24.375013
-24.492077
-24.632555
-24.721951
-24.747492
-24.757071
-24.750685
-24.735785
-24.713436
-24.727272
-24.732592
-24.759199
-24.773033
-24.788996
-24.753878
-24.728336
-24.720886
-24.740042
-24.788996
-24.812410
-24.829437
-24.853914
-24.863493
-24.865622
-24.827309
-24.781548
-24.752813
-24.678318
-24.650648
-24.610207
-24.587858
-24.585730
-24.569767
-24.570831
-24.532518
-24.559124
-24.570831
-24.586794
-24.607014
-24.607014
-24.620850
-24.611271
-24.584665
-24.559124
-24.548481
-24.526133
-24.515491
-24.529325
-24.566574
-24.624043
-24.653839
-24.707050
-24.520811
-24.830502
-24.898611
-24.972044
-25.075274
-25.157219
-25.206173
-25.234907
-25.199787
-25.104008
-25.006098
-24.892227
-24.777290
-24.692152
-24.583601
-24.464407
-24.442059
-24.399490
0.000000
0.000000
0.000000
0.000000
0.000000
0.000000
0.000000
0.000000
0.000000
0.000000
0.000000
0.000000
0.000000
0.000000
0.000000
0.000000
0.000000
0.000000
0.000000
0.000000
0.000000
0.000000
0.000000
0.000000
0.000000
0.000000
0.000000
0.000000
0.000000
0.000000
0.000000
0.000000
0.000000
0.000000
0.000000
0.000000
0.000000
0.000000
0.000000
0.000000
0.000000
0.000000
0.000000
0.000000
0.000000
0.000000
0.000000
0.000000
0.000000
0.000000
0.000000
0.000000
0.000000
0.000000
0.000000
0.000000
0.000000
0.000000
0.000000
0.000000
0.000000
0.000000
0.000000
0.000000
0.000000
0.000000
0.000000
0.000000
0.000000
0.000000
0.000000
0.000000
0.000000
0.000000
0.000000
0.000000
0.000000
0.000000
0.000000
0.000000
0.000000
0.000000
0.000000
0.000000
0.000000
0.000000
0.000000
0.000000
0.000000
0.000000
0.000000
0.000000
0.000000
0.000000
0.000000
0.000000
0.000000
0.000000
0.000000
0.000000
0.000000
0.000000
0.000000
0.000000
0.000000
0.000000
0.000000
0.000000
0.000000
0.000000
0.000000
0.000000
0.000000
0.000000
0.000000
0.000000
0.000000
0.000000
0.000000
0.000000
0.000000
0.000000
0.000000
0.000000
0.000000
0.000000
0.000000
0.000000
0.000000
0.000000
0.000000
0.000000
0.000000
0.000000
0.000000
0.000000
0.000000
0.000000
0.000000
0.000000
0.000000
0.000000
0.000000
0.000000
0.000000
0.000000
0.000000
0.000000
0.000000
0.000000
0.000000
0.000000
0.000000
0.000000
0.000000
0.000000
0.000000
0.000000
0.000000
0.000000
0.000000
0.000000
0.000000
0.000000
0.000000
0.000000
0.000000
0.000000
0.000000
0.000000
0.000000
0.000000
0.000000
0.000000
0.000000
0.000000
0.000000
0.000000
0.000000
0.000000
0.000000
0.000000
0.000000
0.000000
0.000000
0.000000
0.000000
0.000000
0.000000
0.000000
0.000000
0.000000
0.000000
0.000000
0.000000
0.000000
0.000000
0.000000
0.000000
0.000000
0.000000
0.000000
0.000000
0.000000
0.000000
0.000000
0.000000
0.000000
0.000000
0.000000
0.000000
0.000000
0.000000
0.000000
0.000000
0.000000
0.000000
0.000000
0.000000
0.000000
0.000000
0.000000
0.000000
0.000000
0.000000
0.000000
0.000000
0.000000
0.000000
0.000000
0.000000
0.000000
0.000000
0.000000
0.000000
0.000000
0.000000
0.000000
0.000000
0.000000
0.000000
0.000000
0.000000
0.000000
0.000000
0.000000
0.000000
0.000000
0.000000
0.000000
0.000000
0.000000
0.000000
0.000000
0.000000
0.000000
0.000000
0.000000
0.000000
0.000000
0.000000
0.000000
0.000000
0.000000
0.000000
0.000000
0.000000
0.000000
0.000000
0.000000
0.000000
0.000000
0.000000
0.000000
0.000000
0.000000
0.000000
0.000000
0.000000
0.000000
0.000000
0.000000
0.000000
0.000000
0.000000
0.000000
0.000000
0.000000
0.000000
0.000000
0.000000
0.000000
0.000000
0.000000
0.000000
0.000000
0.000000
0.000000
0.000000
0.000000
0.000000
0.000000
0.000000
0.000000
0.000000
0.000000
0.000000
0.000000
0.000000
0.000000
0.000000
0.000000
0.000000
0.000000
0.000000
0.000000
0.000000
0.000000
0.000000
0.000000
0.000000
0.000000
0.000000
0.000000
0.000000
0.000000
0.000000
0.000000
0.000000
0.000000
0.000000
0.000000
0.000000
0.000000
0.000000
0.000000
0.000000
0.000000
0.000000
0.000000
0.000000
0.000000
0.000000
0.000000
0.000000
0.000000
0.000000
0.000000
0.000000
0.000000
0.000000
0.000000
0.000000
0.000000
0.000000
0.000000
0.000000
0.000000
0.000000
0.000000
0.000000
0.000000
0.000000
0.000000
0.000000
0.000000
0.000000
0.000000
0.000000
0.000000
0.000000
0.000000
0.000000
0.000000
0.000000
0.000000
0.000000
0.000000
0.000000
0.000000
0.000000
0.000000
0.000000
0.000000
0.000000
0.000000
0.000000
0.000000
0.000000
0.000000
0.000000
0.000000
0.000000
0.000000
0.000000
0.000000
0.000000
0.000000
0.000000
0.000000
0.000000
0.000000
0.000000
0.000000
0.000000
0.000000
0.000000
0.000000
0.000000
0.000000
0.000000
0.000000
0.000000
0.000000
0.000000
0.000000
0.000000
0.000000
0.000000
0.000000
0.000000
0.000000
0.000000
0.000000
0.000000
0.000000
0.000000
0.000000
0.000000
0.000000
0.000000
0.000000
0.000000
0.000000
0.000000
0.000000
0.000000
0.000000
0.000000
0.000000
0.000000
0.000000
0.000000
0.000000
0.000000
0.000000
0.000000
0.000000
0.000000
0.000000
0.000000
0.000000
0.000000
0.000000
0.000000
0.000000
0.000000
0.000000
0.000000
0.000000
0.000000
0.000000
0.000000
0.000000
0.000000
0.000000
0.000000
0.000000
0.000000
0.000000
0.000000
0.000000
0.000000
0.000000
0.000000
0.000000
0.000000
0.000000
0.000000
0.000000
0.000000
0.000000
0.000000
0.000000
0.000000
0.000000
0.000000
0.000000
0.000000
0.000000
0.000000
0.000000
0.000000
0.000000
0.000000
0.000000
0.000000
0.000000
0.000000
0.000000
0.000000
0.000000
0.000000
0.000000
0.000000
0.000000
0.000000
0.000000
0.000000
0.000000
0.000000
0.000000
0.000000
0.000000
0.000000
0.000000
0.000000
0.000000
0.000000
0.000000
0.000000
0.000000
0.000000
0.000000
0.000000
0.000000
0.000000
0.000000
0.000000
0.000000
0.000000
0.000000
0.000000
0.000000
0.000000
0.000000
0.000000
0.000000
0.000000
0.000000
0.000000
0.000000
0.000000
0.000000
0.000000
0.000000
0.000000
0.000000
0.000000
0.000000
0.000000
0.000000
0.000000
0.000000
0.000000
0.000000
0.000000
0.000000
0.000000
0.000000
0.000000
0.000000
0.000000
0.000000
0.000000
0.000000
0.000000
0.000000
0.000000
0.000000
0.000000
0.000000
0.000000
0.000000
0.000000
0.000000
0.000000
0.000000
0.000000
0.000000
0.000000
0.000000
0.000000
0.000000
0.000000
0.000000
0.000000
0.000000
0.000000
0.000000
0.000000
0.000000
0.000000
0.000000
0.000000
0.000000
0.000000
0.000000
0.000000
0.000000
0.000000
0.000000
0.000000
0.000000
0.000000
0.000000
0.000000
0.000000
0.000000
0.000000
0.000000
0.000000
0.000000
0.000000
0.000000
0.000000
0.000000
0.000000
0.000000
0.000000
0.000000
0.000000
0.000000
0.000000
0.000000
0.000000
0.000000
0.000000
0.000000
0.000000
0.000000
0.000000
0.000000
0.000000
0.000000
0.000000
0.000000
0.000000
0.000000
0.000000
0.000000
0.000000
0.000000
0.000000
0.000000
0.000000
0.000000
0.000000
0.000000
0.000000
0.000000
0.000000
0.000000
0.000000
0.000000
0.000000
0.000000
0.000000
0.000000
0.000000
0.000000
0.000000
0.000000
0.000000
0.000000
0.000000
0.000000
0.000000
0.000000
0.000000
0.000000
0.000000
0.000000
0.000000
0.000000
0.000000
0.000000
0.000000
0.000000
0.000000
0.000000
0.000000
0.000000
0.000000
0.000000
0.000000
0.000000
0.000000
0.000000
0.000000
0.000000
0.000000
0.000000
0.000000
0.000000
0.000000
0.000000
0.000000
0.000000
0.000000
0.000000
0.000000
0.000000
0.000000
0.000000
0.000000
0.000000
0.000000
0.000000
0.000000
0.000000
0.000000
0.000000
0.000000
0.000000
0.000000
0.000000
0.000000
0.000000
0.000000
0.000000
0.000000
0.000000
0.000000
0.000000
0.000000
0.000000
0.000000
0.000000
0.000000
0.000000
0.000000
0.000000
0.000000
0.000000
0.000000
0.000000
0.000000
0.000000
0.000000
0.000000
0.000000
0.000000
0.000000
0.000000
0.000000
0.000000
0.000000
0.000000
0.000000
0.000000
0.000000
0.000000
0.000000
0.000000
0.000000
0.000000
0.000000
0.000000
0.000000
0.000000
0.000000
0.000000
0.000000
0.000000
0.000000
0.000000
0.000000
0.000000
0.000000
0.000000
0.000000
0.000000
0.000000
0.000000
0.000000
0.000000
0.000000
0.000000
0.000000
0.000000
0.000000
0.000000
0.000000
0.000000
0.000000
0.000000
0.000000
0.000000
0.000000
0.000000
0.000000
0.000000
0.000000
0.000000
0.000000
0.000000
0.000000
0.000000
0.000000
0.000000
0.000000
0.000000
0.000000
0.000000
0.000000
0.000000
0.000000
0.000000
0.000000
0.000000
0.000000
0.000000
0.000000
0.000000
0.000000
0.000000
0.000000
0.000000
0.000000
0.000000
0.000000
0.000000
0.000000
0.000000
0.000000
0.000000
0.000000
0.000000
0.000000
0.000000
0.000000
0.000000
0.000000
0.000000
0.000000
0.000000
0.000000
0.000000
0.000000
0.000000
0.000000
0.000000
0.000000
0.000000
0.000000
0.000000
0.000000
0.000000
0.000000
0.000000
0.000000
0.000000
0.000000
0.000000
0.000000
0.000000
0.000000
0.000000
0.000000
0.000000
0.000000
0.000000
0.000000
0.000000
0.000000
0.000000
0.000000
0.000000
0.000000
0.000000
0.000000
0.000000
0.000000
0.000000
0.000000
0.000000
0.000000
0.000000
0.000000
0.000000
0.000000
0.000000
0.000000
0.000000
0.000000
0.000000
0.000000
0.000000
0.000000
0.000000
0.000000
0.000000
0.000000
0.000000
0.000000
0.000000
0.000000
0.000000
0.000000
0.000000
0.000000
0.000000
0.000000
0.000000
0.000000
0.000000
0.000000
0.000000
0.000000
0.000000
0.000000
0.000000
0.000000
0.000000
0.000000
0.000000
0.000000
0.000000
0.000000
0.000000
0.000000
0.000000
0.000000
0.000000
0.000000
0.000000
0.000000
0.000000
0.000000
0.000000
0.000000
0.000000
0.000000
0.000000
0.000000
0.000000
0.000000
0.000000
0.000000
0.000000
0.000000
0.000000
0.000000
0.000000
0.000000
0.000000
0.000000
0.000000
0.000000
0.000000
0.000000
0.000000
0.000000
0.000000
0.000000
0.000000
0.000000
0.000000
0.000000
0.000000
0.000000
0.000000
0.000000
0.000000
0.000000
0.000000
0.000000
0.000000
0.000000
0.000000
0.000000
0.000000
0.000000
0.000000
0.000000
0.000000
0.000000
0.000000
0.000000
0.000000
0.000000
0.000000
0.000000
0.000000
0.000000
0.000000
0.000000
0.000000
0.000000
0.000000
0.000000
0.000000
0.000000
0.000000
0.000000
0.000000
0.000000
0.000000
0.000000
0.000000
0.000000
0.000000
0.000000
0.000000
0.000000
0.000000
0.000000
0.000000
0.000000
0.000000
0.000000
0.000000
0.000000
0.000000
0.000000
0.000000
0.000000
0.000000
0.000000
0.000000
0.000000
0.000000
0.000000
0.000000
0.000000
0.000000
0.000000
0.000000
0.000000
0.000000
0.000000
0.000000
0.000000
0.000000
0.000000
0.000000
0.000000
0.000000
0.000000
0.000000
0.000000
0.000000
0.000000
0.000000
0.000000
0.000000
0.000000
0.000000
0.000000
0.000000
0.000000
0.000000
0.000000
0.000000
0.000000
0.000000
0.000000
0.000000
0.000000
0.000000
0.000000
0.000000
0.000000
0.000000
0.000000
0.000000
0.000000
0.000000
0.000000
0.000000
0.000000
0.000000
0.000000
0.000000
0.000000
0.000000
0.000000
0.000000
0.000000
0.000000
0.000000
0.000000
0.000000
0.000000
0.000000
0.000000
0.000000
0.000000
0.000000
0.000000
0.000000
0.000000
0.000000
0.000000
0.000000
0.000000
0.000000
0.000000
0.000000
0.000000
0.000000
