0.002128
0.001064
0.000000
0.043633
0.291598
0.597030
0.858830
1.179161
1.478209
1.973073
2.186983
2.421112
2.619058
2.806362
3.005372
3.190547
3.607723
3.818440
4.029156
4.245194
4.462296
4.696425
4.940133
5.187033
5.672320
5.920285
6.159735
6.399186
6.641829
6.880216
7.118602
7.616660
7.858239
8.109396
8.349911
8.586168
8.807528
9.032079
9.434356
9.649329
9.862174
10.085662
10.327241
10.573077
10.851904
10.935978
11.772459
12.038515
12.267323
12.517416
12.734518
12.985675
13.188942
13.582705
13.762560
13.927515
14.105240
14.278708
14.442599
14.606490
15.081135
15.401466
15.666458
15.843120
15.984662
16.149616
16.297544
16.347563
16.793472
16.960556
17.159567
17.353256
17.562908
17.756598
17.958799
18.269554
18.393003
18.477077
18.564344
18.626068
18.751648
18.858070
19.116676
19.247576
19.384861
19.610477
20.097893
20.701307
21.204687
21.504797
21.620798
21.698486
21.710194
21.660175
21.548431
21.426044
21.331329
21.173824
21.061016
20.964170
20.842850
20.697050
20.567215
20.404388
20.113855
19.993597
19.856314
19.733927
19.624311
19.518953
19.391247
19.201815
19.093264
18.940016
18.792088
18.651609
18.533482
18.433443
18.331278
18.289774
18.249332
18.196121
18.155682
18.118433
18.105663
18.085442
17.994984
17.942837
17.870468
17.799166
17.721478
17.672523
17.622505
17.553329
17.522467
17.504375
17.491604
17.506504
17.490540
17.475641
17.367090
17.295788
17.219164
17.130833
17.029732
16.936079
16.875418
16.822206
16.701950
16.624262
16.545509
16.432701
16.332663
16.218792
16.134718
15.974020
15.931451
15.871854
15.842055
15.801615
15.794166
15.785652
15.765431
15.782459
15.782459
15.808001
15.833542
15.889946
15.950606
16.004883
16.109177
16.163452
16.193251
16.199635
16.181543
16.150681
16.120882
16.002754
15.933579
15.844184
15.760110
15.657945
15.608991
15.538752
15.439778
15.403595
15.382310
15.355704
15.328035
15.309943
15.275887
15.252475
15.243961
15.258861
15.290787
15.339742
15.398273
15.445100
15.484476
15.546201
15.582385
15.591963
15.596220
15.574935
15.572806
15.537687
15.492990
15.459999
15.447228
15.416366
15.392953
15.369539
15.348255
15.335485
15.328035
15.352512
15.342934
15.364219
15.348255
15.353577
15.303557
15.192879
15.153502
15.075813
15.013024
14.907666
14.814014
14.708656
14.545830
14.481976
14.435150
14.430893
14.448985
14.487297
14.551150
14.679922
14.736325
14.819335
14.921501
15.033244
15.105612
15.141795
15.162016
15.167336
15.149245
15.143924
15.126896
15.098163
15.068364
15.054529
15.054529
15.028988
15.028988
15.020473
15.022602
15.017282
15.035373
15.071557
15.092841
15.146052
15.185429
15.235447
15.289722
15.343998
15.405724
15.502568
15.541945
15.574935
15.575999
15.554715
15.511082
15.447228
15.237576
15.131153
15.036437
14.936400
14.858711
14.803371
14.745904
14.671408
14.658637
14.667151
14.665023
14.673536
14.693757
14.719298
14.765059
14.884253
14.953427
15.016217
15.089648
15.137539
15.198199
15.252475
15.380182
15.449356
15.501504
15.537687
15.544072
15.512146
15.462128
15.301429
15.193942
15.087520
15.000254
14.923630
14.861904
14.823592
14.761868
14.740582
14.746968
14.757610
14.789537
14.831041
14.886381
14.923630
15.005574
15.043887
15.089648
15.131153
15.179044
15.215227
15.256732
15.307815
15.306750
15.289722
15.257796
15.220548
15.164145
15.100290
15.247154
14.917244
14.858711
14.803371
14.757610
14.706528
14.677794
14.636289
14.571371
14.566050
14.540508
14.551150
14.567114
14.637353
14.693757
14.811886
14.856584
14.888510
14.926822
14.965134
15.005574
15.047079
15.164145
15.230126
15.301429
15.374861
15.465320
15.525981
15.558971
15.543009
15.516403
15.482347
15.444036
15.402531
15.359962
15.314200
15.249282
15.097098
15.010896
14.924693
14.825721
14.752289
14.676729
14.622454
14.523480
14.527738
14.540508
14.574563
14.628839
14.704399
14.774638
14.850198
15.004511
15.102419
15.185429
15.272696
15.338677
15.370604
15.391889
15.378054
15.353577
15.314200
15.267374
15.208841
15.158823
15.124768
15.054529
15.038566
15.050272
15.077942
15.101355
15.134346
15.168401
15.224805
15.270567
15.296108
15.314200
15.309943
15.300365
15.311007
15.305686
15.252475
15.205649
15.149245
15.077942
14.997061
14.923630
14.831041
14.651188
14.580949
14.527738
14.499003
14.479848
14.501132
14.528802
14.618196
14.675665
14.726748
14.756546
14.737390
14.717170
14.688436
14.627775
14.551150
14.526673
14.527738
14.530931
14.543701
14.570307
14.605426
14.686307
14.716105
14.760803
14.796987
14.835299
14.876803
14.922565
14.748033
15.064107
15.099227
15.133282
15.179044
15.222676
15.257796
15.293980
15.388696
15.432329
15.470641
15.531301
15.566422
15.581321
15.583449
15.615376
15.622826
15.621761
15.614311
15.578128
15.491925
15.382310
15.133282
14.988547
14.833170
14.685243
14.574563
14.488361
14.448985
14.407480
14.363847
14.380875
14.400030
14.458563
14.496875
14.554343
14.612876
14.742711
14.817206
14.900216
14.998125
15.086455
15.180107
15.233319
15.290787
15.283338
15.262053
15.249282
15.212034
15.175851
15.135410
15.048143
14.991739
14.965134
14.923630
14.899152
14.887445
14.877868
14.884253
14.915115
14.954492
14.977905
15.026859
15.066236
15.080070
15.085392
15.139668
15.183300
15.200328
15.260988
15.273760
15.330163
15.384439
15.356769
15.728184
15.784588
15.864405
15.792037
15.676037
15.489797
15.296108
14.854455
14.661830
14.494746
14.376617
14.312764
14.260617
14.254231
14.274452
14.305314
14.338305
14.374489
14.390452
14.417058
14.443664
14.539444
14.595848
14.665023
14.736325
14.802308
14.884253
14.975777
15.038566
15.168401
15.227998
15.267374
15.297173
15.311007
15.309943
15.300365
15.268438
15.246090
15.207777
15.180107
15.134346
15.096034
15.070493
15.084328
15.103483
15.143924
15.189686
15.239704
15.285466
15.331227
15.373796
15.425943
15.412108
15.403595
15.372732
15.341869
15.352512
15.370604
15.239704
15.130089
15.005574
14.862968
14.728876
14.626711
14.527738
14.439407
14.441535
14.438343
14.467076
14.497939
14.543701
14.589462
14.680986
14.716105
14.752289
14.768252
14.787409
14.811886
14.816143
14.828914
14.823592
14.832106
14.824656
14.836363
14.842749
14.855519
14.874675
14.914051
14.931079
14.949171
14.974712
14.998125
14.993868
15.010896
14.989612
14.960877
14.949171
14.866161
14.822528
14.732069
14.707592
14.699078
14.754417
14.828914
14.865097
14.948107
15.003447
15.064107
15.115190
15.187557
15.209906
15.298237
15.367412
15.530237
15.666458
15.786716
15.817578
15.713284
15.606862
15.456806
15.300365
15.141795
14.990676
14.836363
14.592655
14.495811
14.419187
14.383003
14.329792
14.308507
14.304251
14.299994
14.321278
14.352140
14.391517
14.427700
14.475591
14.525609
14.618196
14.637353
14.676729
14.689500
14.717170
14.734198
14.812950
14.878932
15.163080
15.290787
15.442971
15.735633
15.946350
15.969763
15.932515
15.747339
15.597284
15.427008
15.226933
15.039630
14.860840
14.701206
14.495811
14.444728
14.403223
14.405352
14.402159
14.417058
14.431957
14.530931
14.588398
14.647995
14.711848
14.818271
14.897024
14.980033
15.053465
15.251410
15.356769
15.470641
15.528110
15.571742
15.587706
15.593027
15.572806
15.557907
15.508953
15.474898
15.442971
15.421687
15.395082
15.353577
15.350384
15.326971
15.315264
15.263117
15.201392
15.126896
15.070493
14.937465
14.858711
14.785280
14.713977
14.659701
14.604362
14.585206
14.562857
14.588398
14.605426
14.638417
14.670343
14.701206
14.753353
14.894896
14.987483
15.075813
15.147117
15.177979
15.188622
15.175851
15.137539
15.079006
15.059850
15.019409
14.986419
14.967262
14.934272
14.921501
14.877868
14.892767
14.895960
14.937465
14.968327
15.018346
15.061978
15.169465
15.231191
15.278016
15.341869
15.388696
15.433393
15.484476
15.553651
15.566422
15.548329
15.516403
15.472770
15.375925
15.287595
15.179044
14.986419
14.887445
14.795922
14.721427
14.663959
14.619261
14.576692
14.534122
14.527738
14.512838
14.510710
14.516031
14.530931
14.566050
14.654381
14.694821
14.748033
14.786345
14.812950
14.852326
14.912987
15.004511
15.166273
15.220548
15.258861
15.275887
15.273760
15.243961
15.215227
15.113061
15.085392
15.038566
15.010896
14.991739
14.958749
14.943850
14.889574
14.890638
14.890638
14.906602
14.925757
14.961942
15.015153
15.065171
15.132217
15.166273
15.205649
15.239704
15.273760
15.308879
15.337613
15.357833
15.358897
15.337613
15.304622
15.241833
15.181171
15.106676
15.200328
14.818271
14.717170
14.603297
14.489426
14.365975
14.271259
14.160580
14.027552
14.009459
14.005203
14.050964
14.100984
14.177608
14.273388
14.450049
14.510710
14.562857
14.613940
14.661830
14.743775
14.810822
14.931079
14.989612
15.046015
15.117318
15.280145
15.544072
15.852698
16.001690
16.026167
16.015524
15.948478
15.862276
15.754789
15.652623
15.522788
15.257796
15.123704
15.008767
14.898088
14.806564
14.726748
14.673536
14.639482
14.645866
14.675665
14.715041
14.761868
14.822528
14.891703
14.778894
15.107740
15.157759
15.198199
15.237576
15.246090
15.229062
15.199264
15.124768
15.063043
15.018346
14.967262
14.965134
14.949171
14.982162
15.065171
15.118382
15.180107
15.243961
15.314200
15.367412
15.440843
15.266310
15.585577
15.635596
15.676037
15.731377
15.771817
15.808001
15.780331
15.604733
15.474898
15.346127
15.220548
15.084328
14.980033
14.875739
14.748033
14.704399
14.687371
14.672472
14.671408
14.668216
14.660766
14.625647
14.593719
14.577756
14.562857
14.538380
14.554343
14.557536
14.572435
14.640546
14.688436
14.723555
14.778894
14.829978
14.888510
14.924693
14.981097
15.015153
15.048143
15.079006
15.103483
15.132217
15.157759
15.184364
15.205649
15.231191
15.270567
15.307815
15.325907
15.362090
15.384439
15.413173
15.449356
15.470641
15.465320
15.437650
15.398273
15.346127
15.201392
15.126896
15.058786
14.984290
14.940657
14.893831
14.850198
14.774638
14.744840
14.718234
14.685243
14.677794
14.671408
14.663959
14.452178
14.771445
14.816143
14.858711
14.885317
14.912987
14.931079
14.930015
14.948107
14.945978
14.954492
14.957685
14.958749
14.964070
14.967262
14.978969
14.981097
14.977905
14.985354
14.991739
14.999189
15.001318
15.038566
15.066236
15.084328
15.086455
15.094970
15.100290
15.121575
15.131153
15.217356
15.306750
15.474898
15.652623
15.825028
15.995304
16.163452
16.633839
16.926500
17.268118
17.648046
17.988598
18.234434
18.393003
18.522839
18.519646
18.499426
18.478142
18.482399
18.485590
18.541994
18.628197
18.878290
19.005997
19.133703
19.275246
19.410402
19.556202
19.689230
19.868019
19.908461
19.956350
19.969120
20.034039
20.141525
20.275618
20.719400
21.043987
21.445202
21.776175
22.095442
22.195480
22.260397
22.122047
22.015625
21.886854
21.769791
21.675074
21.567587
21.470743
21.364321
21.234484
21.170631
21.098263
21.047180
20.981199
20.916281
20.907768
20.912024
20.919474
20.942886
20.960979
20.984392
21.009933
21.009933
21.004612
21.008869
20.948208
20.866262
20.752390
20.674702
20.610849
20.562958
20.489527
20.409710
20.333086
20.226664
20.137268
19.996790
19.882919
19.667946
19.595577
19.597706
19.588129
19.630697
19.610477
19.683908
19.741377
19.750954
19.811615
19.824387
19.880791
19.902075
19.975506
20.046810
20.202187
20.438444
20.799217
21.144026
21.231293
21.213200
21.236612
21.037603
20.855619
20.685345
20.479948
20.324572
20.158552
20.073416
19.906332
19.838221
19.844606
19.829708
19.827579
19.846735
19.876534
19.927616
20.044682
20.121305
20.239433
20.301159
20.396940
20.441637
20.521454
20.555510
20.595949
20.616169
20.648096
20.664061
20.706629
20.697050
20.658739
20.624683
20.595949
20.549124
20.524647
20.476757
20.445894
20.409710
20.407581
20.407581
20.417160
20.410774
20.452278
20.466114
20.512939
20.560829
20.574665
20.587435
20.560829
20.476757
20.387362
20.290516
20.113855
20.037231
19.981892
19.932938
19.896753
19.861633
19.855249
19.774368
19.706257
19.646660
19.566843
19.506184
19.426367
19.368898
19.288017
19.157118
19.148603
19.113483
19.156054
19.157118
19.229485
19.248640
19.355062
19.417852
19.468935
19.555138
19.657303
19.774368
19.916973
20.102148
20.156424
20.249012
20.436316
20.771547
20.996098
20.999290
20.899254
20.662996
20.479948
20.306480
20.105341
19.956350
19.813744
19.717964
19.630697
19.591320
19.597706
19.584936
19.611542
19.618990
19.638147
19.676458
19.703064
19.700935
19.726477
19.708385
19.740313
19.818001
19.937195
20.327765
20.650225
20.921602
20.970556
20.937565
20.823694
20.733234
20.439508
20.270296
20.102148
19.921230
19.779688
19.657303
19.576422
19.432751
19.379539
19.361448
19.330585
19.350805
19.356127
19.411467
19.559395
19.667946
19.747763
19.858442
19.947836
20.050001
20.138332
20.243690
20.473564
20.634262
20.786446
20.913088
21.023767
21.055695
21.019510
20.788574
20.579987
20.376719
20.157488
20.015947
19.902075
19.845671
19.835028
19.873341
19.932938
19.949965
19.992535
19.986149
19.994661
20.003176
19.996790
20.006369
20.048937
20.090443
20.153233
20.157488
20.214956
20.392683
20.609785
20.791767
20.780060
20.622555
20.470371
20.254333
19.893560
19.761597
19.640276
19.540237
19.463614
19.406145
19.345486
19.297594
19.278439
19.284824
19.303980
19.313559
19.349741
19.357191
19.424238
19.511503
19.548752
19.564714
19.586000
19.562586
19.627504
19.687101
19.814808
19.838221
19.916973
19.960608
20.035103
20.052130
20.135139
20.206444
20.510811
20.667252
20.782188
20.927988
20.969492
21.004612
20.966299
20.910959
20.888611
20.858812
20.856684
20.830078
20.797089
20.764097
20.716208
20.675766
20.636391
20.584244
20.554445
20.483141
20.391619
20.200058
20.109598
20.057451
19.998919
19.925488
19.859505
19.782881
19.690294
19.432751
19.286953
19.139025
18.986841
18.849556
18.726107
18.671831
18.654802
18.668638
18.720785
18.775061
18.827208
18.875097
18.942144
19.048567
19.108162
19.174145
19.299723
19.409338
19.520018
19.664753
19.762661
20.048937
20.311802
20.612976
20.965235
21.137640
21.164246
21.099327
20.739620
20.495913
20.274553
20.022331
19.841413
19.650917
19.540237
19.407209
19.385925
19.390182
19.409338
19.432751
19.463614
19.491283
19.542366
19.603027
19.594513
19.608349
19.639212
19.708385
19.795652
19.852057
20.102148
20.312866
20.532095
20.631069
20.652353
20.715143
20.755583
20.934374
20.910959
20.814116
20.649160
20.472500
20.254333
20.044682
19.853121
19.566843
19.479578
19.413595
19.399761
19.439137
19.452972
19.507248
19.613670
19.689230
19.775433
19.819065
19.881855
19.949965
20.036167
20.387362
20.634262
20.710886
20.618298
20.566151
20.493784
20.355434
20.196865
20.147911
20.095764
20.112791
20.105341
20.153233
20.168131
20.220278
20.290516
20.310738
20.325636
20.349049
20.377783
20.445894
20.558702
20.749197
20.870520
21.038668
21.109970
21.139769
21.109970
21.083364
20.955658
20.425673
20.159616
19.873341
19.617926
19.376347
19.206072
19.042181
18.847427
18.819757
18.819757
18.849556
18.887869
18.946400
18.984713
19.077301
19.092199
19.186914
19.251833
19.447651
19.568972
19.806293
20.063837
20.575729
20.758776
20.785381
20.833271
20.802408
20.751326
20.655546
20.462921
20.356499
20.249012
20.148975
20.097893
20.047873
20.026588
20.032974
20.062773
20.109598
20.136204
20.150040
20.184093
20.181965
20.207508
20.255398
20.334150
20.467178
20.584244
20.688538
20.798153
20.925859
20.925859
20.819437
20.642775
20.472500
20.242626
20.039360
19.812679
19.450844
19.288017
19.107098
18.980455
18.843170
18.738876
18.631390
18.509005
18.537739
18.617556
18.689922
18.800602
18.885740
18.991098
18.862328
19.209265
19.263540
19.325264
19.395504
19.449780
19.571100
19.594513
19.936131
20.324572
20.711950
20.873713
20.934374
21.055695
21.119549
20.896061
20.781124
20.691730
20.581051
20.534224
20.495913
20.475693
20.471436
20.490591
20.501234
20.521454
20.555510
20.622555
20.713015
20.770483
20.830078
20.813051
20.766226
20.700243
20.639582
20.529968
20.400131
20.080864
19.951029
19.825451
19.749891
19.688166
19.684973
19.664753
19.645596
19.661560
19.659431
19.669010
19.669010
19.656239
19.662624
19.678587
19.697742
19.695616
19.712643
19.728605
19.761597
19.794588
19.887175
20.143654
20.285196
20.380976
20.444830
20.433123
20.425673
20.379911
20.163874
20.068094
19.975506
19.863762
19.769047
19.680716
19.632826
19.570036
19.563650
19.607285
19.624311
19.698807
19.747763
19.806293
19.842478
19.894625
19.905268
19.904203
19.903139
19.897818
19.911654
19.959543
20.176645
20.274553
20.391619
20.489527
20.512939
20.551252
20.575729
20.460793
20.804537
20.744942
20.572536
20.319250
20.044682
19.744570
19.498734
19.095392
18.974070
18.915539
18.907024
18.895317
18.943207
18.970877
19.043245
19.110291
19.129448
19.179466
19.193300
19.313559
19.416788
19.578550
20.117048
20.479948
20.705564
20.742813
20.653418
20.586370
20.452278
20.297966
20.255398
20.230921
20.192608
20.212828
20.225599
20.282003
20.399067
20.468243
20.561893
20.616169
20.684280
20.740685
20.799217
20.871584
20.902447
20.893932
20.888611
20.899254
20.899254
20.918409
20.925859
20.852428
20.790703
20.728977
20.647032
20.564022
20.423546
20.290516
19.948900
19.769047
19.629633
19.460421
19.335907
19.161373
19.056015
18.865519
18.811243
18.810179
18.813372
18.837849
18.848492
18.913410
19.049631
19.175209
19.299723
19.406145
19.510439
19.532789
19.633890
19.723286
20.024460
20.217085
20.436316
20.602335
20.660868
20.620426
20.537416
20.266039
20.140461
19.999983
19.911654
19.823322
19.782881
19.776497
19.838221
19.869083
19.921230
19.940386
19.958479
19.969120
19.998919
19.995726
19.995726
20.015947
20.054258
20.114920
20.138332
20.217085
20.434187
20.701307
20.740685
20.860941
20.897125
20.788574
20.615105
20.443766
20.320314
19.859505
19.715836
19.597706
19.517889
19.472128
19.430622
19.449780
19.538109
19.563650
19.613670
19.643467
19.717964
19.747763
19.830772
19.974442
20.067030
20.205379
20.254333
20.339472
20.428865
20.510811
20.572536
20.545931
20.492720
20.382040
20.246883
20.108534
20.003176
19.880791
19.740313
19.715836
19.705193
19.732862
19.774368
19.803102
19.854185
19.909525
19.920166
19.939323
19.953157
19.993597
20.025524
20.103212
20.335215
20.512939
20.702372
20.849236
20.869455
20.910959
20.912024
20.872648
20.595949
20.415031
20.219213
20.020203
19.841413
19.678587
19.551945
19.346550
19.268860
19.242254
19.190107
19.211393
19.214584
19.262476
19.369963
19.437008
19.494476
19.572165
19.599834
19.687101
19.714771
19.819065
19.922295
20.037231
20.274553
20.526775
20.880098
21.036539
21.057823
20.749197
20.503363
20.202187
19.972313
19.757339
19.640276
19.555138
19.547688
19.586000
19.613670
19.644531
19.666882
19.665817
19.712643
19.761597
19.769047
19.828644
19.865891
19.934002
19.996790
20.022331
20.060644
20.287325
20.648096
21.031218
21.084429
20.962044
20.884354
20.722591
20.351177
20.193672
20.027653
19.898882
19.745634
19.630697
19.540237
19.455099
19.411467
19.402952
19.395504
19.409338
19.444458
19.492348
19.542366
19.661560
19.747763
19.777561
19.811615
19.795652
19.853121
19.910589
19.986149
19.982956
20.012754
20.040424
20.096828
20.140461
20.189415
20.222406
20.242626
20.260719
20.278811
20.294773
20.319250
20.366077
20.245819
20.678959
20.837528
20.956722
20.935438
20.918409
20.935438
20.967363
20.856684
20.757711
20.669380
20.536352
20.394812
20.245819
20.065966
19.721157
19.573229
19.443394
19.341228
19.263540
19.233742
19.192236
19.199686
19.229485
19.234806
19.291210
19.294401
19.351870
19.363577
19.445522
19.615799
19.680716
19.786074
19.840349
19.916973
19.996790
20.084057
20.302223
20.416096
20.516132
20.555510
20.607656
20.584244
20.557638
20.328829
20.194736
20.109598
19.958479
19.875469
19.772240
19.714771
19.674330
19.692423
19.695616
19.722221
19.742441
19.779688
19.773304
19.807358
19.841413
19.849928
19.861633
19.881855
19.876534
19.899946
19.919102
19.947836
20.410774
20.485270
20.532095
20.556574
20.593821
20.631069
20.634262
20.363949
20.177710
19.958479
19.763725
19.553009
19.376347
19.216713
19.035795
19.014511
18.988970
19.040052
19.070915
19.158182
19.227356
19.413595
19.530661
19.646660
19.766918
19.868019
19.963800
20.046810
19.935066
20.289454
20.322443
20.342665
20.367142
20.404388
20.395876
20.386297
20.372461
20.374590
20.387362
20.433123
20.459728
20.484205
20.490591
20.506554
20.491655
20.477821
20.453342
20.426737
20.372461
20.339472
20.258591
20.254333
20.282003
20.306480
20.333086
20.370333
20.407581
20.444830
20.463985
20.419289
20.307545
20.011690
19.596642
19.040052
18.428123
17.355383
16.778574
16.237947
15.682422
15.163080
14.602233
14.072249
13.601862
12.566371
12.103433
11.663908
11.270144
10.918950
10.611389
10.351718
9.902615
9.716375
9.566319
9.423714
9.297071
9.174685
9.062942
8.827747
8.706426
8.564884
8.395672
8.241360
8.097690
7.990202
7.795449
7.724146
7.644329
7.595375
7.564512
7.553870
7.564512
7.577283
7.695412
7.759265
7.844404
7.952955
8.035964
8.134937
8.194533
8.328626
8.378645
8.412700
8.453140
8.472297
8.487196
8.469104
8.419086
8.388223
8.356296
8.315855
8.254130
8.197726
8.132809
8.048735
8.010423
7.987010
7.981688
7.998716
8.011487
8.028515
8.048735
8.131744
8.171121
8.222203
8.271158
8.324369
8.369066
8.400993
8.460590
8.498902
8.536150
8.564884
8.613838
8.667049
8.711747
8.817105
8.883087
8.936298
9.008666
9.084226
9.154465
9.222575
9.307714
9.496081
9.591862
9.698284
9.778101
9.854725
9.923900
9.969662
10.031386
10.033515
9.999459
9.963276
9.899423
9.829184
9.733403
9.794065
9.413072
9.325805
9.249181
9.168300
9.119346
9.082097
9.071455
9.065070
9.086354
9.111896
9.149143
9.193841
9.240667
9.291750
9.405622
9.469476
9.562063
9.631238
9.712119
9.761073
9.830248
9.946248
9.988817
10.019680
10.038836
10.018616
9.993074
9.957954
9.906872
9.803642
9.767459
9.746174
9.719568
9.716375
9.724890
9.744045
9.791936
9.813220
9.836633
9.852596
9.872817
9.885588
9.902615
9.901551
9.896230
9.897294
9.901551
9.897294
9.887716
9.871753
9.825991
9.801514
9.767459
9.747238
9.728082
9.702540
9.691898
9.682321
9.679128
9.695091
9.705733
9.735532
9.755752
9.791936
9.827055
9.913258
9.967533
10.038836
10.099497
10.166543
10.231461
10.291058
10.393223
10.434728
10.461333
10.484746
10.484746
10.471975
10.449627
10.411315
10.311277
10.244231
10.159093
10.090982
10.029258
9.971789
9.929221
9.890908
9.885588
9.890908
9.902615
9.928157
9.970725
10.010101
9.812156
10.126102
10.163350
10.208048
10.262323
10.319791
10.353847
10.398544
10.453884
10.457076
10.459205
10.442177
10.394287
10.327241
10.245296
10.051606
9.966469
9.864303
9.775972
9.686578
9.621659
9.553549
9.473732
9.442870
9.418392
9.402430
9.399237
9.386466
9.394979
9.391787
9.413072
9.427971
9.459897
9.489696
9.522687
9.548228
9.593989
9.631238
9.640816
9.632302
9.622724
9.601439
9.580154
9.545035
9.505659
9.491824
9.462026
9.463090
9.484375
9.510981
9.550357
9.691898
9.742981
9.791936
9.874946
9.972854
10.035644
10.089919
10.134616
10.163350
10.180378
10.193149
10.196342
10.222947
10.230396
10.247424
10.258066
10.265516
10.278287
10.268708
10.246360
10.220819
10.181442
10.095240
10.071827
10.036708
10.033515
10.022873
10.039900
10.047350
10.057992
10.065441
10.078212
10.094175
10.105882
10.112267
10.145258
10.165479
10.179314
10.217626
10.210176
10.209112
10.186763
10.168672
10.142066
10.098433
10.075020
10.054799
10.037771
10.038836
10.032451
10.037771
10.039900
10.042028
10.048414
10.053735
10.059056
10.061185
10.056928
10.051606
10.023936
9.989882
9.959019
9.913258
9.876009
9.827055
9.781293
9.664228
9.603568
9.554613
9.506723
9.476925
9.447126
9.431164
9.422649
9.430099
9.441806
9.471603
9.506723
9.576962
9.625916
9.694027
9.853661
9.931349
10.004781
10.064377
10.109075
10.163350
10.195277
10.233589
10.233589
10.226139
10.208048
10.196342
10.178249
10.165479
10.138873
10.134616
10.129295
10.115460
10.096304
10.096304
10.083533
10.087790
10.090982
10.093111
10.109075
10.108010
10.134616
10.139937
10.173992
10.225076
10.241038
10.281479
10.312342
10.365553
10.400672
10.436856
10.453884
10.444305
10.441113
10.417700
10.399609
10.364489
10.335754
10.295314
10.218690
10.165479
10.113332
10.060121
10.014359
9.957954
9.922835
9.844083
9.816413
9.810027
9.799385
9.817477
9.819606
9.853661
9.902615
9.931349
9.974982
9.988817
10.022873
10.037771
10.047350
10.044157
10.016487
9.985624
9.948377
9.938799
9.909000
9.898358
9.885588
9.885588
9.894101
9.898358
9.917514
9.931349
9.957954
9.968597
10.000524
10.004781
10.009038
10.002652
9.990946
9.971789
9.953698
9.911129
9.877073
9.853661
9.830248
9.822798
9.807899
9.789807
9.778101
9.793000
9.790872
9.797256
9.786614
9.801514
9.800449
9.830248
9.849403
9.853661
9.882395
9.891973
9.920707
9.936670
9.990946
10.048414
10.066505
10.079276
10.090982
10.099497
10.125038
10.112267
10.109075
10.084598
10.077148
10.082469
10.061185
10.029258
9.996267
9.962212
9.886652
9.865367
9.856853
9.836633
9.811091
9.800449
9.788743
9.789807
9.804707
9.808963
9.824926
9.822798
9.854725
9.857918
9.894101
9.952634
9.988817
10.029258
10.055863
10.082469
10.118652
10.129295
10.180378
10.209112
10.211241
10.249553
10.265516
10.293185
10.305957
10.333626
10.352782
10.349589
10.352782
10.342140
10.328305
10.317663
10.299571
10.243167
10.204855
10.168672
10.129295
10.077148
10.033515
9.978175
9.890908
9.860046
9.831312
9.804707
9.794065
9.780230
9.780230
9.785550
9.784486
9.811091
9.829184
9.861111
9.879202
9.926028
9.951570
10.044157
10.121845
10.179314
10.231461
10.248488
10.258066
10.249553
10.213368
10.188891
10.161222
10.130360
10.092047
10.059056
10.038836
9.999459
9.973918
9.953698
9.922835
9.894101
9.856853
9.829184
9.763202
9.728082
9.708926
9.675935
9.665293
9.645073
9.626981
9.607824
9.571641
9.553549
9.525879
9.510981
9.488631
9.477989
9.463090
9.465219
9.492888
9.534393
9.582283
9.641880
9.715311
9.769587
9.915386
9.993074
10.048414
10.117589
10.171864
10.237846
10.300635
10.341076
10.394287
10.407058
10.387901
10.366617
10.335754
10.296378
10.239974
10.096304
10.035644
9.980304
9.927093
9.910065
9.895165
9.915386
10.002652
10.053735
10.122910
10.166543
10.222947
10.252745
10.308084
10.337883
10.404929
10.451756
10.475168
10.508160
10.506031
10.521994
10.509223
10.486875
10.461333
10.432599
10.403865
10.367682
10.350654
10.304893
10.204855
10.152708
10.075020
10.020744
9.961147
9.917514
9.854725
9.746174
9.690834
9.648265
9.589733
9.554613
9.501402
9.457769
9.403494
9.347090
9.347090
9.340704
9.370502
9.373695
9.409879
9.443934
9.539714
9.612082
9.664228
9.746174
9.818542
9.919642
10.025001
10.297442
10.405993
10.524122
10.641188
10.735904
10.809335
10.862546
10.879574
10.848711
10.772087
10.663536
10.518802
10.358104
10.200598
10.054799
9.795128
9.691898
9.614210
9.540778
9.506723
9.476925
9.469476
9.439677
9.464154
9.495017
9.545035
9.579091
9.650393
9.722761
9.802578
9.953698
10.042028
10.117589
10.202726
10.250617
10.284672
10.298507
10.310213
10.310213
10.304893
10.287865
10.254873
10.217626
10.173992
10.060121
9.999459
9.954762
9.911129
9.874946
9.853661
9.837697
9.827055
9.834505
9.852596
9.881330
9.905807
9.954762
9.982432
10.019680
10.089919
10.112267
10.142066
10.168672
10.205919
10.214433
10.219754
10.187827
10.160157
10.155901
10.160157
10.159093
10.155901
10.148451
10.158030
10.175056
10.179314
10.200598
10.199533
10.205919
10.206984
10.211241
10.189956
10.170800
10.131423
10.098433
10.050542
10.026065
9.980304
9.900487
9.874946
9.851532
9.829184
9.808963
9.788743
9.777037
9.769587
9.774908
9.795128
9.799385
9.828119
9.852596
9.896230
9.927093
9.995203
10.030322
10.089919
10.133552
10.212304
10.283607
10.366617
10.463462
10.490067
10.503902
10.501774
10.503902
10.503902
10.508160
10.482617
10.468782
10.459205
10.430470
10.381516
10.333626
10.275094
10.241038
10.164414
10.112267
10.068634
10.014359
9.981368
9.943055
9.902615
9.825991
9.803642
9.768522
9.751495
9.729146
9.730210
9.722761
9.731275
9.742981
9.758945
9.767459
9.796192
9.825991
9.857918
9.962212
10.018616
10.070763
10.117589
10.166543
10.208048
10.244231
10.276158
10.343204
10.379388
10.393223
10.411315
10.424086
10.452820
10.480490
10.500710
10.480490
10.450691
10.399609
10.340012
10.264452
10.199533
10.336819
9.996267
9.934542
9.876009
9.824926
9.781293
9.738725
9.707862
9.647201
9.622724
9.629109
9.619532
9.639751
9.658908
9.702540
9.779165
9.836633
9.893037
9.949441
9.977111
10.003716
10.018616
10.036708
10.055863
10.068634
10.088855
10.102690
10.122910
10.141002
10.164414
10.167607
10.156965
10.146322
10.121845
10.102690
10.086726
10.059056
9.980304
9.943055
9.900487
9.871753
9.824926
9.791936
9.750431
9.691898
9.661036
9.625916
9.600375
9.584412
9.560999
9.532265
9.524816
9.522687
9.530136
9.550357
9.587605
9.618467
9.654651
9.684449
9.790872
9.856853
9.896230
9.952634
9.983496
10.030322
10.069698
10.163350
10.201662
10.218690
10.235718
10.219754
10.209112
10.181442
10.138873
10.036708
9.982432
9.917514
9.860046
9.798321
9.754687
9.716375
9.666357
9.656779
9.647201
9.658908
9.668486
9.699348
9.708926
9.753624
9.791936
9.815349
9.856853
9.895165
9.957954
10.009038
9.834505
10.130360
10.136744
10.155901
10.161222
10.155901
10.141002
10.117589
10.073956
10.053735
10.021809
9.997331
9.962212
9.937735
9.906872
9.869624
9.858982
9.838761
9.829184
9.820670
9.818542
9.796192
9.747238
9.730210
9.682321
9.645073
9.605697
9.578027
9.540778
9.523751
9.500338
9.495017
9.518430
9.558870
9.609953
9.676999
9.755752
9.929221
10.015423
10.110139
10.186763
10.279351
10.345333
10.424086
10.536893
10.566691
10.587976
10.601811
10.600747
10.570949
10.541150
10.497517
10.394287
10.327241
10.253809
10.178249
10.100561
10.036708
9.981368
9.898358
9.867496
9.845147
9.813220
9.799385
9.810027
9.824926
9.865367
9.890908
9.951570
9.998395
10.068634
10.122910
10.182507
10.278287
10.317663
10.345333
10.358104
10.369810
10.368746
10.359168
10.338947
10.277223
10.233589
10.175056
10.121845
10.048414
9.990946
9.919642
9.807899
9.772779
9.724890
9.701476
9.669550
9.669550
9.653586
9.639751
9.664228
9.669550
0.000000
0.000000
0.000000
0.000000
0.000000
0.000000
0.000000
0.000000
0.000000
0.000000
0.000000
0.000000
0.000000
0.000000
0.000000
0.000000
0.000000
0.000000
0.000000
0.000000
0.000000
0.000000
0.000000
0.000000
0.000000
0.000000
0.000000
0.000000
0.000000
0.000000
0.000000
0.000000
0.000000
0.000000
0.000000
0.000000
0.000000
0.000000
0.000000
0.000000
0.000000
0.000000
0.000000
0.000000
0.000000
0.000000
0.000000
0.000000
0.000000
0.000000
0.000000
0.000000
0.000000
0.000000
0.000000
0.000000
0.000000
0.000000
0.000000
0.000000
0.000000
0.000000
0.000000
0.000000
0.000000
0.000000
0.000000
0.000000
0.000000
0.000000
0.000000
0.000000
0.000000
0.000000
0.000000
0.000000
0.000000
0.000000
0.000000
0.000000
0.000000
0.000000
0.000000
0.000000
0.000000
0.000000
0.000000
0.000000
0.000000
0.000000
0.000000
0.000000
0.000000
0.000000
0.000000
0.000000
0.000000
0.000000
0.000000
0.000000
0.000000
0.000000
0.000000
0.000000
0.000000
0.000000
0.000000
0.000000
0.000000
0.000000
0.000000
0.000000
0.000000
0.000000
0.000000
0.000000
0.000000
0.000000
0.000000
0.000000
0.000000
0.000000
0.000000
0.000000
0.000000
0.000000
0.000000
0.000000
0.000000
0.000000
0.000000
0.000000
0.000000
0.000000
0.000000
0.000000
0.000000
0.000000
0.000000
0.000000
0.000000
0.000000
0.000000
0.000000
0.000000
0.000000
0.000000
0.000000
0.000000
0.000000
0.000000
0.000000
0.000000
0.000000
0.000000
0.000000
0.000000
0.000000
0.000000
0.000000
0.000000
0.000000
0.000000
0.000000
0.000000
0.000000
0.000000
0.000000
0.000000
0.000000
0.000000
0.000000
0.000000
0.000000
0.000000
0.000000
0.000000
0.000000
0.000000
0.000000
0.000000
0.000000
0.000000
0.000000
0.000000
0.000000
0.000000
0.000000
0.000000
0.000000
0.000000
0.000000
0.000000
0.000000
0.000000
0.000000
0.000000
0.000000
0.000000
0.000000
0.000000
0.000000
0.000000
0.000000
0.000000
0.000000
0.000000
0.000000
0.000000
0.000000
0.000000
0.000000
0.000000
0.000000
0.000000
0.000000
0.000000
0.000000
0.000000
0.000000
0.000000
0.000000
0.000000
0.000000
0.000000
0.000000
0.000000
0.000000
0.000000
0.000000
0.000000
0.000000
0.000000
0.000000
0.000000
0.000000
0.000000
0.000000
0.000000
0.000000
0.000000
0.000000
0.000000
0.000000
0.000000
0.000000
0.000000
0.000000
0.000000
0.000000
0.000000
0.000000
0.000000
0.000000
0.000000
0.000000
0.000000
0.000000
0.000000
0.000000
0.000000
0.000000
0.000000
0.000000
0.000000
0.000000
0.000000
0.000000
0.000000
0.000000
0.000000
0.000000
0.000000
0.000000
0.000000
0.000000
0.000000
0.000000
0.000000
0.000000
0.000000
0.000000
0.000000
0.000000
0.000000
0.000000
0.000000
0.000000
0.000000
0.000000
0.000000
0.000000
0.000000
0.000000
0.000000
0.000000
0.000000
0.000000
0.000000
0.000000
0.000000
0.000000
0.000000
0.000000
0.000000
0.000000
0.000000
0.000000
0.000000
0.000000
0.000000
0.000000
0.000000
0.000000
0.000000
0.000000
0.000000
0.000000
0.000000
0.000000
0.000000
0.000000
0.000000
0.000000
0.000000
0.000000
0.000000
0.000000
0.000000
0.000000
0.000000
0.000000
0.000000
0.000000
0.000000
0.000000
0.000000
0.000000
0.000000
0.000000
0.000000
0.000000
0.000000
0.000000
0.000000
0.000000
0.000000
0.000000
0.000000
0.000000
0.000000
0.000000
0.000000
0.000000
0.000000
0.000000
0.000000
0.000000
0.000000
0.000000
0.000000
0.000000
0.000000
0.000000
0.000000
0.000000
0.000000
0.000000
0.000000
0.000000
0.000000
0.000000
0.000000
0.000000
0.000000
0.000000
0.000000
0.000000
0.000000
0.000000
0.000000
0.000000
0.000000
0.000000
0.000000
0.000000
0.000000
0.000000
0.000000
0.000000
0.000000
0.000000
0.000000
0.000000
0.000000
0.000000
0.000000
0.000000
0.000000
0.000000
0.000000
0.000000
0.000000
0.000000
0.000000
0.000000
0.000000
0.000000
0.000000
0.000000
0.000000
0.000000
0.000000
0.000000
0.000000
0.000000
0.000000
0.000000
0.000000
0.000000
0.000000
0.000000
0.000000
0.000000
0.000000
0.000000
0.000000
0.000000
0.000000
0.000000
0.000000
0.000000
0.000000
0.000000
0.000000
0.000000
0.000000
0.000000
0.000000
0.000000
0.000000
0.000000
0.000000
0.000000
0.000000
0.000000
0.000000
0.000000
0.000000
0.000000
0.000000
0.000000
0.000000
0.000000
0.000000
0.000000
0.000000
0.000000
0.000000
0.000000
0.000000
0.000000
0.000000
0.000000
0.000000
0.000000
0.000000
0.000000
0.000000
0.000000
0.000000
0.000000
0.000000
0.000000
0.000000
0.000000
0.000000
0.000000
0.000000
0.000000
0.000000
0.000000
0.000000
0.000000
0.000000
0.000000
0.000000
0.000000
0.000000
0.000000
0.000000
0.000000
0.000000
0.000000
0.000000
0.000000
0.000000
0.000000
0.000000
0.000000
0.000000
0.000000
0.000000
0.000000
0.000000
0.000000
0.000000
0.000000
0.000000
0.000000
0.000000
0.000000
0.000000
0.000000
0.000000
0.000000
0.000000
0.000000
0.000000
0.000000
0.000000
0.000000
0.000000
0.000000
0.000000
0.000000
0.000000
0.000000
0.000000
0.000000
0.000000
0.000000
0.000000
0.000000
0.000000
0.000000
0.000000
0.000000
0.000000
0.000000
0.000000
0.000000
0.000000
0.000000
0.000000
0.000000
0.000000
0.000000
0.000000
0.000000
0.000000
0.000000
0.000000
0.000000
0.000000
0.000000
0.000000
0.000000
0.000000
0.000000
0.000000
0.000000
0.000000
0.000000
0.000000
0.000000
0.000000
0.000000
0.000000
0.000000
0.000000
0.000000
0.000000
0.000000
0.000000
0.000000
0.000000
0.000000
0.000000
0.000000
0.000000
0.000000
0.000000
0.000000
0.000000
0.000000
0.000000
0.000000
0.000000
0.000000
0.000000
0.000000
0.000000
0.000000
0.000000
0.000000
0.000000
0.000000
0.000000
0.000000
0.000000
0.000000
0.000000
0.000000
0.000000
0.000000
0.000000
0.000000
0.000000
0.000000
0.000000
0.000000
0.000000
0.000000
0.000000
0.000000
0.000000
0.000000
0.000000
0.000000
0.000000
0.000000
0.000000
0.000000
0.000000
0.000000
0.000000
0.000000
0.000000
0.000000
0.000000
0.000000
0.000000
0.000000
0.000000
0.000000
0.000000
0.000000
0.000000
0.000000
0.000000
0.000000
0.000000
0.000000
0.000000
0.000000
0.000000
0.000000
0.000000
0.000000
0.000000
0.000000
0.000000
0.000000
0.000000
0.000000
0.000000
0.000000
0.000000
0.000000
0.000000
0.000000
0.000000
0.000000
0.000000
0.000000
0.000000
0.000000
0.000000
0.000000
0.000000
0.000000
0.000000
0.000000
0.000000
0.000000
0.000000
0.000000
0.000000
0.000000
0.000000
0.000000
0.000000
0.000000
0.000000
0.000000
0.000000
0.000000
0.000000
0.000000
0.000000
0.000000
0.000000
0.000000
0.000000
0.000000
0.000000
0.000000
0.000000
0.000000
0.000000
0.000000
0.000000
0.000000
0.000000
0.000000
0.000000
0.000000
0.000000
0.000000
0.000000
0.000000
0.000000
0.000000
0.000000
0.000000
0.000000
0.000000
0.000000
0.000000
0.000000
0.000000
0.000000
0.000000
0.000000
0.000000
0.000000
0.000000
0.000000
0.000000
0.000000
0.000000
0.000000
0.000000
0.000000
0.000000
0.000000
0.000000
0.000000
0.000000
0.000000
0.000000
0.000000
0.000000
0.000000
0.000000
0.000000
0.000000
0.000000
0.000000
0.000000
0.000000
0.000000
0.000000
0.000000
0.000000
0.000000
0.000000
0.000000
0.000000
0.000000
0.000000
0.000000
0.000000
0.000000
0.000000
0.000000
0.000000
0.000000
0.000000
0.000000
0.000000
0.000000
0.000000
0.000000
0.000000
0.000000
0.000000
0.000000
0.000000
0.000000
0.000000
0.000000
0.000000
0.000000
0.000000
0.000000
0.000000
0.000000
0.000000
0.000000
0.000000
0.000000
0.000000
0.000000
0.000000
0.000000
0.000000
0.000000
0.000000
0.000000
0.000000
0.000000
0.000000
0.000000
0.000000
0.000000
0.000000
0.000000
0.000000
0.000000
0.000000
0.000000
0.000000
0.000000
0.000000
0.000000
0.000000
0.000000
0.000000
0.000000
0.000000
0.000000
0.000000
0.000000
0.000000
0.000000
0.000000
0.000000
0.000000
0.000000
0.000000
0.000000
0.000000
0.000000
0.000000
0.000000
0.000000
0.000000
0.000000
0.000000
0.000000
0.000000
0.000000
0.000000
0.000000
0.000000
0.000000
0.000000
0.000000
0.000000
0.000000
0.000000
0.000000
0.000000
0.000000
0.000000
0.000000
0.000000
0.000000
0.000000
0.000000
0.000000
0.000000
0.000000
0.000000
0.000000
0.000000
0.000000
0.000000
0.000000
0.000000
0.000000
0.000000
0.000000
0.000000
0.000000
0.000000
0.000000
0.000000
0.000000
0.000000
0.000000
0.000000
0.000000
0.000000
0.000000
0.000000
0.000000
0.000000
0.000000
0.000000
0.000000
0.000000
0.000000
0.000000
0.000000
0.000000
0.000000
0.000000
0.000000
0.000000
0.000000
0.000000
0.000000
0.000000
0.000000
0.000000
0.000000
0.000000
0.000000
0.000000
0.000000
0.000000
0.000000
0.000000
0.000000
0.000000
0.000000
0.000000
0.000000
0.000000
0.000000
0.000000
0.000000
0.000000
0.000000
0.000000
0.000000
0.000000
0.000000
0.000000
0.000000
0.000000
0.000000
0.000000
0.000000
0.000000
0.000000
0.000000
0.000000
0.000000
0.000000
0.000000
0.000000
0.000000
0.000000
0.000000
0.000000
0.000000
0.000000
0.000000
0.000000
0.000000
0.000000
0.000000
0.000000
0.000000
0.000000
0.000000
0.000000
0.000000
0.000000
0.000000
0.000000
0.000000
0.000000
0.000000
0.000000
0.000000
0.000000
0.000000
0.000000
0.000000
0.000000
0.000000
0.000000
0.000000
0.000000
0.000000
0.000000
0.000000
0.000000
0.000000
0.000000
0.000000
0.000000
0.000000
0.000000
0.000000
0.000000
0.000000
0.000000
0.000000
0.000000
0.000000
0.000000
0.000000
0.000000
0.000000
0.000000
0.000000
0.000000
0.000000
0.000000
0.000000
0.000000
0.000000
0.000000
0.000000
0.000000
0.000000
0.000000
0.000000
0.000000
0.000000
0.000000
0.000000
0.000000
0.000000
0.000000
0.000000
0.000000
0.000000
0.000000
0.000000
0.000000
0.000000
0.000000
0.000000
0.000000
0.000000
0.000000
0.000000
0.000000
0.000000
0.000000
0.000000
0.000000
0.000000
0.000000
0.000000
0.000000
0.000000
0.000000
0.000000
0.000000
0.000000
0.000000
0.000000
0.000000
0.000000
0.000000
0.000000
0.000000
0.000000
0.000000
0.000000
0.000000
0.000000
0.000000
0.000000
0.000000
0.000000
0.000000
0.000000
0.000000
0.000000
0.000000
0.000000
0.000000
0.000000
0.000000
0.000000
0.000000
0.000000
0.000000
0.000000
0.000000
0.000000
0.000000
0.000000
0.000000
0.000000
0.000000
0.000000
0.000000
0.000000
0.000000
0.000000
0.000000
0.000000
0.000000
0.000000
0.000000
0.000000
0.000000
0.000000
0.000000
0.000000
