-0.155377
-0.141542
-0.128771
-0.112808
-0.035119
0.009578
0.063854
0.116001
0.167083
0.225616
0.249029
0.332038
0.354387
0.395892
0.412919
0.453360
0.489544
0.517213
0.545947
0.567232
0.569360
0.570425
0.575746
0.606608
0.640664
0.654498
0.631086
0.620443
0.621507
0.605544
0.591709
0.578938
0.577874
0.581067
0.580003
0.600223
0.609801
0.638535
0.654498
0.686425
0.744958
0.777949
0.814132
0.847123
0.883307
0.912041
0.932261
0.948225
0.968445
0.968445
0.995050
0.999307
1.026977
1.040812
1.085510
1.164262
1.202574
1.250465
1.295162
1.340924
1.382429
1.426062
1.503750
1.540998
1.582503
1.620815
1.655934
1.691054
1.717659
1.740008
1.749586
1.760228
1.771935
1.782577
1.781513
1.770871
1.754907
1.715531
1.685733
1.649549
1.616558
1.583567
1.555897
1.533548
1.503750
1.497365
1.495236
1.496301
1.497365
1.501622
1.508007
1.513328
1.520778
1.534613
1.543126
1.549512
1.556961
1.563347
1.576117
1.608044
1.626136
1.646356
1.665512
1.688925
1.713403
1.744265
1.805990
1.834724
1.858137
1.889000
1.918798
1.947532
1.977330
1.997551
2.035863
2.053955
2.070982
2.085881
2.102909
2.117808
2.133771
2.149735
2.150799
2.155056
2.152927
2.152927
2.151863
2.151863
2.150799
2.156120
2.160377
2.162506
2.168891
2.176340
2.188047
2.193368
2.211460
2.218910
2.226359
2.234873
2.243387
2.251900
2.266800
2.305112
2.329589
2.349809
2.372158
2.391314
2.418984
2.444525
2.498801
2.520085
2.550948
2.580746
2.602031
2.624379
2.645664
2.678655
2.676526
2.678655
2.685040
2.693554
2.695682
2.704196
2.709517
2.728673
2.737187
2.746765
2.755279
2.765921
2.787206
2.810619
2.849995
2.872344
2.903206
2.928748
2.957482
2.985152
3.025592
3.085189
3.107538
3.145849
3.179905
3.220345
3.261850
3.304419
3.339539
3.419355
3.464053
3.507686
3.560897
3.601338
3.644971
3.684347
3.784385
3.834403
3.876972
3.913156
3.948275
3.979138
4.010000
4.050441
4.078111
4.082368
4.101524
4.104716
4.113230
4.120680
4.139836
4.185597
4.203690
4.242002
4.266479
4.317562
4.361195
4.409085
4.509122
4.572976
4.638958
4.697490
4.750701
4.813490
4.866702
4.976317
5.022079
5.064648
5.108281
5.144464
5.188097
5.224281
5.289199
5.328575
5.362630
5.395621
5.428613
5.461604
5.502044
5.532907
5.604209
5.644650
5.677641
5.717018
5.742559
5.775550
5.801091
5.869202
5.893679
5.920285
5.941569
5.961789
5.978817
6.003294
6.039478
6.067148
6.075661
6.083111
6.085239
6.084175
6.084175
6.085239
6.096946
6.094818
6.094818
6.099074
6.095881
6.090560
6.079918
6.073533
6.069276
6.075661
6.086304
6.094818
6.103331
6.096946
6.083111
6.076725
6.072469
6.071404
6.077790
6.080983
6.086304
6.093753
6.125680
6.153350
6.170377
6.194855
6.217203
6.245937
6.272543
6.336397
6.360874
6.401314
6.419406
6.447076
6.461975
6.482195
6.504544
6.505609
6.505609
6.513058
6.521572
6.542856
6.547113
6.562012
6.600325
6.622673
6.635444
6.657793
6.670563
6.703554
6.721646
6.769536
6.787628
6.802527
6.820619
6.837646
6.852546
6.852546
6.858931
6.865316
6.848289
6.841904
6.833390
6.817426
6.803591
6.773793
6.771665
6.764215
6.756765
6.754637
6.738674
6.729095
6.726967
6.701426
6.688655
6.685462
6.681206
6.681206
6.679077
6.680141
6.690784
6.704618
6.723774
6.751444
6.773793
6.802527
6.812105
6.813169
6.791885
6.766344
6.735481
6.700362
6.657793
6.625866
6.587554
6.508801
6.484324
6.463039
6.449204
6.431113
6.431113
6.432177
6.444948
6.457718
6.475810
6.490709
6.510930
6.523700
6.546049
6.583297
6.599260
6.615223
6.632251
6.627994
6.643958
6.663114
6.679077
6.676949
6.686527
6.676949
6.682270
6.668435
6.658857
6.643958
6.631187
6.615223
6.625866
6.614159
6.608838
6.602453
6.606710
6.600325
6.606710
6.614159
6.627994
6.635444
6.656728
6.673756
6.686527
6.709939
6.725903
6.742930
6.761023
6.781243
6.782307
6.789756
6.796142
6.811041
6.824876
6.839775
6.854674
6.868509
6.895115
6.919592
6.931298
6.949390
6.950455
6.964289
6.974932
6.990895
6.972803
6.957904
6.939812
6.916399
6.898307
6.890858
6.882344
6.895115
6.910014
6.921721
6.941941
6.960032
6.981317
6.982381
7.004730
7.031335
7.032400
7.032400
7.032400
7.021758
7.004730
6.987702
6.946198
6.923849
6.892986
6.862124
6.827004
6.785500
6.770600
6.747188
6.707811
6.686527
6.668435
6.659921
6.665242
6.658857
6.659921
6.651407
6.652472
6.643958
6.623737
6.600325
6.577976
6.557755
6.486452
6.456654
6.433241
6.414085
6.410892
6.395993
6.391737
6.386415
6.399186
6.394929
6.407700
6.421535
6.440691
6.449204
6.452397
6.450269
6.434305
6.440691
6.434305
6.443883
6.448140
6.458783
6.479003
6.493902
6.500287
6.506672
6.509865
6.522636
6.530086
6.271479
6.550306
6.557755
6.562012
6.568398
6.580104
6.588618
6.596067
6.616288
6.631187
6.637572
6.652472
6.649279
6.656728
6.662049
6.684398
6.693976
6.707811
6.721646
6.741866
6.754637
6.776986
6.556691
6.844032
6.867445
6.884472
6.900436
6.921721
6.941941
6.965353
7.004730
7.028143
7.046235
7.063262
7.071776
7.089868
7.094125
7.096253
7.104767
7.098382
7.099446
7.101574
7.104767
7.100510
7.130309
7.142015
7.162235
7.173942
7.195226
7.216511
7.237795
7.260144
7.281428
7.284621
7.293135
7.281428
7.267593
7.245245
7.219704
7.172877
7.144144
7.099446
7.054749
7.006858
6.954711
6.889794
6.763151
6.712068
6.664178
6.617352
6.575847
6.551370
6.534342
6.522636
6.504544
6.503480
6.496030
6.500287
6.493902
6.486452
6.482195
6.455590
6.434305
6.408764
6.394929
6.368323
6.347039
6.333204
6.312984
6.293828
6.277864
6.273607
6.258708
6.249130
6.240616
6.236360
6.228910
6.235295
6.245937
6.258708
6.268286
6.282121
6.300213
6.335332
6.342782
6.360874
6.377902
6.375773
6.380030
6.391737
6.434305
6.436434
6.461975
6.476874
6.491774
6.498159
6.499223
6.500287
6.492837
6.465168
6.426856
6.383223
6.335332
6.308727
6.302341
6.281057
6.281057
6.285314
6.301277
6.294892
6.302341
6.308727
6.359809
6.389608
6.410892
6.444948
6.469425
6.501351
6.534342
6.593939
6.612031
6.636508
6.634379
6.636508
6.632251
6.625866
6.618416
6.605646
6.589682
6.574783
6.557755
6.550306
6.539664
6.532214
6.527957
6.533278
6.546049
6.562012
6.575847
6.603517
6.633316
6.701426
6.731224
6.755701
6.784435
6.800399
6.827004
6.840839
6.851481
6.845096
6.832325
6.807848
6.781243
6.772729
6.750380
6.730160
6.669499
6.641829
6.616288
6.582232
6.563076
6.539664
6.531150
6.492837
6.469425
6.457718
6.451333
6.443883
6.443883
6.442819
6.444948
6.452397
6.456654
6.466232
6.459846
6.468360
6.469425
6.471553
6.437498
6.414085
6.393865
6.368323
6.337461
6.303406
6.272543
6.215075
6.189534
6.166121
6.154414
6.142708
6.138451
6.126744
6.116102
6.116102
6.118230
6.115038
6.121423
6.117166
6.115038
6.105460
6.078854
6.072469
6.063955
6.060762
6.058634
6.053313
6.053313
6.065019
6.063955
6.063955
6.070340
6.067148
6.065019
6.063955
6.065019
6.065019
6.066083
6.062891
6.058634
6.054377
6.049056
6.041606
6.025643
6.015000
6.012872
6.012872
6.021386
6.018193
6.020322
6.011808
6.003294
5.997973
5.992652
5.982009
5.977753
5.955404
5.923477
5.904321
5.888358
5.870266
5.847917
5.837275
5.827697
5.823440
5.803220
5.812798
5.815990
5.810669
5.804284
5.802155
5.798963
5.795770
5.781935
5.783000
5.784064
5.789385
5.791513
5.803220
5.836211
5.858560
5.888358
5.919220
5.952211
5.986267
6.028835
6.107588
6.141644
6.171442
6.196983
6.202304
6.205497
6.193790
6.186341
6.160800
6.133130
6.110781
6.086304
6.067148
6.043735
6.026707
5.994780
5.979881
5.968174
5.966046
5.961789
5.962853
5.964982
5.974560
5.982009
5.982009
5.997973
5.993716
6.007551
6.006487
6.022450
6.035221
6.043735
6.046927
6.059698
6.067148
6.073533
6.086304
6.083111
6.077790
6.077790
6.069276
6.061827
6.054377
6.060762
6.059698
6.066083
6.071404
6.074597
6.072469
6.074597
6.068212
6.067148
6.046927
6.028835
6.022450
5.993716
5.967111
5.942633
5.910707
5.858560
5.827697
5.822376
5.813862
5.802155
5.790449
5.793642
5.828761
5.839404
5.847917
5.872395
5.891551
5.924541
5.936248
5.938376
5.972432
5.979881
5.967111
5.956468
5.935184
5.921349
5.893679
5.833018
5.814926
5.805348
5.796834
5.793642
5.803220
5.811734
5.842596
5.862816
5.890486
5.923477
5.967111
5.999037
6.034157
6.107588
6.141644
6.171442
6.202304
6.235295
6.248066
6.257644
6.262965
6.243809
6.247002
6.247002
6.255516
6.250195
6.250195
6.261901
6.275736
6.283185
6.289571
6.300213
6.300213
6.298084
6.292763
6.272543
6.256580
6.234231
6.227846
6.218267
6.221460
6.214011
6.208690
6.190598
6.171442
6.153350
6.099074
6.058634
6.037349
6.011808
5.959661
5.940505
5.912835
5.891551
5.879844
5.879844
5.885165
5.895807
5.912835
5.931991
5.943697
5.954340
5.967111
5.990523
6.000102
6.028835
6.041606
6.050120
6.062891
6.074597
6.079918
6.098010
6.125680
6.135258
6.153350
6.170377
6.181020
6.194855
6.201240
6.225717
6.235295
6.248066
6.260837
6.275736
6.284249
6.294892
6.311919
6.330011
6.336397
6.343846
6.349167
6.359809
6.374709
6.390672
6.419406
6.434305
6.444948
6.461975
6.481131
6.499223
6.518379
6.549242
6.551370
6.570526
6.573719
6.585425
6.591811
6.600325
6.616288
6.625866
6.626930
6.643958
6.645022
6.665242
6.670563
6.679077
6.655664
6.645022
6.631187
6.630123
6.608838
6.600325
6.582232
6.560948
6.552434
6.550306
6.552434
6.553498
6.558820
6.560948
6.565205
6.569462
6.576911
6.579040
6.577976
6.574783
6.570526
6.567333
6.559884
6.562012
6.562012
6.571590
6.567333
6.569462
6.566269
6.573719
6.586490
6.583297
6.591811
6.592875
6.602453
6.606710
6.607774
6.608838
6.603517
6.602453
6.604581
6.601388
6.607774
6.610967
6.639701
6.665242
6.681206
6.711004
6.736545
6.761023
6.776986
6.805720
6.814234
6.806784
6.792949
6.762086
6.733353
6.700362
6.627994
6.592875
6.579040
6.555627
6.541792
6.516251
6.497095
6.463039
6.448140
6.432177
6.420470
6.413021
6.407700
6.406635
6.405571
6.415149
6.425791
6.442819
6.459846
6.469425
6.481131
6.488581
6.503480
6.511994
6.511994
6.516251
6.507737
6.507737
6.499223
6.492837
6.482195
6.480067
6.481131
6.485388
6.487516
6.481131
6.483260
6.470489
6.455590
6.444948
6.433241
6.432177
6.425791
6.414085
6.383223
6.368323
6.345974
6.335332
6.319369
6.330011
6.326818
6.342782
6.354488
6.375773
6.394929
6.424727
6.436434
6.460911
6.498159
6.551370
6.565205
6.591811
6.619481
6.633316
6.635444
6.648214
6.674820
6.674820
6.670563
6.659921
6.658857
6.634379
6.609902
6.538599
6.507737
6.475810
6.446012
6.426856
6.422599
6.408764
6.407700
6.403443
6.404507
6.419406
6.434305
6.446012
6.464104
6.466232
6.467296
6.468360
6.460911
6.454525
6.442819
6.437498
6.430048
6.435369
6.440691
6.442819
6.446012
6.446012
6.453461
6.455590
6.463039
6.481131
6.482195
6.488581
6.504544
6.526893
6.548177
6.554563
6.590746
6.607774
6.597132
6.588618
6.562012
6.539664
6.498159
6.420470
6.376837
6.345974
6.307662
6.281057
6.261901
6.245937
6.222525
6.206561
6.192726
6.174634
6.166121
6.150157
6.150157
6.135258
6.138451
6.141644
6.141644
6.137386
6.133130
6.134194
6.127809
6.107588
6.093753
6.087368
6.075661
6.058634
6.049056
6.027771
5.997973
5.993716
5.986267
5.988395
5.979881
5.975624
5.967111
5.962853
5.946890
5.935184
5.924541
5.913899
5.907514
5.893679
5.889422
5.875587
5.864945
5.863881
5.864945
5.870266
5.877716
5.876651
5.885165
5.890486
5.905385
5.908578
5.912835
5.912835
5.918156
5.917092
5.901128
5.895807
5.892615
5.901128
5.906450
5.903257
5.907514
5.931991
5.940505
5.949018
5.958597
5.974560
5.990523
6.008615
6.032028
6.047992
6.059698
6.077790
6.078854
6.098010
6.103331
6.121423
6.133130
6.149093
6.156542
6.169313
6.179955
6.179955
6.171442
6.135258
6.112909
6.086304
6.059698
6.029900
6.006487
5.976688
5.947954
5.944762
5.938376
5.941569
5.940505
5.939441
5.945826
5.949018
5.947954
5.954340
5.958597
5.951147
5.940505
5.924541
5.918156
5.911771
5.902193
5.899000
5.891551
5.897936
5.895807
5.891551
5.886230
5.887293
5.895807
5.899000
5.913899
5.920285
5.933055
5.963918
5.972432
5.993716
6.005423
6.018193
6.020322
6.032028
6.042670
6.079918
6.096946
6.099074
6.112909
6.107588
6.106524
6.087368
6.051184
6.032028
6.001166
5.982009
5.949018
5.925606
5.906450
5.900064
5.911771
5.923477
5.943697
5.956468
5.978817
5.993716
6.016065
6.068212
6.093753
6.105460
6.135258
6.141644
6.152286
6.148029
6.125680
6.110781
6.095881
6.076725
6.061827
6.037349
6.010744
5.956468
5.930927
5.905385
5.893679
5.875587
5.871330
5.868137
5.880908
5.902193
5.913899
5.931991
5.946890
5.966046
5.984138
6.000102
6.022450
6.032028
6.038414
6.039478
6.039478
6.025643
6.017129
5.994780
5.980946
5.973496
5.956468
5.950083
5.938376
5.931991
5.910707
5.903257
5.904321
5.899000
5.897936
5.888358
5.883037
5.885165
5.894743
5.896872
5.917092
5.925606
5.944762
5.950083
5.963918
5.977753
5.977753
5.977753
5.968174
5.949018
5.921349
5.895807
5.817055
5.768100
5.729788
5.680834
5.648907
5.613788
5.594632
5.570155
5.569090
5.574411
5.591439
5.618044
5.635072
5.648907
5.661678
5.695733
5.713825
5.724467
5.724467
5.727660
5.719146
5.714889
5.727660
5.728724
5.725531
5.729788
5.712760
5.719146
5.723403
5.743623
5.770229
5.779807
5.793642
5.817055
5.838339
5.861752
5.872395
5.893679
5.903257
5.908578
5.896872
5.881972
5.881972
5.885165
5.892615
5.880908
5.885165
5.893679
5.904321
5.910707
5.916028
5.935184
5.934119
5.937312
5.931991
5.923477
5.937312
5.953276
5.969239
6.017129
6.035221
6.061827
6.070340
6.094818
6.098010
6.107588
6.104395
6.098010
6.090560
6.082047
6.069276
6.071404
6.061827
6.062891
6.079918
6.095881
6.120359
6.146965
6.173570
6.201240
6.222525
6.266158
6.279993
6.287442
6.289571
6.292763
6.289571
6.294892
6.309791
6.315112
6.324690
6.334268
6.351296
6.360874
6.378965
6.404507
6.422599
6.446012
6.460911
6.473681
6.479003
6.489645
6.497095
6.514122
6.516251
6.522636
6.520507
6.526893
6.526893
6.534342
6.544985
6.546049
6.557755
6.567333
6.573719
6.584361
6.592875
6.605646
6.609902
6.608838
6.610967
6.610967
6.619481
6.614159
6.616288
6.625866
6.614159
6.602453
6.584361
6.565205
6.547113
6.529021
6.489645
6.468360
6.457718
6.450269
6.444948
6.451333
6.455590
6.477939
6.494966
6.520507
6.532214
6.551370
6.565205
6.582232
6.597132
6.599260
6.602453
6.599260
6.606710
6.608838
6.610967
6.615223
6.620545
6.616288
6.624802
6.629058
6.642893
6.642893
6.648214
6.658857
6.664178
6.667371
6.655664
6.651407
6.647151
6.648214
6.645022
6.648214
6.658857
6.662049
6.668435
6.668435
6.679077
6.682270
6.680141
6.674820
6.670563
6.669499
6.670563
6.663114
6.669499
6.688655
6.709939
6.731224
6.745059
6.761023
6.768472
6.783371
6.795078
6.790821
6.800399
6.790821
6.797206
6.794014
6.794014
6.788692
6.779114
6.766344
6.763151
6.743995
6.729095
6.705683
6.685462
6.636508
6.608838
6.582232
6.550306
6.523700
6.505609
6.486452
6.449204
6.447076
6.433241
6.434305
6.428984
6.423663
6.420470
6.414085
6.400250
6.391737
6.372580
6.366195
6.355553
6.345974
6.336397
6.336397
6.339589
6.347039
6.359809
6.378965
6.397058
6.422599
6.484324
6.514122
6.550306
6.588618
6.621609
6.647151
6.675884
6.734417
6.757830
6.766344
6.780179
6.780179
6.792949
6.788692
6.774858
6.723774
6.681206
6.645022
6.605646
6.562012
6.514122
6.469425
6.353424
6.314048
6.294892
6.281057
6.273607
6.275736
6.289571
6.336397
6.364067
6.376837
6.402379
6.411957
6.419406
6.422599
6.428984
6.427920
6.431113
6.426856
6.418342
6.425791
6.419406
6.422599
6.408764
6.406635
6.407700
6.411957
6.414085
6.416214
6.416214
6.416214
6.413021
6.417278
6.413021
6.420470
6.426856
6.436434
6.441755
6.442819
6.433241
6.424727
6.411957
6.388544
6.366195
6.326818
6.248066
6.205497
6.162928
6.133130
6.105460
6.102267
6.090560
6.110781
6.132065
6.138451
6.157607
6.170377
6.202304
6.232102
6.011808
6.305534
6.318305
6.345974
6.354488
6.373644
6.368323
6.385351
6.405571
6.404507
6.391737
6.381094
6.364067
6.342782
6.307662
6.255516
6.259772
6.252323
6.253387
6.257644
6.258708
6.270415
6.303406
6.331076
6.335332
6.367259
6.387479
6.416214
6.430048
6.447076
6.472617
6.489645
6.490709
6.508801
6.514122
6.523700
6.534342
6.533278
6.540728
6.530086
6.533278
6.517315
6.509865
6.499223
6.497095
6.504544
6.508801
6.527957
6.539664
6.562012
6.583297
6.614159
6.638637
6.642893
6.662049
6.663114
6.658857
6.631187
6.605646
6.531150
6.484324
6.422599
6.373644
6.322562
6.276800
6.227846
6.169313
6.149093
6.133130
6.124616
6.112909
6.117166
6.123551
6.136322
6.128873
6.116102
6.100139
6.092689
6.075661
6.072469
6.045863
6.010744
5.995844
5.988395
5.973496
5.964982
5.949018
5.943697
5.934119
5.925606
5.925606
5.918156
5.923477
5.923477
5.925606
5.929862
5.935184
5.938376
5.943697
5.942633
5.937312
5.930927
5.937312
5.940505
5.941569
5.931991
5.943697
5.934119
5.935184
5.926670
5.917092
5.908578
5.899000
5.876651
5.862816
5.831954
5.796834
5.781935
5.775550
5.773421
5.770229
5.773421
5.785128
5.785128
5.801091
5.810669
5.829825
5.838339
5.861752
5.863881
5.877716
5.877716
5.897936
5.908578
5.920285
5.937312
5.952211
5.971367
5.996909
6.041606
6.069276
6.092689
6.122488
6.150157
6.185277
6.208690
6.240616
6.309791
6.334268
6.372580
6.397058
6.433241
6.460911
6.487516
6.536471
6.564141
6.588618
6.612031
6.630123
6.654600
6.665242
6.682270
6.687591
6.699297
6.698233
6.700362
6.698233
6.702490
6.692912
6.695040
6.690784
6.689719
6.687591
6.682270
6.689719
6.686527
6.672692
6.667371
6.652472
6.655664
6.641829
6.636508
6.624802
6.601388
6.591811
6.583297
6.574783
6.560948
6.534342
6.505609
6.436434
6.394929
6.369388
6.336397
6.312984
6.288507
6.277864
6.291699
6.322562
6.347039
6.376837
6.417278
6.457718
6.497095
6.534342
6.599260
6.620545
6.634379
6.634379
6.622673
6.615223
6.601388
6.550306
6.516251
6.489645
6.455590
6.432177
6.392800
6.367259
6.341718
6.293828
6.275736
6.268286
6.257644
6.260837
6.266158
6.284249
6.317241
6.331076
6.351296
6.363002
6.377902
6.388544
6.391737
6.405571
6.407700
6.406635
6.407700
6.405571
6.390672
6.377902
6.354488
6.303406
6.284249
6.250195
6.223588
6.212946
6.211882
6.218267
6.228910
6.234231
6.242745
6.253387
6.262965
6.267222
6.275736
6.281057
6.275736
6.272543
6.272543
6.272543
6.264029
6.264029
5.996909
6.271479
6.274672
6.276800
6.273607
6.285314
6.290635
6.301277
6.306598
6.298084
6.311919
6.324690
6.339589
6.352360
6.358745
6.411957
6.431113
6.441755
6.449204
6.466232
6.489645
6.504544
6.515186
6.523700
6.522636
6.523700
6.513058
6.499223
6.501351
6.503480
6.506672
6.505609
6.517315
6.525829
6.539664
6.544985
6.562012
6.602453
6.622673
6.640765
6.660985
6.672692
6.689719
6.699297
6.735481
6.755701
6.770600
6.778050
6.787628
6.789756
6.790821
6.783371
6.745059
6.713132
6.668435
6.630123
6.586490
6.546049
6.507737
6.435369
6.409828
6.386415
6.364067
6.354488
6.344910
6.349167
6.342782
6.348103
6.349167
6.344910
6.344910
6.334268
6.322562
6.304470
6.270415
6.256580
6.237423
6.228910
6.216139
6.202304
6.198047
6.173570
6.168249
6.154414
6.153350
6.142708
6.140579
6.135258
6.137386
6.139515
6.141644
6.143772
6.151221
6.143772
6.148029
6.143772
6.141644
6.140579
6.137386
6.128873
6.126744
6.123551
6.113974
6.091625
6.089496
6.071404
6.054377
6.029900
6.017129
5.988395
5.959661
5.956468
5.958597
5.959661
5.964982
5.967111
5.973496
5.979881
5.983074
5.988395
5.992652
5.996909
6.008615
6.011808
6.012872
6.021386
6.025643
6.025643
6.027771
6.027771
6.025643
6.022450
5.996909
5.987331
5.960725
5.946890
5.930927
5.923477
5.911771
5.889422
5.881972
5.880908
5.880908
5.890486
5.902193
5.911771
5.921349
5.933055
5.944762
5.970303
5.980946
5.999037
6.013937
6.027771
6.046927
6.065019
6.066083
6.077790
6.088432
6.102267
6.107588
6.139515
6.158671
6.178891
6.204432
6.231038
6.249130
6.278928
6.312984
6.372580
6.402379
6.434305
6.451333
6.467296
6.483260
6.493902
6.515186
6.525829
6.526893
6.535407
6.522636
6.511994
6.484324
6.437498
6.426856
6.399186
6.385351
6.371516
6.357681
6.345974
6.323626
6.322562
6.328947
6.334268
6.337461
6.341718
6.350232
6.350232
6.370452
6.380030
6.378965
6.382158
6.370452
6.361938
6.348103
6.333204
6.335332
6.327883
6.327883
6.325754
6.325754
6.332139
6.359809
6.376837
6.381094
6.391737
6.397058
6.397058
6.386415
6.373644
6.331076
6.307662
6.284249
6.259772
6.242745
6.229974
6.229974
6.234231
6.233167
6.235295
6.237423
6.244873
6.259772
6.275736
6.277864
6.267222
6.271479
6.261901
6.250195
6.233167
6.223588
6.223588
6.207625
6.189534
6.162928
6.137386
6.115038
6.091625
6.068212
6.011808
5.984138
5.964982
5.931991
5.910707
5.892615
5.888358
5.866009
5.860688
5.852174
5.847917
5.835146
5.831954
5.820247
5.808541
5.775550
5.769165
5.761715
5.755330
5.763844
5.765972
5.771293
5.787256
5.803220
5.818119
5.834082
5.847917
5.862816
5.886230
5.916028
5.934119
5.954340
5.971367
5.991588
6.022450
6.042670
6.080983
6.108653
6.118230
6.132065
6.134194
6.140579
6.143772
6.148029
6.159735
6.145900
6.131001
6.129937
6.128873
6.124616
6.117166
6.105460
6.091625
6.082047
6.061827
6.052248
6.036285
6.018193
5.956468
5.917092
5.875587
5.818119
5.776614
5.744688
5.724467
5.703183
5.665935
5.652100
5.653164
5.657421
5.671256
5.677641
5.692540
5.731917
5.737238
5.752137
5.764908
5.789385
5.795770
5.807477
5.820247
5.834082
5.850046
5.869202
5.878780
5.891551
5.914963
5.944762
5.994780
6.010744
6.027771
6.052248
6.070340
6.089496
6.099074
6.119295
6.140579
6.157607
6.169313
6.183148
6.185277
6.202304
6.225717
6.236360
6.249130
6.266158
6.270415
6.271479
6.285314
6.284249
6.274672
6.282121
6.274672
6.269351
6.264029
6.247002
6.237423
6.240616
6.261901
6.256580
6.268286
6.266158
6.270415
6.273607
6.273607
6.273607
6.267222
6.272543
6.265093
6.255516
6.255516
6.243809
6.252323
6.250195
6.251258
6.248066
6.238488
6.223588
6.205497
6.161864
6.137386
6.106524
6.085239
6.059698
6.042670
6.019258
6.007551
6.017129
6.025643
6.035221
6.049056
6.062891
6.080983
6.121423
6.136322
6.161864
6.175699
6.190598
6.202304
6.214011
6.227846
6.231038
6.225717
6.229974
6.220396
6.211882
6.202304
6.190598
6.160800
6.149093
6.138451
6.131001
6.119295
6.104395
6.101203
6.091625
6.091625
6.080983
6.085239
6.078854
6.077790
6.067148
6.066083
6.058634
6.041606
6.027771
6.011808
5.982009
5.953276
5.919220
5.851110
5.822376
5.791513
5.773421
5.751073
5.745751
5.741495
5.748944
5.746816
5.753201
5.769165
5.790449
5.803220
5.815990
5.826632
5.855367
5.861752
5.862816
5.872395
5.875587
5.879844
5.881972
5.879844
5.876651
5.877716
5.875587
5.876651
5.871330
5.881972
5.879844
5.885165
5.889422
5.897936
5.911771
5.914963
5.924541
5.930927
5.934119
5.923477
5.930927
5.922413
5.938376
5.939441
5.942633
5.923477
5.923477
5.929862
5.937312
5.931991
5.928798
5.938376
5.951147
5.944762
5.944762
5.941569
5.946890
5.957532
5.946890
5.971367
5.994780
5.991588
5.999037
6.015000
6.021386
6.025643
6.029900
6.067148
6.091625
6.116102
6.149093
6.183148
6.218267
6.252323
6.308727
6.339589
6.369388
6.392800
6.421535
6.439626
6.460911
6.488581
6.497095
6.507737
6.519444
6.534342
6.547113
6.558820
6.573719
6.596067
6.604581
6.621609
6.634379
6.651407
6.670563
6.697169
6.736545
6.743995
6.752509
6.750380
6.762086
6.762086
6.756765
6.759958
6.769536
6.772729
6.776986
6.782307
6.785500
6.802527
6.809977
6.831261
6.847225
6.859995
6.886601
6.895115
6.912142
6.918528
6.931298
6.941941
6.940876
6.952583
6.945133
6.944069
6.924913
6.879151
6.857867
6.836582
6.812105
6.786564
6.766344
6.748252
6.711004
6.702490
6.695040
6.699297
6.698233
6.709939
6.711004
6.728032
6.742930
6.741866
6.753573
6.752509
6.762086
6.762086
6.775921
6.791885
6.794014
6.801463
6.803591
6.814234
6.815298
6.824876
6.822747
6.815298
6.811041
6.803591
6.795078
6.776986
6.748252
6.725903
6.682270
6.657793
6.636508
6.623737
6.609902
6.599260
6.579040
6.551370
6.538599
6.518379
6.501351
6.473681
6.449204
6.423663
6.371516
6.350232
6.350232
6.352360
6.350232
6.358745
6.360874
6.371516
6.383223
6.391737
6.392800
6.406635
6.414085
6.423663
6.433241
6.448140
6.460911
6.484324
6.497095
6.514122
6.520507
6.537535
6.557755
6.551370
6.550306
6.537535
6.531150
6.511994
6.498159
6.458783
6.450269
6.441755
6.435369
6.436434
6.423663
6.428984
6.438562
6.455590
6.451333
6.461975
6.466232
6.471553
6.467296
6.454525
6.448140
6.432177
6.440691
6.424727
6.433241
6.442819
6.437498
6.473681
6.482195
6.503480
6.504544
6.525829
6.535407
6.538599
6.544985
6.568398
6.577976
6.584361
6.587554
6.580104
6.599260
6.600325
6.609902
6.614159
6.615223
6.601388
6.581168
6.553498
6.506672
6.432177
6.394929
6.360874
6.333204
6.315112
6.308727
6.311919
6.310855
6.316176
6.325754
6.324690
6.326818
6.322562
6.322562
6.310855
6.288507
6.272543
6.250195
6.229974
6.208690
6.192726
6.176763
6.136322
6.117166
6.108653
6.105460
6.103331
6.096946
6.101203
6.100139
6.121423
6.145900
6.154414
6.179955
6.191662
6.210818
6.212946
6.225717
6.232102
6.231038
6.232102
6.224653
6.214011
6.198047
6.129937
6.104395
6.052248
6.021386
5.978817
5.945826
5.908578
5.856431
5.854302
5.853239
5.871330
5.879844
5.900064
5.921349
5.952211
6.012872
6.040542
6.067148
6.088432
6.105460
6.122488
6.128873
6.128873
6.127809
6.123551
6.118230
6.113974
6.108653
6.094818
6.093753
6.090560
6.089496
6.086304
6.083111
6.077790
6.083111
6.090560
6.110781
6.118230
6.136322
6.156542
6.170377
6.182084
6.200176
6.237423
6.259772
6.283185
6.307662
6.328947
6.350232
6.364067
6.392800
6.405571
6.418342
6.426856
6.444948
6.457718
6.473681
6.481131
6.483260
6.492837
6.488581
6.496030
6.496030
6.492837
6.491774
6.501351
6.497095
6.503480
6.505609
6.508801
6.511994
6.510930
6.509865
6.505609
6.506672
6.483260
6.468360
6.441755
6.421535
6.363002
6.336397
6.300213
6.277864
6.248066
6.235295
6.210818
6.207625
6.194855
6.187405
6.178891
6.177827
6.176763
6.171442
6.169313
6.150157
6.148029
6.143772
6.146965
6.142708
6.146965
6.157607
6.177827
6.195919
6.221460
6.239552
6.259772
6.284249
6.304470
6.323626
6.365130
6.377902
6.378965
6.381094
6.378965
6.367259
6.345974
6.286378
6.245937
6.204432
6.160800
6.107588
6.065019
6.030964
6.237423
5.935184
5.917092
5.899000
5.878780
5.861752
5.842596
5.835146
5.811734
5.790449
5.767036
5.759586
5.753201
5.762779
5.778743
5.786192
5.776614
5.774486
5.780871
5.784064
5.772357
5.759586
5.752137
5.753201
5.750009
5.740430
5.738302
5.743623
5.751073
5.751073
5.767036
5.779807
5.784064
5.790449
5.798963
5.800027
5.804284
5.804284
5.802155
5.800027
5.803220
5.798963
5.806412
5.808541
5.819183
5.826632
5.829825
5.835146
5.836211
5.840467
5.842596
5.852174
5.859624
5.863881
5.870266
5.879844
5.894743
5.893679
5.903257
5.924541
5.939441
5.947954
5.953276
5.966046
5.983074
6.002230
6.027771
6.038414
6.063955
6.079918
6.106524
6.110781
6.126744
6.149093
6.163992
6.173570
6.188469
6.201240
6.218267
6.212946
6.214011
6.214011
6.219332
6.222525
6.231038
6.218267
6.221460
6.210818
6.195919
6.194855
6.192726
6.198047
6.200176
6.205497
6.214011
6.256580
6.268286
6.302341
6.315112
6.353424
6.370452
6.401314
6.425791
6.450269
6.453461
6.463039
6.463039
6.461975
6.457718
6.463039
6.472617
6.475810
6.475810
6.472617
6.491774
6.499223
6.509865
6.521572
6.534342
6.549242
6.552434
6.553498
6.550306
6.548177
6.538599
6.509865
6.487516
6.474746
6.455590
6.436434
6.405571
6.387479
6.367259
6.355553
6.347039
6.335332
6.337461
6.326818
6.326818
6.305534
6.294892
6.282121
6.278928
6.277864
6.277864
6.298084
6.341718
6.356617
6.374709
6.387479
6.401314
6.415149
6.423663
6.438562
6.463039
6.457718
6.471553
6.469425
6.479003
6.485388
6.494966
6.510930
6.521572
6.525829
6.535407
6.538599
6.536471
6.534342
6.526893
6.519444
6.518379
6.511994
6.517315
6.520507
6.529021
6.541792
6.564141
6.576911
6.587554
6.598196
6.612031
6.627994
6.647151
6.684398
6.693976
6.704618
6.715261
6.724839
6.732288
6.746123
6.778050
6.792949
6.811041
6.818491
6.834454
6.848289
6.866381
6.874895
6.901500
6.921721
6.932363
6.950455
6.960032
6.978124
6.990895
7.017501
7.024950
7.028143
7.038785
7.040914
7.054749
7.048363
7.026014
7.008987
6.991959
6.971739
6.951519
6.927042
6.907886
6.894051
6.863188
6.845096
6.845096
6.839775
6.840839
6.832325
6.829133
6.824876
6.807848
6.803591
6.788692
6.781243
6.772729
6.768472
6.753573
6.739738
6.739738
6.728032
6.731224
6.720582
6.724839
6.718453
6.706747
6.704618
6.693976
6.695040
6.684398
6.690784
6.683334
6.673756
6.679077
6.673756
6.675884
6.679077
6.686527
6.693976
6.718453
6.731224
6.740802
6.753573
6.759958
6.771665
6.780179
6.788692
6.786564
6.775921
6.774858
6.765279
6.753573
6.732288
6.714197
6.664178
6.635444
6.602453
6.570526
6.533278
6.500287
6.470489
6.411957
6.389608
6.377902
6.358745
6.349167
6.333204
6.331076
6.331076
6.330011
6.333204
6.332139
6.325754
6.323626
6.324690
6.315112
6.302341
6.298084
6.297020
6.298084
6.301277
6.307662
6.316176
6.336397
6.354488
6.368323
6.387479
6.408764
6.435369
6.452397
6.488581
6.510930
6.525829
6.551370
6.569462
6.599260
6.616288
6.643958
6.684398
6.705683
6.728032
6.735481
6.741866
6.745059
6.756765
6.765279
6.752509
6.742930
6.738674
6.735481
6.720582
6.708875
6.678013
6.657793
6.647151
6.635444
6.619481
6.602453
6.580104
6.809977
6.517315
6.509865
6.501351
6.483260
6.467296
6.453461
6.452397
6.431113
6.421535
6.401314
6.392800
6.381094
6.367259
6.365130
6.339589
6.320433
6.309791
6.290635
6.279993
6.266158
6.254451
6.242745
6.236360
6.228910
6.225717
6.231038
6.234231
6.241681
6.242745
6.265093
6.283185
6.291699
6.308727
6.322562
6.342782
6.343846
6.374709
6.383223
6.394929
6.405571
6.409828
6.422599
6.434305
6.472617
6.488581
6.497095
6.494966
6.502416
6.490709
6.459846
6.432177
6.409828
6.391737
6.384287
6.358745
6.349167
6.348103
6.342782
6.314048
6.291699
6.282121
6.271479
6.262965
6.237423
6.221460
6.170377
6.150157
6.122488
6.107588
6.093753
6.080983
6.069276
6.051184
6.026707
6.011808
5.985202
5.963918
5.934119
5.908578
5.884101
5.847917
5.828761
5.822376
5.806412
5.806412
5.800027
5.791513
5.785128
5.783000
5.784064
5.786192
5.798963
5.802155
5.811734
5.825569
5.829825
5.841532
5.853239
5.867073
5.880908
5.893679
5.912835
5.923477
5.916028
5.906450
5.891551
5.897936
5.883037
5.868137
5.827697
5.817055
5.794706
5.771293
5.745751
5.735109
5.718082
5.682962
5.664870
5.651036
5.629751
5.609531
5.587182
5.566962
5.546741
5.502044
5.476502
5.462668
5.442448
5.417970
5.389236
5.373273
5.339218
5.325383
5.305162
5.306227
5.295584
5.297713
5.293456
5.303034
5.315804
5.320062
5.333897
5.334960
5.340282
5.347732
5.356245
5.380723
5.396686
5.411585
5.432869
5.447769
5.467989
5.482888
5.516943
5.531842
5.548870
5.565897
5.586118
5.602081
5.618044
5.648907
5.670192
5.684027
5.693604
5.702118
5.712760
5.720210
5.456282
5.727660
5.725531
5.731917
5.730853
5.730853
5.715953
5.719146
5.706375
5.697862
5.680834
5.675513
5.670192
5.653164
5.642522
5.626558
5.627623
5.636137
5.644650
5.665935
5.679770
5.695733
5.456282
5.745751
5.752137
5.759586
5.774486
5.786192
5.795770
5.800027
5.811734
5.822376
5.844725
5.861752
5.883037
5.902193
5.920285
5.950083
5.971367
5.985202
6.004358
6.015000
6.033092
6.042670
6.071404
6.090560
6.102267
6.119295
6.134194
6.149093
6.154414
6.162928
6.183148
6.199111
6.207625
6.209754
6.214011
6.212946
6.209754
6.191662
6.188469
6.179955
6.168249
6.162928
6.158671
6.153350
6.152286
6.155478
6.159735
6.171442
6.177827
6.194855
6.199111
6.219332
6.253387
6.262965
6.289571
6.312984
6.337461
6.364067
6.389608
6.436434
6.465168
6.488581
6.497095
6.496030
6.475810
6.454525
6.400250
6.350232
6.297020
6.253387
6.222525
6.193790
6.157607
6.100139
6.098010
6.086304
6.088432
6.082047
6.086304
6.084175
6.085239
6.069276
6.053313
6.026707
6.012872
5.991588
5.966046
5.943697
5.908578
5.889422
5.878780
5.862816
5.851110
5.834082
5.822376
5.805348
5.796834
5.786192
5.794706
5.787256
5.797899
5.804284
5.811734
5.850046
5.866009
5.881972
5.888358
5.904321
5.910707
5.919220
5.926670
5.925606
5.914963
5.919220
5.923477
5.922413
5.910707
5.871330
5.853239
5.835146
5.819183
5.817055
5.806412
5.819183
5.824504
5.852174
5.867073
5.873458
5.883037
5.897936
5.900064
5.896872
5.886230
5.885165
5.878780
5.877716
5.874523
5.876651
5.891551
5.918156
5.942633
5.976688
5.997973
6.035221
6.067148
6.102267
6.127809
6.174634
6.190598
6.217203
6.238488
6.260837
6.269351
6.289571
6.335332
6.343846
6.350232
6.349167
6.359809
6.369388
6.371516
6.364067
6.373644
6.373644
6.390672
6.389608
6.392800
6.395993
6.436434
6.458783
6.481131
6.501351
6.533278
6.565205
6.601388
6.623737
6.674820
6.720582
6.751444
6.781243
6.794014
6.824876
6.847225
6.863188
6.865316
6.870637
6.872766
6.871702
6.869574
6.868509
6.846160
6.829133
6.794014
6.774858
6.755701
6.737609
6.720582
6.703554
6.685462
6.672692
6.671628
6.667371
6.667371
6.669499
6.672692
6.682270
6.676949
6.675884
6.674820
6.667371
6.638637
6.623737
6.583297
6.556691
6.535407
6.509865
6.485388
6.461975
6.449204
6.432177
6.399186
6.384287
6.377902
6.368323
6.365130
6.360874
6.368323
6.357681
6.350232
6.349167
6.340653
6.337461
6.326818
6.321497
6.302341
6.287442
6.283185
6.275736
6.269351
6.254451
6.247002
6.235295
6.202304
6.191662
6.168249
6.155478
6.132065
6.121423
6.106524
6.106524
6.109716
6.117166
6.123551
6.123551
6.127809
6.125680
6.131001
6.139515
6.133130
6.134194
6.125680
6.122488
6.121423
6.112909
6.113974
6.107588
6.107588
6.109716
6.100139
6.093753
6.074597
6.045863
6.028835
6.001166
5.980946
5.970303
5.969239
5.968174
5.967111
5.967111
5.969239
5.970303
5.967111
5.970303
5.974560
5.992652
6.008615
6.021386
6.042670
6.053313
6.072469
6.089496
6.103331
6.142708
6.165056
6.192726
6.215075
6.248066
6.272543
6.305534
6.367259
6.401314
6.438562
6.474746
6.507737
6.538599
6.566269
6.635444
6.666306
6.703554
6.726967
6.753573
6.771665
6.813169
6.832325
6.828069
6.833390
6.822747
6.798270
6.775921
6.747188
6.724839
6.666306
6.633316
6.608838
6.583297
6.568398
6.549242
6.529021
6.503480
6.491774
6.487516
6.476874
6.476874
6.474746
6.477939
6.486452
6.498159
6.505609
6.510930
6.516251
6.522636
6.527957
6.520507
6.503480
6.482195
6.460911
6.449204
6.443883
6.444948
6.447076
6.475810
6.500287
6.514122
6.537535
6.552434
6.583297
6.608838
6.682270
6.721646
6.766344
6.814234
6.840839
6.867445
6.882344
6.889794
6.863188
6.828069
6.778050
6.731224
6.678013
6.629058
6.572655
6.471553
6.436434
6.402379
6.369388
6.342782
6.332139
6.318305
6.314048
6.318305
6.314048
6.318305
6.320433
6.326818
6.326818
6.338525
6.335332
6.323626
6.312984
6.291699
6.261901
6.224653
6.187405
6.112909
6.073533
6.033092
6.008615
5.995844
5.977753
5.962853
5.955404
5.952211
5.955404
5.960725
5.966046
5.984138
5.994780
6.009679
6.033092
6.038414
6.060762
6.073533
6.091625
6.105460
6.131001
6.173570
6.185277
6.198047
6.215075
6.220396
6.236360
6.241681
6.260837
6.261901
6.260837
6.256580
6.260837
6.271479
6.287442
6.310855
6.321497
6.334268
6.340653
6.350232
6.356617
6.367259
6.374709
6.360874
6.351296
6.335332
6.324690
6.305534
6.275736
6.259772
6.217203
6.192726
6.169313
6.153350
6.148029
6.137386
6.132065
6.124616
6.131001
6.136322
6.141644
6.149093
6.153350
6.162928
6.169313
6.182084
6.193790
6.201240
6.224653
6.232102
6.243809
6.253387
6.271479
6.281057
6.288507
6.302341
6.307662
6.330011
6.335332
6.365130
6.395993
6.424727
6.451333
6.480067
6.503480
6.541792
6.582232
6.653536
6.699297
6.731224
6.762086
6.782307
6.801463
6.800399
6.775921
6.762086
6.730160
6.684398
6.640765
6.589682
6.537535
6.434305
6.410892
6.382158
6.367259
6.358745
6.349167
6.350232
6.353424
6.359809
6.364067
6.371516
6.372580
6.375773
6.370452
6.360874
6.335332
6.320433
6.307662
6.298084
6.292763
6.288507
6.279993
6.252323
6.235295
6.219332
6.202304
6.181020
6.163992
6.155478
6.146965
6.142708
6.148029
6.153350
6.177827
6.182084
6.210818
6.226781
6.272543
6.285314
6.302341
6.318305
6.336397
6.351296
6.374709
6.394929
6.393865
6.395993
6.391737
6.394929
6.392800
6.401314
6.390672
6.376837
6.381094
6.374709
6.377902
6.375773
6.376837
6.382158
6.402379
6.414085
6.425791
6.431113
6.444948
6.448140
6.454525
6.467296
6.474746
6.490709
6.500287
6.513058
6.525829
6.543921
6.560948
6.563076
6.558820
6.553498
6.546049
6.532214
6.518379
6.511994
6.502416
6.504544
6.511994
6.522636
6.537535
6.554563
6.571590
6.606710
6.625866
6.638637
6.650343
6.657793
6.675884
6.682270
6.693976
6.697169
6.705683
6.713132
6.715261
6.708875
6.715261
6.722710
6.715261
6.707811
6.706747
6.705683
6.700362
6.702490
6.692912
6.688655
6.691848
6.676949
6.667371
6.655664
6.639701
6.635444
6.623737
6.624802
6.631187
6.638637
6.647151
6.656728
6.668435
6.689719
6.709939
6.725903
6.745059
6.758894
6.778050
6.800399
6.814234
6.846160
6.862124
6.881280
6.883408
6.880216
6.868509
6.852546
6.803591
6.776986
6.747188
6.721646
6.687591
6.664178
6.639701
6.606710
6.598196
6.596067
6.592875
6.592875
6.596067
6.600325
6.606710
6.614159
6.608838
6.604581
6.604581
6.596067
6.596067
6.591811
6.603517
6.601388
6.604581
6.606710
6.607774
6.608838
6.612031
6.617352
6.627994
6.631187
6.638637
6.637572
6.639701
6.640765
6.640765
6.626930
6.631187
6.623737
6.624802
6.614159
6.605646
6.595003
6.565205
6.557755
6.562012
6.551370
6.536471
6.516251
6.511994
6.507737
6.505609
6.502416
6.504544
6.507737
6.510930
6.509865
6.511994
6.530086
6.533278
6.529021
6.516251
6.506672
6.499223
6.492837
6.473681
6.463039
6.453461
6.435369
6.423663
6.408764
6.405571
6.407700
6.406635
6.400250
6.415149
6.411957
6.427920
6.426856
6.433241
6.439626
6.441755
6.446012
6.450269
6.463039
6.470489
6.486452
6.508801
6.516251
6.518379
6.515186
6.509865
6.511994
6.505609
6.483260
6.466232
6.457718
6.444948
6.433241
6.417278
6.394929
6.354488
6.342782
6.318305
6.306598
6.300213
6.287442
6.279993
6.269351
6.238488
6.224653
6.202304
6.184212
6.157607
6.142708
6.110781
6.065019
6.038414
6.017129
6.003294
5.994780
5.985202
5.983074
5.959661
5.945826
5.943697
5.937312
5.940505
5.938376
5.941569
5.941569
5.943697
5.941569
5.951147
0.000000
