0.027670
0.031927
0.025541
0.032991
0.152184
0.232001
0.324589
0.401213
0.477837
0.543819
0.658755
0.708774
0.757728
0.807747
0.844995
0.873729
0.905656
0.957803
0.983344
1.007821
1.030170
1.047198
1.069546
1.087638
1.109987
1.156813
1.177033
1.184483
1.181290
1.196189
1.207896
1.211088
1.207896
1.223859
1.252593
1.285584
1.319639
1.356887
1.401585
1.510136
1.563347
1.617622
1.680411
1.746393
1.825146
1.892192
1.972009
2.125258
2.177405
2.252965
2.332782
2.404085
2.493479
2.571168
2.757407
2.846802
2.956418
3.064968
3.171391
3.266107
3.364016
3.553448
3.650292
3.735430
3.793963
3.888679
3.953596
4.022771
3.857816
4.180276
4.223910
4.259029
4.284571
4.312240
4.313304
4.307983
4.307983
4.318625
4.323947
4.345232
4.382479
4.422920
4.475067
4.610223
4.700683
4.795399
4.891179
4.982702
5.073161
5.164685
5.367952
5.474374
5.572283
5.663806
5.754265
5.836211
5.919220
5.990523
6.128873
6.194855
6.258708
6.321497
6.392800
6.464104
6.544985
6.714197
6.811041
6.900436
7.003666
7.097318
7.207997
7.302713
7.504916
7.594311
7.691155
7.778422
7.885909
7.981688
8.077469
8.154093
8.329690
8.435048
8.567013
8.679820
8.722389
8.747931
8.741546
8.656407
8.584040
8.542536
8.491452
8.459526
8.414828
8.394608
8.352039
8.343525
8.360553
8.391416
8.419086
8.488260
8.565948
8.645765
8.809656
8.887344
8.959712
9.041656
9.096996
9.160851
9.209805
9.361989
9.434356
9.517365
9.590797
9.672743
9.746174
9.808963
9.954762
10.022873
10.104817
10.189956
10.277223
10.375131
10.468782
10.423021
10.804014
10.949813
11.062620
11.206291
11.329741
11.463834
11.607504
11.919322
12.053414
12.197084
12.315213
12.440792
12.523802
12.616389
12.747289
12.809014
12.856904
12.885638
12.919693
12.982483
13.031437
13.155951
13.211291
13.270887
13.307072
13.340062
13.384760
13.414558
13.449677
13.523109
13.551843
13.567806
13.608247
13.615697
13.657202
13.671037
13.787037
13.878560
13.928578
13.997753
14.047772
14.103111
14.175479
14.295736
14.340434
14.420251
14.486233
14.542637
14.611812
14.671408
14.772510
14.912987
14.972584
15.023666
15.081135
15.114125
15.172658
15.205649
15.291851
15.314200
15.347191
15.359962
15.417430
15.444036
15.506824
15.659009
15.766496
15.851634
15.912294
15.927194
15.928258
15.955928
15.991047
15.962313
15.901652
15.868661
15.793101
15.752661
15.690936
15.631339
15.556844
15.536623
15.550458
15.565357
15.605798
15.643045
15.683486
15.778202
15.833542
15.881432
15.952735
16.011267
16.065542
16.123011
16.301802
16.465693
16.685986
16.858391
16.876482
16.842428
16.817949
16.754097
16.633839
16.574242
16.495489
16.448664
16.402903
16.332663
16.269875
16.163452
16.133654
16.136847
16.153873
16.170900
16.218792
16.269875
16.100662
16.431637
16.501875
16.558279
16.613619
16.647675
16.691307
16.724298
16.797729
16.867970
16.979712
17.194685
17.449036
17.596962
17.542688
17.423494
17.330906
17.204264
17.090391
16.960556
16.822206
16.728556
16.828592
16.464628
16.441214
16.394388
16.396517
16.369911
16.385874
16.407160
16.477398
16.518904
16.555086
16.628517
16.696629
16.793472
16.893511
17.069107
17.099970
17.148924
17.219164
17.307493
17.375605
17.350063
17.238319
17.135090
17.025475
16.935015
16.853069
16.744518
16.694500
16.628517
16.606169
16.642353
16.663637
16.721106
16.768995
16.841364
16.887125
16.963749
16.992483
17.010574
17.018024
17.010574
16.974392
16.914795
16.794537
16.732813
16.726427
16.726427
16.743454
16.766867
16.812630
16.627453
16.909473
16.932886
16.944593
16.962685
16.961620
16.986097
16.991419
17.081879
17.201071
17.333035
17.359640
17.321329
17.255346
17.206392
17.072300
17.007381
16.961620
16.938208
16.932886
16.921181
16.904152
16.880739
16.898830
16.925436
16.919052
16.876482
16.810501
16.749840
16.694500
16.634903
16.611490
16.597656
16.578499
16.577435
16.558279
16.551893
16.546574
16.561472
16.543381
16.556150
16.558279
16.549765
16.561472
16.581692
16.577435
16.612555
16.660444
16.715784
16.774317
16.830721
16.921181
17.058464
17.119125
17.188301
17.265989
17.325586
17.425623
17.485220
17.650175
17.732119
17.748083
17.766174
17.740633
17.644854
17.515018
17.241512
17.088263
16.947786
16.826464
16.727491
16.632774
16.560408
16.483784
16.473141
16.449728
16.446535
16.444407
16.462500
16.489105
16.526352
16.582756
16.614683
16.623198
16.647675
16.674280
16.681728
16.708334
16.740261
16.755161
16.811565
16.879675
16.987162
17.109549
17.276630
17.422430
17.007381
16.853069
16.673216
16.522095
16.372040
16.239012
16.152809
16.026167
16.010202
16.034681
16.050644
16.091084
16.119818
16.183672
16.320957
16.379490
16.459307
16.522095
16.587013
16.595528
16.671087
16.732813
16.761547
16.797729
16.795601
16.807308
16.764738
16.726427
16.687050
16.536995
16.450792
16.346498
16.249655
16.165581
16.080442
16.007011
15.908037
15.880367
15.847377
15.834606
15.849505
15.880367
15.909101
15.962313
15.980405
15.983598
15.999561
15.962313
15.938900
15.864405
15.784588
15.555779
15.412108
15.293980
15.190750
15.117318
15.055593
15.008767
15.011960
15.034308
15.065171
15.103483
15.131153
15.152438
15.167336
15.224805
15.252475
15.270567
15.285466
15.282273
15.269503
15.246090
15.205649
15.189686
15.163080
15.141795
15.133282
15.104548
15.083263
15.066236
15.042823
15.039630
15.022602
15.021538
15.005574
14.989612
14.966198
14.943850
14.947042
14.945978
14.952363
14.977905
14.988547
14.983226
14.963006
14.963006
14.963006
14.915115
14.869354
14.810822
14.750160
14.699078
14.634160
14.616068
14.613940
14.607554
14.611812
14.625647
14.645866
14.702271
14.721427
14.746968
14.759739
14.796987
14.842749
14.916180
14.774638
15.116254
15.175851
15.237576
15.312072
15.369539
15.413173
15.440843
15.437650
15.411044
15.364219
15.302493
15.206714
15.120511
15.035373
14.865097
14.799115
14.741647
14.710784
14.677794
14.651188
14.630967
14.619261
14.626711
14.633096
14.644802
14.654381
14.673536
14.693757
14.741647
14.810822
14.847005
14.870418
14.919373
14.957685
14.983226
14.999189
14.954492
14.916180
14.853391
14.765059
14.667151
14.561792
14.445792
14.222305
14.099919
14.013717
13.922194
13.863661
13.844505
13.853019
13.638045
13.950928
13.993497
14.046708
14.087149
14.121203
14.161644
14.190378
14.275517
14.339370
14.425572
14.551150
14.658637
14.751225
14.763995
14.646931
14.547957
14.434086
14.339370
14.256360
14.162708
14.046708
13.920065
13.882817
13.867918
13.812578
13.831735
13.825349
13.862597
13.899845
14.024359
14.091405
14.143552
14.214855
14.268066
14.338305
14.383003
14.419187
14.385132
14.369168
14.328728
14.286159
14.224433
14.188250
14.107368
14.062671
14.044580
14.035002
14.033937
14.037129
14.040322
14.055222
14.089277
14.125461
14.147809
14.186121
14.228690
14.264874
14.318086
14.456434
14.521352
14.590527
14.661830
14.717170
14.769317
14.794858
14.811886
14.811886
14.777830
14.738454
14.665023
14.611812
14.527738
14.460691
14.320213
14.262746
14.203149
14.165901
14.143552
14.126525
14.123332
14.149938
14.160580
14.173350
14.198892
14.226562
14.285094
14.332984
14.415994
14.453241
14.503261
14.527738
14.530931
14.522416
14.505389
14.441535
14.391517
14.342563
14.298929
14.252103
14.211662
14.148873
14.107368
14.022230
14.007332
13.977533
13.972212
13.971148
13.976469
13.984982
13.996689
13.999882
14.027552
14.060543
14.098855
14.130781
14.159515
14.219112
14.226562
14.247847
14.281901
14.318086
14.360654
14.408545
14.479848
14.703335
14.837427
14.994932
15.119447
15.245026
15.382310
15.532366
15.597284
15.545136
15.487669
15.379118
15.290787
15.204585
15.108805
15.206714
14.852326
14.757610
14.677794
14.612876
14.562857
14.497939
14.473462
14.419187
14.411737
14.418122
14.440471
14.454306
14.473462
14.509645
14.585206
14.606490
14.637353
14.659701
14.726748
14.818271
14.985354
15.304622
15.320585
15.232255
15.114125
14.957685
14.808693
14.667151
14.458563
14.387259
14.356398
14.342563
14.355333
14.391517
14.436214
14.503261
14.646931
14.691628
14.763995
14.801244
14.859776
14.910858
15.014089
15.196071
15.268438
15.388696
15.466384
15.599412
15.617504
15.659009
15.595156
15.532366
15.462128
15.381247
15.276952
15.171594
15.026859
14.925757
14.665023
14.571371
14.480911
14.433022
14.364911
14.362782
14.328728
14.385132
14.437279
14.481976
14.535187
14.603297
14.669279
14.729940
14.803371
14.828914
14.844876
14.847005
14.844876
14.820399
14.800179
14.756546
14.672472
14.621389
14.618196
14.628839
14.669279
14.705463
14.782087
14.925757
14.977905
15.024731
15.050272
15.091777
15.133282
15.155630
15.251410
15.369539
15.539816
15.715413
15.773945
15.754789
15.746275
15.694128
15.533430
15.474898
15.390824
15.318457
15.229062
15.135410
15.041759
14.877868
14.826785
14.785280
14.749097
14.762931
14.768252
14.804436
14.884253
14.951299
15.008767
15.073685
15.132217
15.191814
15.253539
15.291851
15.372732
15.373796
15.389760
15.371668
15.365283
15.347191
15.333356
15.304622
15.287595
15.274823
15.255668
15.238640
15.237576
15.236511
15.233319
15.246090
15.280145
15.337613
15.380182
15.447228
15.518531
15.683486
15.770753
15.851634
15.932515
15.974020
16.019781
16.045322
16.044258
15.991047
15.927194
15.853762
15.764367
15.672844
15.573871
15.458935
15.250346
15.179044
15.076878
15.004511
14.953427
14.912987
14.892767
14.898088
14.916180
14.966198
14.998125
15.039630
15.075813
15.101355
15.141795
15.181171
15.187557
15.223741
15.241833
15.273760
15.315264
15.349319
15.450420
15.483412
15.530237
15.562164
15.590899
15.596220
15.600476
15.796294
15.439778
15.338677
15.222676
15.088584
14.944914
14.800179
14.701206
14.604362
14.597977
14.632031
14.665023
14.717170
14.751225
14.767188
14.789537
14.805500
14.829978
14.868290
14.959813
15.071557
15.240768
15.362090
15.316328
15.290787
15.223741
15.147117
15.063043
14.984290
14.933208
14.820399
14.775702
14.720363
14.652252
14.570307
14.516031
14.453241
14.345755
14.318086
14.295736
14.313828
14.313828
14.348948
14.381939
14.485168
14.529866
14.584142
14.641609
14.684178
14.732069
14.777830
14.876803
14.933208
14.949171
14.969391
14.982162
15.006639
14.973648
14.938528
14.878932
14.843812
14.814014
14.816143
14.842749
14.875739
14.939592
15.104548
15.199264
15.291851
15.367412
15.427008
15.479155
15.561100
15.737761
15.866533
15.997433
16.050644
16.071928
16.093212
16.092148
16.060223
15.988918
15.952735
15.933579
15.903781
15.896331
15.886753
15.904845
15.961248
16.008076
16.052773
16.104919
16.150681
16.195379
16.250717
16.113434
16.460371
16.542316
16.615747
16.699821
16.739197
16.789215
16.774317
16.749840
16.731749
16.721106
16.705143
16.713655
16.691307
16.693436
16.693436
16.693436
16.698757
16.709398
16.740261
16.790279
16.871161
17.066978
17.173401
17.289402
17.377733
17.482027
17.554394
17.643789
17.715092
17.921551
18.046066
18.188673
18.370655
18.554766
18.699501
18.736748
18.754839
18.733555
18.693115
18.662252
18.626068
18.580307
18.536674
18.448343
18.394068
18.306801
18.234434
18.168451
18.112047
18.063093
18.019461
18.019461
18.025846
18.050323
18.093956
18.150360
18.215279
18.254654
18.362141
18.438765
18.486654
18.551573
18.564344
18.586693
18.565409
18.474949
18.447279
18.400454
18.402582
18.419609
18.477077
18.544123
18.706949
18.742069
18.836784
18.891060
19.001740
19.061337
19.174145
19.310366
19.527468
19.597706
19.697742
19.758404
19.823322
19.824387
19.811615
19.772240
19.683908
19.555138
19.409338
19.231613
19.036860
18.901703
19.035795
18.722914
18.739941
18.760160
18.810179
18.851685
18.914474
18.975134
19.127319
19.179466
19.248640
19.317816
19.402952
19.482769
19.600899
19.842478
19.943579
20.041489
20.163874
20.261784
20.233049
20.176645
20.050001
19.974442
19.922295
19.864826
19.831835
19.795652
19.792459
19.807358
19.821194
19.825451
19.854185
19.863762
19.904203
19.920166
19.964865
20.045746
20.094700
20.154297
20.193672
20.254333
20.309673
20.370333
20.602335
20.811987
21.006741
21.015255
21.034410
21.017382
21.020575
20.996098
20.989712
20.965235
20.948208
20.870520
20.797089
20.675766
20.558702
20.284132
20.129818
19.981892
19.856314
19.777561
19.744570
19.727541
19.783945
19.827579
19.914845
19.954222
20.013819
20.046810
20.097893
20.150040
20.188351
20.236240
20.274553
20.322443
20.344791
20.411839
20.528904
21.224907
21.370705
21.448393
21.424980
21.422852
21.254705
21.097200
20.830078
20.714079
20.662996
20.627876
20.627876
20.614040
20.634262
20.677895
20.705564
20.731106
20.757711
20.814116
20.903511
20.954594
21.032282
21.147219
21.245127
21.397310
21.493092
21.576101
21.611219
21.614412
21.472872
21.353678
21.266411
21.169567
21.073786
20.987585
20.874777
20.752390
20.743877
20.692795
20.723656
20.733234
20.759840
20.787510
20.854557
20.870520
20.894997
20.940758
21.019510
21.101456
21.177017
21.263218
21.405825
21.467550
21.511183
21.554817
21.548431
21.566523
21.537788
21.422852
21.334522
21.306852
21.280247
21.302595
21.293016
21.294081
21.288759
21.286631
21.308981
21.273861
21.320686
21.318558
21.367512
21.355806
21.364321
21.393055
21.439880
21.515440
21.549496
21.606964
21.621862
21.835772
22.129498
22.403004
22.539225
22.559444
22.510490
22.291260
22.006048
21.436687
21.158924
20.919474
20.735363
20.564022
20.487398
20.412903
20.382040
20.370333
20.385233
20.379911
20.394812
20.379911
20.407581
20.400131
20.409710
20.413967
20.430994
20.468243
20.527840
20.697050
20.942886
21.461164
21.594193
21.666559
21.695293
21.598450
21.499477
21.346228
21.085493
20.975878
20.945015
20.889675
20.876905
20.846043
20.864134
20.883289
20.883289
20.908831
20.941822
21.005676
21.091879
21.191916
21.345163
21.418596
21.487770
21.502668
21.457972
21.368576
21.299402
21.090815
21.000355
20.887547
20.770483
20.605528
20.477821
20.302223
20.151104
19.893560
19.747763
19.665817
19.607285
19.590256
19.568972
19.594513
19.665817
19.711578
19.762661
19.820129
19.858442
19.936131
19.971249
20.047873
20.121305
20.284132
20.468243
20.621490
20.693857
20.620426
20.608721
20.458664
20.402260
20.406517
20.366077
20.339472
20.330957
20.333086
20.396940
20.443766
20.485270
20.537416
20.548059
20.581051
20.620426
20.463985
20.809858
20.896061
20.964170
21.017382
21.064209
21.154667
21.198301
21.113163
21.021639
20.903511
20.742813
20.569344
20.352242
20.097893
19.690294
19.542366
19.402952
19.315687
19.251833
19.237999
19.224163
19.243319
19.290146
19.292274
19.335907
19.359320
19.402952
19.452972
19.504055
19.589193
19.634954
19.707321
19.841413
20.011690
20.236240
20.358627
20.449087
20.436316
20.362885
20.206444
20.082993
19.936131
19.814808
19.648788
19.591320
19.578550
19.575357
19.586000
19.608349
19.640276
19.750954
19.803102
19.840349
19.865891
19.912716
19.926552
19.968056
19.988277
20.028717
20.040424
20.036167
20.051065
20.053194
20.146847
20.362885
20.763033
20.864134
20.995033
21.056759
21.008869
20.881163
20.674702
20.678959
19.883984
19.643467
19.465742
19.300787
19.207136
19.143282
19.119869
19.099649
19.123062
19.161373
19.179466
19.211393
19.241190
19.282696
19.366770
19.435944
19.440201
19.504055
19.542366
19.638147
19.690294
19.861633
19.890368
19.874405
19.886110
19.885048
19.877598
19.886110
19.874405
19.891432
19.911654
19.926552
19.979763
20.001047
20.041489
20.073416
20.170259
20.224535
20.258591
20.308609
20.339472
20.398003
20.445894
20.532095
20.612976
20.689602
20.768354
20.839657
20.946079
21.037603
21.204687
21.277054
21.311110
21.307917
21.265347
21.198301
21.122742
21.015255
20.716208
20.539545
20.308609
20.117048
19.915909
19.732862
19.594513
19.399761
19.357191
19.347612
19.351870
19.381668
19.374218
19.379539
19.394440
19.394440
19.421045
19.421045
19.429558
19.461485
19.457228
19.460421
19.483833
19.539173
19.528532
19.680716
19.890368
20.253269
20.542738
20.561893
20.380976
20.150040
19.860569
19.582808
19.290146
19.047503
18.963428
18.561152
18.517517
18.468563
18.478142
18.470692
18.533482
18.559023
18.630325
18.664381
18.689922
18.710142
18.736748
18.765482
18.782509
18.837849
18.882547
18.928308
18.947464
18.991098
19.013447
19.049631
19.163502
19.296530
19.605156
20.064901
20.443766
20.533159
20.457600
20.420353
20.145782
20.007433
19.859505
19.719028
19.589193
19.462549
19.329521
19.156054
19.108162
19.056015
19.037924
19.012383
19.023026
19.031538
19.082621
19.123062
19.161373
19.201815
19.243319
19.303980
19.424238
19.642405
20.008497
20.050001
20.060644
20.090443
20.095764
20.110662
20.102148
20.143654
20.185158
20.226664
20.277746
20.335215
20.389490
20.474628
20.590628
20.603399
20.611914
20.618298
20.639582
20.652353
20.619362
20.439508
20.323507
20.191544
20.082993
19.992535
19.930809
19.882919
19.860569
19.810551
19.780752
19.778624
19.783945
19.803102
19.792459
19.849928
19.940386
19.939323
19.980827
20.020203
20.067030
20.143654
20.194736
20.357563
20.426737
20.432058
20.405453
20.362885
20.249012
20.111727
19.937195
19.677523
19.625376
19.572165
19.594513
19.593449
19.650917
19.696680
19.825451
19.864826
19.892496
19.896753
19.908461
19.922295
19.963800
19.985085
19.982956
19.996790
19.981892
19.998919
20.048937
20.166002
20.438444
20.733234
20.584244
20.469307
20.306480
20.185158
20.064901
19.951029
19.712643
19.607285
19.546623
19.478514
19.400826
19.374218
19.327393
19.328457
19.350805
19.367834
19.379539
19.434879
19.443394
19.493412
19.502991
19.593449
19.628569
19.653046
19.666882
19.710514
19.730734
19.702000
19.675394
19.683908
19.683908
19.729670
19.779688
19.859505
19.909525
20.043617
20.095764
20.146847
20.213892
20.272425
20.303288
20.345856
20.400131
20.410774
20.445894
20.454407
20.517197
20.541674
20.588499
20.641710
20.813051
20.897125
20.999290
21.092943
21.173824
21.163181
21.117420
21.020575
20.909895
20.826887
20.703436
20.625748
20.474628
20.316059
19.948900
19.771175
19.592384
19.455099
19.353998
19.272053
19.229485
19.202879
19.246511
19.293337
19.331650
19.396568
19.422110
19.444458
19.491283
19.611542
19.692423
19.833963
19.941450
20.070223
20.168131
20.255398
20.360756
20.408646
20.411839
20.402260
20.296902
20.236240
20.129818
20.051065
19.878662
19.791395
19.692423
19.639212
19.584936
19.576422
19.550880
19.605156
19.636019
19.667946
19.691359
19.742441
19.764790
19.805229
19.844606
19.844606
19.831835
19.832899
19.821194
19.866955
19.960608
20.127691
20.590628
20.907768
20.985456
20.843914
20.693857
20.512939
20.314995
19.997854
19.876534
19.752018
19.676458
19.606220
19.590256
19.545559
19.541302
19.558331
19.594513
19.592384
19.614735
19.626440
19.675394
19.742441
19.754147
19.829708
19.908461
20.072351
20.193672
20.408646
20.521454
20.628941
20.620426
20.520390
20.418224
20.296902
20.172388
20.064901
19.874405
19.792459
19.787138
19.762661
19.803102
19.815872
19.894625
20.019140
20.060644
20.108534
20.115984
20.125563
20.131947
20.143654
20.142590
20.209635
20.302223
20.412903
20.536352
20.650225
20.721527
20.750261
20.864134
20.930117
21.002483
21.006741
20.924795
20.766226
20.565086
20.401196
19.920166
19.707321
19.546623
19.433815
19.353998
19.298658
19.294401
19.332714
19.345486
19.399761
19.417852
19.487026
19.516825
19.550880
19.610477
19.640276
19.684973
19.760532
19.868019
20.118113
20.341600
20.354370
20.296902
20.194736
20.077671
20.018076
19.943579
19.876534
19.841413
19.869083
19.901011
19.949965
19.985085
20.054258
20.088314
20.140461
20.221342
20.235178
20.254333
20.288389
20.382040
20.470371
20.543802
20.820501
21.009933
21.129126
21.196173
21.234484
21.323879
21.494156
21.779367
21.405825
21.254705
21.046116
20.823694
20.581051
20.386297
20.183029
19.894625
19.835028
19.730734
19.710514
19.681780
19.693487
19.696680
19.763725
19.775433
19.804167
19.849928
19.878662
19.892496
19.891432
19.990406
20.079800
20.185158
20.291580
20.312866
20.319250
20.284132
20.317122
20.503363
20.595949
20.611914
20.558702
20.486334
20.395876
20.251141
19.988277
19.918037
19.836092
19.805229
19.769047
19.804167
19.802038
19.887175
19.920166
19.951029
19.999983
20.118113
20.178774
20.243690
20.296902
20.475693
20.572536
20.687473
20.689602
20.618298
20.494848
20.405453
20.145782
20.040424
19.990406
19.945707
19.931873
19.897818
19.906332
19.949965
19.980827
20.009562
20.057451
20.130882
20.169195
20.228792
20.276682
20.299030
20.313931
20.361820
20.403324
20.479948
20.534224
20.603399
20.542738
20.407581
20.256462
20.057451
19.868019
19.651981
19.465742
19.047503
18.861263
18.712271
18.549444
18.422802
18.307865
18.220598
18.084377
18.051388
18.020525
18.008818
17.998177
17.984341
17.973700
17.963057
17.959864
17.985405
17.983276
18.004560
18.000305
18.006689
17.966249
17.851313
17.769367
17.667202
17.544815
17.404339
17.268118
17.120190
17.076557
16.655123
16.502939
16.360332
16.210278
16.063414
15.950606
15.836735
15.655816
15.594091
15.549394
15.508953
15.488733
15.475963
15.478090
15.485540
15.474898
15.429136
15.371668
15.308879
15.220548
15.135410
15.220548
14.862968
14.777830
14.690564
14.599041
14.495811
14.433022
14.358526
14.245718
14.222305
14.209535
14.171222
14.141424
14.075442
14.023294
13.911551
13.855147
13.783844
13.711477
13.606118
13.501824
13.350704
13.037823
12.889895
12.769638
12.656830
12.570627
12.496132
12.438663
12.363104
12.337563
12.298186
12.285416
12.251360
12.253489
12.222626
12.224754
12.169415
12.099175
12.048093
11.965083
11.882073
11.778844
11.681999
11.488311
11.376567
11.275466
11.170107
11.077519
10.967904
10.867867
10.688013
10.600747
10.542214
10.478361
10.440049
10.415571
10.403865
10.399609
10.398544
10.399609
10.421957
10.444305
10.447498
10.441113
10.424086
10.365553
10.332562
10.278287
10.230396
10.169736
10.109075
10.037771
9.906872
9.830248
9.763202
9.697220
9.637623
9.571641
9.514173
9.450319
9.333255
9.270465
9.230024
9.203419
9.191712
9.171493
9.143823
9.100189
9.078905
9.069326
9.049107
9.023565
8.991638
8.969290
8.942684
8.915014
8.897986
8.864996
8.842647
8.828812
8.811785
8.813912
8.825619
8.854353
8.870317
8.887344
8.901179
8.925656
8.945877
8.968225
8.963968
8.957583
8.944813
8.927785
8.922463
8.901179
8.858610
8.834133
8.822427
8.806463
8.799013
8.789435
8.791564
8.786242
8.781986
8.772408
8.769216
8.766023
8.767087
8.752188
8.742610
8.738353
8.726646
8.728775
8.713876
8.714940
8.714940
8.704297
8.686206
8.687270
8.673435
8.678756
8.673435
8.680884
8.684077
8.712811
8.718132
8.717069
8.697912
8.680884
8.651086
8.620224
8.587233
8.535086
8.504223
8.485067
8.466975
8.451012
8.441434
8.441434
8.421214
8.404186
8.385030
8.361617
8.340333
8.305213
8.276479
8.213690
8.177506
8.141322
8.104074
8.061505
8.022129
7.980624
7.942312
7.859303
7.819926
7.774165
7.741174
7.707119
7.695412
7.663486
7.642201
7.649651
7.659228
7.666678
7.674128
7.690091
7.702862
7.739045
7.761394
7.798642
7.829504
7.867816
7.905065
7.935927
7.998716
8.020000
8.040221
8.046606
8.050863
8.052992
8.037028
8.035964
8.030643
8.039157
8.040221
8.042350
8.046606
8.055120
8.059377
8.066827
8.078533
8.093432
8.098753
8.115781
8.128551
8.154093
8.205176
8.232846
8.270094
8.291378
8.317984
8.350975
8.376516
8.416957
8.482939
8.510609
8.540407
8.563820
8.590425
8.631930
8.664921
8.740481
8.783051
8.830940
8.873509
8.936298
8.991638
9.039529
9.079969
9.094868
9.103382
9.087419
9.065070
9.046978
9.012923
8.992702
8.925656
8.903308
8.879894
8.878831
8.850097
8.840518
8.829876
8.823491
8.809656
8.807528
8.808592
8.825619
8.825619
8.828812
8.839454
8.843711
8.840518
8.835197
8.827747
8.809656
8.785178
8.970354
8.651086
8.590425
8.531893
8.466975
8.416957
8.375452
8.356296
8.335011
8.350975
8.382901
8.439305
8.490388
8.557434
8.615967
8.762830
8.838390
8.895858
8.975675
9.040593
9.086354
9.112960
9.140630
9.175749
9.186392
9.186392
9.187456
9.181070
9.161914
9.139565
9.072519
9.040593
9.008666
8.977803
8.958648
8.935234
8.920335
8.925656
8.932042
8.952262
8.957583
8.989510
9.010795
9.043785
9.099125
9.133181
9.173621
9.225768
9.274722
9.330062
9.377952
9.442870
9.568448
9.623788
9.675935
9.691898
9.709991
9.705733
9.702540
9.668486
9.661036
9.648265
9.639751
9.637623
9.635494
9.638687
9.678063
9.696156
9.705733
9.696156
9.697220
9.704669
9.698284
9.698284
9.671679
9.654651
9.648265
9.626981
9.625916
9.624852
9.641880
9.658908
9.654651
9.638687
9.633366
9.616339
9.603568
9.592925
9.582283
9.588669
9.567384
9.556742
9.554613
9.566319
9.575898
9.590797
9.640816
9.663164
9.696156
9.720633
9.740852
9.768522
9.787679
9.818542
9.827055
9.832376
9.828119
9.825991
9.812156
9.799385
9.732339
9.679128
9.634430
9.580154
9.535458
9.488631
9.446062
9.383273
9.347090
9.323676
9.305585
9.299199
9.290686
9.290686
9.298135
9.321548
9.348154
9.365181
9.388595
9.414136
9.458833
9.488631
9.573770
9.621659
9.672743
9.703605
9.723825
9.716375
9.695091
9.640816
9.600375
9.562063
9.533329
9.497146
9.460961
9.436484
9.421585
9.379016
9.365181
9.373695
9.359860
9.358796
9.356668
9.358796
9.337511
9.342833
9.318356
9.314098
9.292814
9.291750
9.293879
9.283236
9.284300
9.292814
9.296007
9.300263
9.297071
9.303456
9.286428
9.300263
9.310905
9.306649
9.343897
9.374760
9.418392
9.466283
9.614210
9.687641
9.738725
9.801514
9.855789
9.907936
9.953698
10.025001
10.034579
10.032451
10.016487
9.987753
9.945184
9.889844
10.061185
9.735532
9.670614
9.624852
9.576962
9.540778
9.516301
9.496081
9.474796
9.489696
9.500338
9.525879
9.546100
9.574834
9.604632
9.687641
9.718504
9.763202
9.796192
9.847276
9.889844
9.935606
10.027129
10.048414
10.053735
10.050542
10.034579
10.006909
9.967533
9.938799
9.881330
9.850468
9.828119
9.801514
9.797256
9.784486
9.780230
9.766395
9.758945
9.758945
9.755752
9.752560
9.736596
9.720633
9.704669
9.696156
9.679128
9.646137
9.629109
9.596118
9.562063
9.525879
9.450319
9.420521
9.398172
9.377952
9.363053
9.344961
9.353475
9.372631
9.386466
9.429035
9.466283
9.522687
9.576962
9.644009
9.782357
9.861111
9.915386
9.977111
10.015423
10.062249
10.110139
10.132487
10.101625
10.072891
10.018616
9.980304
9.945184
9.918578
9.873881
9.815349
9.801514
9.811091
9.798321
9.798321
9.791936
9.804707
9.829184
9.835568
9.862174
9.881330
9.915386
9.957954
10.005845
10.073956
10.214433
10.270837
10.348525
10.413444
10.492196
10.574142
10.661407
10.775280
10.811463
10.832747
10.832747
10.816785
10.788051
10.744417
10.640123
10.569884
10.512416
10.453884
10.379388
10.312342
10.268708
10.177185
10.137809
10.104817
10.078212
10.060121
10.043093
10.037771
10.030322
10.048414
10.068634
10.073956
10.079276
10.065441
10.054799
10.039900
9.996267
9.967533
9.924964
9.891973
9.845147
9.816413
9.797256
9.802578
9.823862
9.852596
9.886652
9.933477
9.990946
10.040964
10.103754
10.193149
10.220819
10.249553
10.277223
10.295314
10.308084
10.333626
10.340012
10.330434
10.321919
10.281479
10.249553
10.211241
10.169736
10.332562
10.014359
9.964340
9.905807
9.873881
9.845147
9.819606
9.795128
9.789807
9.789807
9.803642
9.817477
9.827055
9.839826
9.866431
9.928157
9.965405
10.027129
10.083533
10.142066
10.184635
10.242103
10.322984
10.364489
10.408122
10.456012
10.494325
10.530508
10.551792
10.573077
10.554985
10.524122
10.479425
10.441113
10.405993
10.348525
10.300635
10.200598
10.149515
10.119717
10.103754
10.106946
10.101625
10.126102
10.171864
10.184635
10.216561
10.249553
10.294250
10.305957
10.312342
10.321919
10.309149
10.297442
10.270837
10.269773
10.246360
10.239974
10.225076
10.238911
10.248488
10.242103
10.245296
10.229332
10.228268
10.216561
10.204855
10.193149
10.182507
10.176121
10.170800
10.159093
10.148451
10.128231
10.109075
10.095240
10.075020
10.067570
10.045221
10.044157
10.030322
10.016487
10.038836
10.045221
10.077148
10.092047
10.137809
10.165479
10.244231
10.294250
10.347461
10.431535
10.508160
10.583719
10.644380
10.730582
10.762509
10.790179
10.804014
10.816785
10.828491
10.840198
10.827427
10.799757
10.785922
10.755059
10.730582
10.692270
10.637995
10.594361
10.490067
10.424086
10.374066
10.312342
10.260195
10.209112
10.166543
10.090982
10.063313
10.049479
10.018616
10.003716
9.996267
10.016487
10.020744
10.078212
10.125038
10.149515
10.194213
10.235718
10.299571
10.345333
10.432599
10.464526
10.510287
10.545407
10.558178
10.535829
10.523058
10.429406
10.348525
10.284672
10.208048
10.122910
10.057992
9.988817
9.880266
9.851532
9.819606
9.807899
9.801514
9.807899
9.830248
9.868560
9.935606
9.969662
10.017551
10.059056
10.105882
10.131423
10.195277
10.286800
10.361296
10.474104
10.547536
10.608196
10.619903
10.636930
10.597554
10.561371
10.534765
10.486875
10.458140
10.429406
10.402801
10.367682
10.312342
10.287865
10.264452
10.250617
10.226139
10.204855
10.188891
10.138873
10.123974
10.106946
10.057992
10.014359
9.973918
9.953698
9.877073
9.828119
9.805771
9.748302
9.724890
9.680192
9.656779
9.617403
9.620595
9.638687
9.668486
9.706798
9.766395
9.824926
9.891973
10.037771
10.110139
10.186763
10.262323
10.329370
10.391094
10.453884
10.519866
10.516673
10.501774
10.468782
10.420893
10.357039
10.293185
10.143130
10.073956
10.007974
9.954762
9.903679
9.872817
9.838761
9.818542
9.801514
9.794065
9.795128
9.810027
9.816413
9.835568
9.858982
9.926028
9.974982
10.020744
10.062249
10.100561
10.154837
10.200598
10.233589
10.217626
10.186763
10.150579
10.109075
10.052670
10.012230
9.963276
9.885588
9.860046
9.831312
9.816413
9.802578
9.799385
9.795128
9.817477
9.823862
9.838761
9.857918
9.874946
9.886652
9.910065
9.936670
9.943055
9.948377
9.956890
9.957954
9.956890
9.959019
9.964340
9.968597
9.977111
9.985624
9.993074
10.015423
10.029258
10.059056
10.116525
10.152708
10.189956
10.228268
10.272965
10.330434
10.369810
10.438985
10.476233
10.507095
10.529444
10.541150
10.557114
10.542214
10.533701
10.495388
10.474104
10.451756
10.410251
10.377259
10.341076
10.292122
10.209112
10.170800
10.126102
10.089919
10.057992
10.037771
10.022873
10.032451
10.053735
10.066505
10.095240
10.120781
10.171864
10.210176
10.329370
0.000000
0.000000
0.000000
0.000000
0.000000
0.000000
0.000000
0.000000
0.000000
0.000000
0.000000
0.000000
0.000000
0.000000
0.000000
0.000000
0.000000
0.000000
0.000000
0.000000
0.000000
0.000000
0.000000
0.000000
0.000000
0.000000
0.000000
0.000000
0.000000
0.000000
0.000000
0.000000
0.000000
0.000000
0.000000
0.000000
0.000000
0.000000
0.000000
0.000000
0.000000
0.000000
0.000000
0.000000
0.000000
0.000000
0.000000
0.000000
0.000000
0.000000
0.000000
0.000000
0.000000
0.000000
0.000000
0.000000
0.000000
0.000000
0.000000
0.000000
0.000000
0.000000
0.000000
0.000000
0.000000
0.000000
0.000000
0.000000
0.000000
0.000000
0.000000
0.000000
0.000000
0.000000
0.000000
0.000000
0.000000
0.000000
0.000000
0.000000
0.000000
0.000000
0.000000
0.000000
0.000000
0.000000
0.000000
0.000000
0.000000
0.000000
0.000000
0.000000
0.000000
0.000000
0.000000
0.000000
0.000000
0.000000
0.000000
0.000000
0.000000
0.000000
0.000000
0.000000
0.000000
0.000000
0.000000
0.000000
0.000000
0.000000
0.000000
0.000000
0.000000
0.000000
0.000000
0.000000
0.000000
0.000000
0.000000
0.000000
0.000000
0.000000
0.000000
0.000000
0.000000
0.000000
0.000000
0.000000
0.000000
0.000000
0.000000
0.000000
0.000000
0.000000
0.000000
0.000000
0.000000
0.000000
0.000000
0.000000
0.000000
0.000000
0.000000
0.000000
0.000000
0.000000
0.000000
0.000000
0.000000
0.000000
0.000000
0.000000
0.000000
0.000000
0.000000
0.000000
0.000000
0.000000
0.000000
0.000000
0.000000
0.000000
0.000000
0.000000
0.000000
0.000000
0.000000
0.000000
0.000000
0.000000
0.000000
0.000000
0.000000
0.000000
0.000000
0.000000
0.000000
0.000000
0.000000
0.000000
0.000000
0.000000
0.000000
0.000000
0.000000
0.000000
0.000000
0.000000
0.000000
0.000000
0.000000
0.000000
0.000000
0.000000
0.000000
0.000000
0.000000
0.000000
0.000000
0.000000
0.000000
0.000000
0.000000
0.000000
0.000000
0.000000
0.000000
0.000000
0.000000
0.000000
0.000000
0.000000
0.000000
0.000000
0.000000
0.000000
0.000000
0.000000
0.000000
0.000000
0.000000
0.000000
0.000000
0.000000
0.000000
0.000000
0.000000
0.000000
0.000000
0.000000
0.000000
0.000000
0.000000
0.000000
0.000000
0.000000
0.000000
0.000000
0.000000
0.000000
0.000000
0.000000
0.000000
0.000000
0.000000
0.000000
0.000000
0.000000
0.000000
0.000000
0.000000
0.000000
0.000000
0.000000
0.000000
0.000000
0.000000
0.000000
0.000000
0.000000
0.000000
0.000000
0.000000
0.000000
0.000000
0.000000
0.000000
0.000000
0.000000
0.000000
0.000000
0.000000
0.000000
0.000000
0.000000
0.000000
0.000000
0.000000
0.000000
0.000000
0.000000
0.000000
0.000000
0.000000
0.000000
0.000000
0.000000
0.000000
0.000000
0.000000
0.000000
0.000000
0.000000
0.000000
0.000000
0.000000
0.000000
0.000000
0.000000
0.000000
0.000000
0.000000
0.000000
0.000000
0.000000
0.000000
0.000000
0.000000
0.000000
0.000000
0.000000
0.000000
0.000000
0.000000
0.000000
0.000000
0.000000
0.000000
0.000000
0.000000
0.000000
0.000000
0.000000
0.000000
0.000000
0.000000
0.000000
0.000000
0.000000
0.000000
0.000000
0.000000
0.000000
0.000000
0.000000
0.000000
0.000000
0.000000
0.000000
0.000000
0.000000
0.000000
0.000000
0.000000
0.000000
0.000000
0.000000
0.000000
0.000000
0.000000
0.000000
0.000000
0.000000
0.000000
0.000000
0.000000
0.000000
0.000000
0.000000
0.000000
0.000000
0.000000
0.000000
0.000000
0.000000
0.000000
0.000000
0.000000
0.000000
0.000000
0.000000
0.000000
0.000000
0.000000
0.000000
0.000000
0.000000
0.000000
0.000000
0.000000
0.000000
0.000000
0.000000
0.000000
0.000000
0.000000
0.000000
0.000000
0.000000
0.000000
0.000000
0.000000
0.000000
0.000000
0.000000
0.000000
0.000000
0.000000
0.000000
0.000000
0.000000
0.000000
0.000000
0.000000
0.000000
0.000000
0.000000
0.000000
0.000000
0.000000
0.000000
0.000000
0.000000
0.000000
0.000000
0.000000
0.000000
0.000000
0.000000
0.000000
0.000000
0.000000
0.000000
0.000000
0.000000
0.000000
0.000000
0.000000
0.000000
0.000000
0.000000
0.000000
0.000000
0.000000
0.000000
0.000000
0.000000
0.000000
0.000000
0.000000
0.000000
0.000000
0.000000
0.000000
0.000000
0.000000
0.000000
0.000000
0.000000
0.000000
0.000000
0.000000
0.000000
0.000000
0.000000
0.000000
0.000000
0.000000
0.000000
0.000000
0.000000
0.000000
0.000000
0.000000
0.000000
0.000000
0.000000
0.000000
0.000000
0.000000
0.000000
0.000000
0.000000
0.000000
0.000000
0.000000
0.000000
0.000000
0.000000
0.000000
0.000000
0.000000
0.000000
0.000000
0.000000
0.000000
0.000000
0.000000
0.000000
0.000000
0.000000
0.000000
0.000000
0.000000
0.000000
0.000000
0.000000
0.000000
0.000000
0.000000
0.000000
0.000000
0.000000
0.000000
0.000000
0.000000
0.000000
0.000000
0.000000
0.000000
0.000000
0.000000
0.000000
0.000000
0.000000
0.000000
0.000000
0.000000
0.000000
0.000000
0.000000
0.000000
0.000000
0.000000
0.000000
0.000000
0.000000
0.000000
0.000000
0.000000
0.000000
0.000000
0.000000
0.000000
0.000000
0.000000
0.000000
0.000000
0.000000
0.000000
0.000000
0.000000
0.000000
0.000000
0.000000
0.000000
0.000000
0.000000
0.000000
0.000000
0.000000
0.000000
0.000000
0.000000
0.000000
0.000000
0.000000
0.000000
0.000000
0.000000
0.000000
0.000000
0.000000
0.000000
0.000000
0.000000
0.000000
0.000000
0.000000
0.000000
0.000000
0.000000
0.000000
0.000000
0.000000
0.000000
0.000000
0.000000
0.000000
0.000000
0.000000
0.000000
0.000000
0.000000
0.000000
0.000000
0.000000
0.000000
0.000000
0.000000
0.000000
0.000000
0.000000
0.000000
0.000000
0.000000
0.000000
0.000000
0.000000
0.000000
0.000000
0.000000
0.000000
0.000000
0.000000
0.000000
0.000000
0.000000
0.000000
0.000000
0.000000
0.000000
0.000000
0.000000
0.000000
0.000000
0.000000
0.000000
0.000000
0.000000
0.000000
0.000000
0.000000
0.000000
0.000000
0.000000
0.000000
0.000000
0.000000
0.000000
0.000000
0.000000
0.000000
0.000000
0.000000
0.000000
0.000000
0.000000
0.000000
0.000000
0.000000
0.000000
0.000000
0.000000
0.000000
0.000000
0.000000
0.000000
0.000000
0.000000
0.000000
0.000000
0.000000
0.000000
0.000000
0.000000
0.000000
0.000000
0.000000
0.000000
0.000000
0.000000
0.000000
0.000000
0.000000
0.000000
0.000000
0.000000
0.000000
0.000000
0.000000
0.000000
0.000000
0.000000
0.000000
0.000000
0.000000
0.000000
0.000000
0.000000
0.000000
0.000000
0.000000
0.000000
0.000000
0.000000
0.000000
0.000000
0.000000
0.000000
0.000000
0.000000
0.000000
0.000000
0.000000
0.000000
0.000000
0.000000
0.000000
0.000000
0.000000
0.000000
0.000000
0.000000
0.000000
0.000000
0.000000
0.000000
0.000000
0.000000
0.000000
0.000000
0.000000
0.000000
0.000000
0.000000
0.000000
0.000000
0.000000
0.000000
0.000000
0.000000
0.000000
0.000000
0.000000
0.000000
0.000000
0.000000
0.000000
0.000000
0.000000
0.000000
0.000000
0.000000
0.000000
0.000000
0.000000
0.000000
0.000000
0.000000
0.000000
0.000000
0.000000
0.000000
0.000000
0.000000
0.000000
0.000000
0.000000
0.000000
0.000000
0.000000
0.000000
0.000000
0.000000
0.000000
0.000000
0.000000
0.000000
0.000000
0.000000
0.000000
0.000000
0.000000
0.000000
0.000000
0.000000
0.000000
0.000000
0.000000
0.000000
0.000000
0.000000
0.000000
0.000000
0.000000
0.000000
0.000000
0.000000
0.000000
0.000000
0.000000
0.000000
0.000000
0.000000
0.000000
0.000000
0.000000
0.000000
0.000000
0.000000
0.000000
0.000000
0.000000
0.000000
0.000000
0.000000
0.000000
0.000000
0.000000
0.000000
0.000000
0.000000
0.000000
0.000000
0.000000
0.000000
0.000000
0.000000
0.000000
0.000000
0.000000
0.000000
0.000000
0.000000
0.000000
0.000000
0.000000
0.000000
0.000000
0.000000
0.000000
0.000000
0.000000
0.000000
0.000000
0.000000
0.000000
0.000000
0.000000
0.000000
0.000000
0.000000
0.000000
0.000000
0.000000
0.000000
0.000000
0.000000
0.000000
0.000000
0.000000
0.000000
0.000000
0.000000
0.000000
0.000000
0.000000
0.000000
0.000000
0.000000
0.000000
0.000000
0.000000
0.000000
0.000000
0.000000
0.000000
0.000000
0.000000
0.000000
0.000000
0.000000
0.000000
0.000000
0.000000
0.000000
0.000000
0.000000
0.000000
0.000000
0.000000
0.000000
0.000000
0.000000
0.000000
0.000000
0.000000
0.000000
0.000000
0.000000
0.000000
0.000000
0.000000
0.000000
0.000000
0.000000
0.000000
0.000000
0.000000
0.000000
0.000000
0.000000
0.000000
0.000000
0.000000
0.000000
0.000000
0.000000
0.000000
0.000000
0.000000
0.000000
0.000000
0.000000
0.000000
0.000000
0.000000
0.000000
0.000000
0.000000
0.000000
0.000000
0.000000
0.000000
0.000000
0.000000
0.000000
0.000000
0.000000
0.000000
0.000000
0.000000
0.000000
0.000000
0.000000
0.000000
0.000000
0.000000
0.000000
0.000000
0.000000
0.000000
0.000000
0.000000
0.000000
0.000000
0.000000
0.000000
0.000000
0.000000
0.000000
0.000000
0.000000
0.000000
0.000000
0.000000
0.000000
0.000000
0.000000
0.000000
0.000000
0.000000
0.000000
0.000000
0.000000
0.000000
0.000000
0.000000
0.000000
0.000000
0.000000
0.000000
0.000000
0.000000
0.000000
0.000000
0.000000
0.000000
0.000000
0.000000
0.000000
0.000000
0.000000
0.000000
0.000000
0.000000
0.000000
0.000000
0.000000
0.000000
0.000000
0.000000
0.000000
0.000000
0.000000
0.000000
0.000000
0.000000
0.000000
0.000000
0.000000
0.000000
0.000000
0.000000
0.000000
0.000000
0.000000
0.000000
0.000000
0.000000
0.000000
0.000000
0.000000
0.000000
0.000000
0.000000
0.000000
0.000000
0.000000
0.000000
0.000000
0.000000
0.000000
0.000000
0.000000
0.000000
0.000000
0.000000
0.000000
0.000000
0.000000
0.000000
0.000000
0.000000
0.000000
0.000000
0.000000
0.000000
0.000000
0.000000
0.000000
0.000000
0.000000
0.000000
0.000000
0.000000
0.000000
0.000000
0.000000
0.000000
0.000000
0.000000
0.000000
0.000000
0.000000
0.000000
0.000000
0.000000
0.000000
0.000000
0.000000
0.000000
0.000000
0.000000
0.000000
0.000000
0.000000
0.000000
0.000000
0.000000
0.000000
0.000000
0.000000
0.000000
0.000000
0.000000
0.000000
0.000000
0.000000
0.000000
0.000000
0.000000
0.000000
0.000000
0.000000
0.000000
0.000000
0.000000
0.000000
0.000000
0.000000
0.000000
0.000000
0.000000
0.000000
0.000000
0.000000
0.000000
0.000000
0.000000
0.000000
0.000000
0.000000
0.000000
0.000000
0.000000
0.000000
0.000000
0.000000
0.000000
