5000.000000
5000.000000
5000.000000
2985.825195
2372.026123
5000.000000
3313.868896
5000.000000
3805.471924
5000.000000
4591.692871
3829.726074
1582.579468
1728.133179
4710.571777
1090.523926
1047.141846
5000.000000
3318.334473
4415.920898
3117.945312
4685.685059
4261.342285
3656.054443
5000.000000
5000.000000
3451.026367
1750.238892
1883.797241
1638.865723
895.778259
702.094604
598.836548
520.756592
460.733673
409.669556
373.545715
375.496338
368.077179
345.447815
389.124878
378.053925
344.604950
336.984680
326.861664
339.513641
372.916138
373.552368
333.824799
313.880127
364.134155
392.840973
386.168762
336.815002
291.044220
267.095215
240.086502
219.670792
274.238953
278.802490
241.101685
307.868347
337.250244
362.296204
347.606781
299.216095
287.572388
309.372314
361.637573
438.563568
414.364746
387.187347
429.175140
306.183624
309.161865
487.355377
965.124268
1040.051636
751.145081
791.889160
1527.286987
1888.364014
1242.844727
1062.768433
1596.454468
2078.257568
3355.079346
4650.530273
3023.948486
1850.340942
2080.507324
4332.436523
5000.000000
5000.000000
5000.000000
5000.000000
4895.093750
5000.000000
4520.862793
3329.290527
4930.167480
5000.000000
5000.000000
4289.163086
2394.891846
5000.000000
5000.000000
3171.540039
5000.000000
5000.000000
5000.000000
5000.000000
5000.000000
5000.000000
4305.915039
5000.000000
2834.531738
4295.696289
4671.142578
4852.709961
5000.000000
3332.022217
5000.000000
5000.000000
5000.000000
5000.000000
5000.000000
1143.074097
546.378357
441.522736
398.207428
404.223236
352.884369
321.773193
315.523071
248.523987
225.791763
200.103378
198.211899
210.934509
207.757233
198.272095
178.233612
203.715790
209.178986
207.240433
211.840485
196.543594
236.059616
217.812820
229.272934
212.048004
187.980881
178.307800
206.147125
244.038620
258.961151
333.589233
469.208191
619.771790
774.937622
776.746277
850.413391
814.951599
1081.287598
5000.000000
1099.775513
690.171936
633.874634
519.912842
442.536072
375.530823
454.790436
409.417999
405.272949
276.530182
217.300598
181.157516
172.511948
168.961105
170.471283
204.144058
197.620209
217.486679
216.903763
203.280151
182.257553
182.940292
192.437790
193.405594
187.319870
214.948624
219.132172
263.262665
302.504364
300.702179
267.884857
347.061279
485.972260
728.585693
1049.975952
1652.975830
5000.000000
2970.187012
1700.825073
2745.020264
5000.000000
5000.000000
1859.409302
1067.434692
1409.571777
3563.025879
3395.323486
3418.174316
5000.000000
5000.000000
5000.000000
5000.000000
5000.000000
3570.039551
3280.237549
1913.162964
4087.047607
2765.266846
2081.774902
5000.000000
5000.000000
4248.551270
5000.000000
2135.831299
1804.069092
5000.000000
3597.897217
5000.000000
5000.000000
5000.000000
5000.000000
4839.386719
5000.000000
5000.000000
5000.000000
5000.000000
4935.993652
5000.000000
5000.000000
4901.074219
5000.000000
2991.636475
2186.890625
5000.000000
5000.000000
5000.000000
5000.000000
5000.000000
5000.000000
5000.000000
3571.764648
3145.317139
5000.000000
5000.000000
5000.000000
5000.000000
5000.000000
5000.000000
5000.000000
4503.976074
5000.000000
3600.552490
5000.000000
5000.000000
5000.000000
5000.000000
5000.000000
5000.000000
5000.000000
5000.000000
5000.000000
5000.000000
5000.000000
5000.000000
5000.000000
5000.000000
5000.000000
5000.000000
5000.000000
5000.000000
5000.000000
3402.163574
5000.000000
2404.438232
5000.000000
3335.245361
5000.000000
5000.000000
5000.000000
5000.000000
2910.642090
3874.544922
5000.000000
4568.031250
5000.000000
2534.465820
888.796936
1374.747192
5000.000000
1071.123291
965.682983
1424.052368
2793.812988
5000.000000
3264.217285
3541.604248
5000.000000
5000.000000
3968.319092
4525.186523
2834.700928
5000.000000
5000.000000
5000.000000
4624.131348
2845.045654
2733.599121
5000.000000
4081.923340
5000.000000
4854.871094
3373.717773
3896.464844
3668.029785
2298.745605
5000.000000
5000.000000
5000.000000
5000.000000
3413.628662
5000.000000
5000.000000
5000.000000
5000.000000
5000.000000
5000.000000
5000.000000
5000.000000
5000.000000
5000.000000
5000.000000
5000.000000
5000.000000
5000.000000
5000.000000
4952.595215
5000.000000
5000.000000
3653.874023
5000.000000
4525.540039
5000.000000
5000.000000
5000.000000
5000.000000
3372.905029
4448.527344
5000.000000
5000.000000
5000.000000
3924.305420
4362.685547
3770.826660
1243.975708
1113.259277
3335.261963
5000.000000
2661.738525
5000.000000
5000.000000
5000.000000
5000.000000
4762.430664
5000.000000
5000.000000
5000.000000
5000.000000
3031.969482
3470.172607
5000.000000
5000.000000
5000.000000
5000.000000
5000.000000
5000.000000
5000.000000
5000.000000
5000.000000
5000.000000
5000.000000
5000.000000
4269.475586
5000.000000
2432.348145
5000.000000
2924.859131
4596.089844
2263.127441
2014.932739
5000.000000
5000.000000
5000.000000
4970.809570
4499.412598
5000.000000
5000.000000
5000.000000
5000.000000
5000.000000
5000.000000
5000.000000
5000.000000
5000.000000
5000.000000
4632.085449
3066.445557
5000.000000
2928.327148
5000.000000
5000.000000
5000.000000
3856.452148
3997.065430
5000.000000
5000.000000
5000.000000
5000.000000
5000.000000
5000.000000
5000.000000
5000.000000
5000.000000
4863.354980
5000.000000
5000.000000
4507.069336
1101.822632
618.968262
471.007202
448.357300
344.194427
289.722565
207.835541
200.220932
185.490234
170.734451
168.014160
157.755325
166.157944
145.853653
143.482880
133.351135
143.505310
154.697357
132.171783
125.734390
130.969788
131.454834
168.233292
201.267426
224.497696
405.822235
504.885101
777.767395
1016.117859
1150.082642
1620.065430
1578.480469
2139.217773
3100.333008
4447.826660
2323.343750
1410.815063
1543.020264
5000.000000
5000.000000
1435.727783
628.343872
474.829681
395.542053
302.993195
234.050507
217.909332
208.962814
190.579361
171.815369
160.101746
147.285400
132.832428
141.398621
136.151413
152.035553
156.313385
167.170517
167.895462
155.756531
125.403389
140.532700
128.182388
123.202682
130.269897
140.789597
133.169525
128.052780
155.835419
152.615356
144.992294
140.833054
128.512711
129.882401
157.202423
125.843178
172.309799
185.439377
192.357910
181.104996
190.955826
170.890594
209.636276
274.440155
691.974670
1398.061157
2974.051514
989.793945
659.148499
497.248871
331.360382
256.070129
223.185379
178.068878
169.796249
169.286240
175.843109
208.436600
200.614868
186.945602
181.475616
186.800491
158.329132
148.035110
143.765076
153.154251
150.632584
149.669601
132.611191
141.887634
155.530334
157.272034
152.223419
148.494324
145.675415
151.397720
142.241379
138.800034
140.775574
146.102356
140.521927
145.449493
132.310043
110.149818
149.310593
195.874313
279.962006
507.625763
1672.243652
3566.575195
5000.000000
799.339478
504.002502
363.144287
317.106598
220.759735
222.844147
200.103790
167.490585
154.942215
150.317398
144.978760
141.960754
135.991653
151.403717
153.569290
157.446640
157.212784
146.379639
143.012589
143.013260
135.008438
137.565964
132.437424
139.303543
145.759613
158.598312
149.329147
140.969238
147.205963
142.227798
136.397903
132.227219
130.779648
131.410126
133.525436
140.162384
146.585236
168.157776
221.452408
275.140472
354.570099
407.392517
634.096619
938.425720
1246.466797
1324.730469
1152.046753
1383.049561
1363.512451
1114.137817
1074.557739
1301.767578
1502.849121
1907.864502
2080.346436
1987.354858
1900.927856
2172.057861
3358.555908
5000.000000
4944.872559
5000.000000
5000.000000
5000.000000
5000.000000
5000.000000
2223.851807
1654.190552
2900.598389
2685.344238
1648.367432
5000.000000
5000.000000
4485.084473
5000.000000
4506.775391
5000.000000
5000.000000
5000.000000
5000.000000
5000.000000
5000.000000
5000.000000
5000.000000
3387.104248
5000.000000
3546.838135
5000.000000
5000.000000
5000.000000
5000.000000
4685.003418
3247.139893
2894.905029
2148.042236
1656.215210
1499.676147
1403.010010
1383.262939
936.486633
740.889282
906.338806
1077.209106
776.111694
611.760132
592.323975
620.990906
492.918610
481.819214
416.646759
427.661407
510.578552
425.704132
396.413757
460.031036
600.522278
567.661926
486.794617
515.252747
633.082458
534.454285
729.211243
1214.616211
1189.547363
910.304932
1120.981201
1218.658203
1418.980347
1488.268433
5000.000000
5000.000000
3686.588135
3105.269531
5000.000000
5000.000000
5000.000000
3482.031494
5000.000000
5000.000000
4815.325684
4522.573730
5000.000000
5000.000000
5000.000000
5000.000000
3308.700439
1918.066284
1499.090210
2047.360107
1547.084351
929.917480
578.664612
462.844025
425.873413
385.592407
342.272675
360.837189
250.135483
218.659805
176.968689
173.588806
210.586960
213.844131
231.141861
237.147903
242.448883
246.105530
227.682083
211.302963
201.061462
187.507523
227.672806
242.270691
206.684311
198.838150
194.383270
200.314011
163.968216
146.270493
191.266357
216.284943
277.826080
247.973419
225.274063
207.977493
223.115112
240.657410
201.631989
227.752747
289.335693
359.832947
501.468506
484.165619
404.314270
435.224457
588.346680
779.448914
843.797302
870.045044
1178.952393
1670.025879
1107.942627
871.157349
1232.130981
1479.356567
1846.718384
2431.213623
5000.000000
5000.000000
5000.000000
2422.457764
3711.021240
4869.841309
5000.000000
3883.990234
3003.158447
5000.000000
4384.350098
2867.792725
5000.000000
5000.000000
5000.000000
5000.000000
2336.636963
874.037537
642.618958
403.187866
308.497162
250.370560
209.545273
183.018539
170.965347
175.625275
165.080200
177.291473
229.966537
196.364502
187.142441
187.817429
167.724838
157.897110
146.371277
156.095840
129.013306
144.387100
156.789307
168.749130
235.570770
321.321289
392.880951
444.124329
526.897278
618.014709
708.314758
690.580994
903.087341
1321.613525
1104.737183
1000.362549
1141.417358
1546.600586
1615.757812
1663.466675
1699.609009
3004.298096
5000.000000
3296.017822
2389.969238
5000.000000
5000.000000
5000.000000
3215.294189
3078.356934
4690.538086
5000.000000
5000.000000
3366.532959
4883.252930
4792.284180
2366.525635
4119.934082
4272.111328
4216.450684
4310.448242
5000.000000
2401.086670
2150.281982
5000.000000
4002.080322
2819.626221
5000.000000
3490.578613
3449.949707
5000.000000
5000.000000
3988.221924
5000.000000
5000.000000
5000.000000
5000.000000
5000.000000
5000.000000
5000.000000
5000.000000
5000.000000
4571.699219
3651.125244
5000.000000
3677.792236
4208.767578
3007.309326
5000.000000
5000.000000
5000.000000
2515.673340
3266.503418
5000.000000
5000.000000
5000.000000
5000.000000
5000.000000
5000.000000
5000.000000
4387.205078
5000.000000
5000.000000
5000.000000
5000.000000
5000.000000
5000.000000
5000.000000
4268.045898
2084.132080
5000.000000
5000.000000
5000.000000
5000.000000
4547.240234
5000.000000
3382.488525
5000.000000
4783.648926
5000.000000
5000.000000
5000.000000
5000.000000
5000.000000
4043.384766
5000.000000
5000.000000
5000.000000
5000.000000
5000.000000
5000.000000
5000.000000
5000.000000
5000.000000
5000.000000
5000.000000
5000.000000
3969.203613
5000.000000
5000.000000
5000.000000
5000.000000
5000.000000
5000.000000
5000.000000
5000.000000
5000.000000
5000.000000
2367.518799
713.579834
380.323425
254.080688
215.819366
177.759659
176.601181
125.593796
117.468590
110.581032
116.452133
107.707466
113.076431
116.323006
103.827087
99.307426
86.741692
77.518417
72.899193
74.884949
70.356117
72.719063
84.432755
84.775078
101.851730
101.913918
115.890244
120.876221
142.727341
153.416672
210.111649
260.220856
241.143005
343.730652
463.573700
485.929260
532.889099
578.579529
689.798523
587.155212
643.138306
1052.863159
1954.618774
1573.818237
1310.281494
3088.068848
3681.042480
1361.558105
985.741943
1269.030884
2837.621826
3522.878662
2200.917725
1921.792603
4326.519531
4006.291748
1954.869385
2440.686279
5000.000000
3494.015625
5000.000000
4874.892090
2411.457764
3302.054932
3789.439697
1133.507324
882.385376
1274.939209
5000.000000
1911.954712
2632.856201
1990.450928
1578.261963
3463.786133
5000.000000
5000.000000
5000.000000
5000.000000
5000.000000
5000.000000
5000.000000
3626.376221
3195.566895
4208.262695
5000.000000
5000.000000
5000.000000
5000.000000
5000.000000
5000.000000
5000.000000
5000.000000
1564.541504
853.587097
750.417664
750.560059
691.421082
615.077698
496.743805
426.873169
342.767120
539.054871
917.063049
1210.687378
1263.502686
1185.026367
1325.248413
1972.425659
2636.520020
2370.665527
2022.574463
1876.807739
5000.000000
5000.000000
3410.192139
2720.894287
2693.679443
2461.771973
5000.000000
5000.000000
3412.149658
2024.086060
5000.000000
2062.611328
2282.728271
5000.000000
5000.000000
5000.000000
5000.000000
3333.087158
2340.636719
5000.000000
5000.000000
5000.000000
3165.729248
5000.000000
3222.268066
2144.218506
5000.000000
5000.000000
5000.000000
5000.000000
4630.697266
2814.318604
5000.000000
5000.000000
5000.000000
5000.000000
5000.000000
5000.000000
3236.912842
2544.146240
5000.000000
2990.295410
1693.687256
1986.123169
2635.112793
1324.146973
658.726868
407.140198
342.675842
278.385834
259.544556
257.745209
270.717316
259.550354
261.070190
242.905914
235.461365
220.969482
200.389053
231.088440
203.907761
239.341751
252.787674
239.567932
220.823898
211.294769
187.019623
167.494614
197.290543
231.621506
273.803680
392.205200
550.862366
587.962524
576.974365
748.067871
1140.857788
1432.165405
1631.012451
1801.728271
1830.263428
2078.651611
1941.873413
1974.231812
1930.930664
2292.981689
3654.244873
4098.457031
3457.906006
3664.780518
3556.655518
3544.138184
5000.000000
5000.000000
5000.000000
3987.142578
3642.309326
5000.000000
3192.554932
1747.995728
1207.262695
1046.823242
845.502747
821.591431
819.153442
819.727783
797.696594
671.687195
665.703613
540.753967
479.999939
403.456848
435.485931
420.258179
400.679565
417.187744
477.036316
524.775269
492.156891
408.469513
419.263184
643.751648
1009.294861
975.611328
809.188599
824.876587
1402.460327
2291.861084
2585.052246
4371.266113
5000.000000
5000.000000
3656.258545
2863.662109
3064.623047
5000.000000
5000.000000
5000.000000
3344.833252
3970.770508
4732.112305
5000.000000
5000.000000
4879.934570
5000.000000
5000.000000
5000.000000
5000.000000
5000.000000
5000.000000
5000.000000
5000.000000
5000.000000
5000.000000
4041.807861
5000.000000
2847.121094
4652.138184
5000.000000
5000.000000
5000.000000
5000.000000
5000.000000
5000.000000
5000.000000
5000.000000
4936.587891
5000.000000
5000.000000
5000.000000
1617.028687
791.690430
534.488708
355.966400
337.329742
281.611176
249.092834
243.120651
252.757721
280.677673
281.308167
256.089508
246.470291
213.367706
199.496475
194.253067
202.155228
214.209198
215.434097
238.807159
246.373398
212.536285
202.502274
187.720825
173.997131
186.823227
179.278946
184.668259
176.587189
202.875992
197.145477
212.370621
211.997528
196.764679
173.971268
167.794479
161.352036
177.697617
192.751968
210.218933
203.228271
204.804718
176.265045
195.810547
176.753220
160.767914
170.138504
178.863327
192.711746
200.627090
204.081818
202.804718
204.623337
201.983231
195.305588
184.145615
178.441391
206.463425
241.675568
353.865906
469.727173
567.335388
810.500793
991.745361
1097.684082
1100.711426
1396.638794
1635.753662
1589.890747
1519.134888
1641.332642
1343.079712
1656.163574
4653.919434
5000.000000
4928.513184
3678.596924
5000.000000
5000.000000
5000.000000
5000.000000
5000.000000
5000.000000
5000.000000
5000.000000
5000.000000
5000.000000
2648.344971
5000.000000
2073.761719
1700.569580
1451.268311
807.998718
682.125671
797.736755
581.411255
462.965759
491.678162
410.400574
380.867188
359.043671
370.410675
350.986023
348.966278
333.186157
354.539001
424.959503
482.309723
574.845642
640.840637
708.567017
779.229919
1153.767334
1620.104126
1770.935669
2044.196533
2858.341064
5000.000000
4566.800781
3450.571289
5000.000000
2745.941406
3392.029785
5000.000000
5000.000000
3158.382080
2031.174316
3001.966309
5000.000000
5000.000000
5000.000000
5000.000000
3308.689209
4754.375000
5000.000000
5000.000000
5000.000000
5000.000000
3161.585449
5000.000000
5000.000000
5000.000000
5000.000000
5000.000000
5000.000000
5000.000000
5000.000000
5000.000000
5000.000000
5000.000000
5000.000000
5000.000000
5000.000000
5000.000000
3737.786133
5000.000000
5000.000000
5000.000000
5000.000000
5000.000000
4507.119141
3503.737793
5000.000000
5000.000000
5000.000000
5000.000000
5000.000000
5000.000000
5000.000000
3185.020752
2620.890381
4663.438477
4230.606445
5000.000000
5000.000000
5000.000000
5000.000000
5000.000000
4746.565918
5000.000000
4929.131348
5000.000000
1995.888916
1240.140625
1001.525696
674.747314
472.854736
443.181549
391.528931
378.144806
435.417786
429.529327
336.694550
321.291901
316.906036
462.302063
657.775635
715.015991
957.947266
5000.000000
1588.197632
1028.149658
799.289978
659.324036
569.829102
441.937744
355.497406
308.816010
266.859558
240.516464
257.710266
272.477173
257.100677
219.875946
188.366409
204.040955
237.732635
268.332275
255.017365
281.483368
400.650238
811.298645
1774.776001
5000.000000
1681.818848
716.165710
629.401184
615.229675
511.717133
425.338226
380.875122
406.888306
372.647736
331.242523
377.632782
483.971283
492.959473
506.175110
833.814880
1179.896973
1132.847168
1104.952881
1842.382690
2226.767578
1269.219971
1550.168335
5000.000000
5000.000000
2555.629639
4969.447266
5000.000000
3018.063721
2469.896484
5000.000000
5000.000000
5000.000000
5000.000000
5000.000000
3616.418701
4419.153809
5000.000000
5000.000000
5000.000000
5000.000000
5000.000000
5000.000000
5000.000000
5000.000000
5000.000000
4542.797852
2814.304199
5000.000000
2870.740723
2414.487061
5000.000000
5000.000000
4442.036133
5000.000000
2795.038818
5000.000000
3911.566895
3708.193848
5000.000000
3968.514648
5000.000000
5000.000000
5000.000000
5000.000000
5000.000000
5000.000000
3076.713867
3264.819092
5000.000000
5000.000000
5000.000000
5000.000000
5000.000000
2828.570557
3072.199219
5000.000000
4469.309570
5000.000000
5000.000000
4568.272461
2482.925293
5000.000000
3614.753906
5000.000000
5000.000000
4302.384766
5000.000000
5000.000000
5000.000000
3704.082520
5000.000000
1222.969849
851.093811
522.949829
390.430725
371.955078
259.449707
216.021530
193.425262
175.969574
177.544876
170.715027
175.665298
166.765472
144.872803
155.936752
147.526443
141.921768
148.556091
147.772705
154.644760
166.838242
188.105911
199.681213
349.382751
609.611877
1868.634033
2441.398926
673.908936
399.028290
295.291992
245.360474
217.563553
195.427795
203.158646
193.840103
171.514114
158.226608
166.934845
166.674500
152.941498
159.473923
167.796829
160.546494
156.677292
146.944183
130.145966
144.454102
156.745911
159.302170
164.831772
155.911240
154.962112
164.139114
157.484116
149.180603
147.099365
150.151031
151.783188
156.189224
157.434662
165.808884
172.639603
150.440506
173.359039
165.976944
190.148422
198.613541
199.526855
220.492233
260.059143
328.817596
399.449371
543.269409
894.320007
1129.761475
909.872681
850.611145
1020.032471
1215.924683
1170.816284
1484.240356
1698.611694
2073.169434
2447.263428
2529.913330
2304.010498
2497.514893
2434.036133
3023.426270
5000.000000
4091.891113
3899.158691
5000.000000
3971.839844
1785.580200
664.865417
374.023346
210.345016
184.351257
168.085892
169.896027
137.630402
137.979416
130.945480
114.785622
123.388779
117.539085
125.471481
115.306862
129.531662
139.053391
152.368439
177.940445
217.613678
266.728943
338.749542
455.727844
596.236938
649.456970
670.414551
780.885681
825.489685
789.770874
749.104553
949.559692
1496.360962
1318.054199
1083.387451
1443.986572
1554.723755
1176.781982
1019.606140
1470.962402
5000.000000
5000.000000
5000.000000
2695.641846
3763.003418
5000.000000
5000.000000
4365.478516
3471.988525
5000.000000
2428.729492
3586.156494
5000.000000
3077.996338
5000.000000
5000.000000
5000.000000
3835.408203
2924.060547
5000.000000
3991.484375
4272.722168
4974.106445
3194.989990
3259.811523
5000.000000
5000.000000
5000.000000
5000.000000
5000.000000
5000.000000
5000.000000
5000.000000
5000.000000
2247.304688
897.277649
877.655334
794.168640
531.822021
400.681885
375.002655
376.867462
395.541962
357.265778
351.754120
376.845490
395.736450
411.114716
599.272156
1331.425049
5000.000000
5000.000000
5000.000000
1775.148193
779.077148
660.236145
490.868103
373.257721
343.769958
309.334534
294.651611
280.310852
288.758942
343.791656
396.170227
350.940002
329.194489
278.689972
246.562576
223.247910
216.937759
258.099823
413.417206
663.238708
896.541016
951.571167
2479.380615
2338.770508
1351.161743
749.010010
519.375916
568.594360
546.461670
397.163269
338.781219
287.085541
305.821075
271.420715
262.353668
241.842041
244.246185
266.236969
257.311340
273.580475
281.712006
378.353546
357.022247
343.522491
419.496155
663.795715
1358.169922
5000.000000
3054.382812
1429.706909
1094.443970
844.320129
560.319519
486.026184
446.410065
359.473022
349.970917
360.365356
338.294769
296.723785
289.945312
269.093048
254.354370
304.275238
360.350311
402.392670
371.009186
315.082489
268.555420
243.153717
334.110016
633.082520
1406.583618
4703.034668
1037.532471
784.009277
666.146301
709.658020
694.673340
492.256256
493.568878
494.353394
406.360809
364.329041
342.709015
303.140106
258.557343
245.999710
250.236954
262.876648
253.661575
261.544830
301.693848
307.650360
344.422241
431.035858
705.712463
1135.127686
1119.252808
1738.770752
3623.878906
1178.378052
623.290161
484.387024
430.051880
419.114471
422.707764
380.436920
337.555542
316.496338
331.049377
359.449768
374.465485
343.547607
286.629700
230.303955
217.993073
208.021133
222.231155
311.168945
425.270294
559.208740
748.101074
900.546753
1927.711182
5000.000000
1528.421265
865.420593
592.591370
516.645691
436.334900
366.260254
321.613495
297.505219
293.332611
300.262726
303.271606
286.641968
264.828247
259.747986
243.682510
223.576660
237.846039
249.915451
271.142548
307.023102
443.886627
1293.331055
4380.666992
1608.063721
1152.855957
673.466553
486.241577
434.371216
392.939301
430.615326
396.450775
400.654358
444.869171
417.216522
372.418823
292.978485
259.838745
239.887360
307.687927
363.838593
360.327057
326.505249
278.004547
247.313797
251.215851
330.671997
643.682434
2121.079590
5000.000000
3203.886475
1374.188721
1067.707275
779.242432
560.405762
459.501892
412.873871
372.670807
310.005615
286.856659
256.600433
237.808243
217.096680
243.999359
276.975220
288.929901
263.910400
274.942780
237.496140
241.346207
295.579407
509.066681
1770.902710
5000.000000
2114.664551
1303.695068
1028.563721
765.595642
534.391724
444.469055
390.580780
342.735687
289.899628
295.454315
285.962769
315.243774
323.185516
303.982025
281.033112
262.906860
253.913620
265.247314
262.286682
298.877838
360.760315
447.290222
590.883179
723.040161
1482.158447
4272.505859
1062.685425
744.242920
727.822998
672.610901
642.726257
506.266846
394.530151
423.934357
593.747314
560.208008
484.166107
723.877747
929.968018
1005.391602
1196.721924
1449.541992
1374.505615
1500.174927
1863.551392
1707.086426
1367.233643
1384.563599
2045.883789
2352.872803
4725.927734
5000.000000
5000.000000
2514.234619
2484.046631
4442.866699
5000.000000
5000.000000
5000.000000
5000.000000
5000.000000
4852.669434
4567.813965
4916.599609
5000.000000
5000.000000
5000.000000
3953.069580
3087.689697
5000.000000
5000.000000
5000.000000
5000.000000
4644.978516
5000.000000
5000.000000
5000.000000
5000.000000
5000.000000
5000.000000
3951.818848
4894.567871
5000.000000
4719.317383
5000.000000
5000.000000
5000.000000
5000.000000
3845.980957
3110.553467
4896.887207
5000.000000
5000.000000
3033.391846
1160.818848
614.496582
405.168091
320.607666
270.926788
250.985428
218.164413
204.339127
183.755676
171.934708
150.141464
146.380005
150.509964
154.707901
174.765717
175.900848
176.289246
175.217300
165.093887
151.375473
132.799210
157.557953
198.004883
246.133041
276.009674
344.645905
452.830200
627.650085
775.455872
1102.136841
1450.226440
1268.957886
1071.779297
1064.978149
831.654846
743.710938
1363.336182
2586.585938
1881.758911
1564.032593
2139.002197
3278.839844
2620.581543
3048.668457
5000.000000
5000.000000
3821.023682
3135.117920
5000.000000
5000.000000
5000.000000
5000.000000
0.000000
0.000000
0.000000
0.000000
0.000000
0.000000
0.000000
0.000000
0.000000
0.000000
0.000000
0.000000
0.000000
0.000000
0.000000
0.000000
0.000000
0.000000
0.000000
0.000000
0.000000
0.000000
0.000000
0.000000
0.000000
0.000000
0.000000
0.000000
0.000000
0.000000
0.000000
0.000000
0.000000
0.000000
0.000000
0.000000
0.000000
0.000000
0.000000
0.000000
0.000000
0.000000
0.000000
0.000000
0.000000
0.000000
0.000000
0.000000
0.000000
0.000000
0.000000
0.000000
0.000000
0.000000
0.000000
0.000000
0.000000
0.000000
0.000000
0.000000
0.000000
0.000000
0.000000
0.000000
0.000000
0.000000
0.000000
0.000000
0.000000
0.000000
0.000000
0.000000
0.000000
0.000000
0.000000
0.000000
0.000000
0.000000
0.000000
0.000000
0.000000
0.000000
0.000000
0.000000
0.000000
0.000000
0.000000
0.000000
0.000000
0.000000
0.000000
0.000000
0.000000
0.000000
0.000000
0.000000
0.000000
0.000000
0.000000
0.000000
0.000000
0.000000
0.000000
0.000000
0.000000
0.000000
0.000000
0.000000
0.000000
0.000000
0.000000
0.000000
0.000000
0.000000
0.000000
0.000000
0.000000
0.000000
0.000000
0.000000
0.000000
0.000000
0.000000
0.000000
0.000000
0.000000
0.000000
0.000000
0.000000
0.000000
0.000000
0.000000
0.000000
0.000000
0.000000
0.000000
0.000000
0.000000
0.000000
0.000000
0.000000
0.000000
0.000000
0.000000
0.000000
0.000000
0.000000
0.000000
0.000000
0.000000
0.000000
0.000000
0.000000
0.000000
0.000000
0.000000
0.000000
0.000000
0.000000
0.000000
0.000000
0.000000
0.000000
0.000000
0.000000
0.000000
0.000000
0.000000
0.000000
0.000000
0.000000
0.000000
0.000000
0.000000
0.000000
0.000000
0.000000
0.000000
0.000000
0.000000
0.000000
0.000000
0.000000
0.000000
0.000000
0.000000
0.000000
0.000000
0.000000
0.000000
0.000000
0.000000
0.000000
0.000000
0.000000
0.000000
0.000000
0.000000
0.000000
0.000000
0.000000
0.000000
0.000000
0.000000
0.000000
0.000000
0.000000
0.000000
0.000000
0.000000
0.000000
0.000000
0.000000
0.000000
0.000000
0.000000
0.000000
0.000000
0.000000
0.000000
0.000000
0.000000
0.000000
0.000000
0.000000
0.000000
0.000000
0.000000
0.000000
0.000000
0.000000
0.000000
0.000000
0.000000
0.000000
0.000000
0.000000
0.000000
0.000000
0.000000
0.000000
0.000000
0.000000
0.000000
0.000000
0.000000
0.000000
0.000000
0.000000
0.000000
0.000000
0.000000
0.000000
0.000000
0.000000
0.000000
0.000000
0.000000
0.000000
0.000000
0.000000
0.000000
0.000000
0.000000
0.000000
0.000000
0.000000
0.000000
0.000000
0.000000
0.000000
0.000000
0.000000
0.000000
0.000000
0.000000
0.000000
0.000000
0.000000
0.000000
0.000000
0.000000
0.000000
0.000000
0.000000
0.000000
0.000000
0.000000
0.000000
0.000000
0.000000
0.000000
0.000000
0.000000
0.000000
0.000000
0.000000
0.000000
0.000000
0.000000
0.000000
0.000000
0.000000
0.000000
0.000000
0.000000
0.000000
0.000000
0.000000
0.000000
0.000000
0.000000
0.000000
0.000000
0.000000
0.000000
0.000000
0.000000
0.000000
0.000000
0.000000
0.000000
0.000000
0.000000
0.000000
0.000000
0.000000
0.000000
0.000000
0.000000
0.000000
0.000000
0.000000
0.000000
0.000000
0.000000
0.000000
0.000000
0.000000
0.000000
0.000000
0.000000
0.000000
0.000000
0.000000
0.000000
0.000000
0.000000
0.000000
0.000000
0.000000
0.000000
0.000000
0.000000
0.000000
0.000000
0.000000
0.000000
0.000000
0.000000
0.000000
0.000000
0.000000
0.000000
0.000000
0.000000
0.000000
0.000000
0.000000
0.000000
0.000000
0.000000
0.000000
0.000000
0.000000
0.000000
0.000000
0.000000
0.000000
0.000000
0.000000
0.000000
0.000000
0.000000
0.000000
0.000000
0.000000
0.000000
0.000000
0.000000
0.000000
0.000000
0.000000
0.000000
0.000000
0.000000
0.000000
0.000000
0.000000
0.000000
0.000000
0.000000
0.000000
0.000000
0.000000
0.000000
0.000000
0.000000
0.000000
0.000000
0.000000
0.000000
0.000000
0.000000
0.000000
0.000000
0.000000
0.000000
0.000000
0.000000
0.000000
0.000000
0.000000
0.000000
0.000000
0.000000
0.000000
0.000000
0.000000
0.000000
0.000000
0.000000
0.000000
0.000000
0.000000
0.000000
0.000000
0.000000
0.000000
0.000000
0.000000
0.000000
0.000000
0.000000
0.000000
0.000000
0.000000
0.000000
0.000000
0.000000
0.000000
0.000000
0.000000
0.000000
0.000000
0.000000
0.000000
0.000000
0.000000
0.000000
0.000000
0.000000
0.000000
0.000000
0.000000
0.000000
0.000000
0.000000
0.000000
0.000000
0.000000
0.000000
0.000000
0.000000
0.000000
0.000000
0.000000
0.000000
0.000000
0.000000
0.000000
0.000000
0.000000
0.000000
0.000000
0.000000
0.000000
0.000000
0.000000
0.000000
0.000000
0.000000
0.000000
0.000000
0.000000
0.000000
0.000000
0.000000
0.000000
0.000000
0.000000
0.000000
0.000000
0.000000
0.000000
0.000000
0.000000
0.000000
0.000000
0.000000
0.000000
0.000000
0.000000
0.000000
0.000000
0.000000
0.000000
0.000000
0.000000
0.000000
0.000000
0.000000
0.000000
0.000000
0.000000
0.000000
0.000000
0.000000
0.000000
0.000000
0.000000
0.000000
0.000000
0.000000
0.000000
0.000000
0.000000
0.000000
0.000000
0.000000
0.000000
0.000000
0.000000
0.000000
0.000000
0.000000
0.000000
0.000000
0.000000
0.000000
0.000000
0.000000
0.000000
0.000000
0.000000
0.000000
0.000000
0.000000
0.000000
0.000000
0.000000
0.000000
0.000000
0.000000
0.000000
0.000000
0.000000
0.000000
0.000000
0.000000
0.000000
0.000000
0.000000
0.000000
0.000000
0.000000
0.000000
0.000000
0.000000
0.000000
0.000000
0.000000
0.000000
0.000000
0.000000
0.000000
0.000000
0.000000
0.000000
0.000000
0.000000
0.000000
0.000000
0.000000
0.000000
0.000000
0.000000
0.000000
0.000000
0.000000
0.000000
0.000000
0.000000
0.000000
0.000000
0.000000
0.000000
0.000000
0.000000
0.000000
0.000000
0.000000
0.000000
0.000000
0.000000
0.000000
0.000000
0.000000
0.000000
0.000000
0.000000
0.000000
0.000000
0.000000
0.000000
0.000000
0.000000
0.000000
0.000000
0.000000
0.000000
0.000000
0.000000
0.000000
0.000000
0.000000
0.000000
0.000000
0.000000
0.000000
0.000000
0.000000
0.000000
0.000000
0.000000
0.000000
0.000000
0.000000
0.000000
0.000000
0.000000
0.000000
0.000000
0.000000
0.000000
0.000000
0.000000
0.000000
0.000000
0.000000
0.000000
0.000000
0.000000
0.000000
0.000000
0.000000
0.000000
0.000000
0.000000
0.000000
0.000000
0.000000
0.000000
0.000000
0.000000
0.000000
0.000000
0.000000
0.000000
0.000000
0.000000
0.000000
0.000000
0.000000
0.000000
0.000000
0.000000
0.000000
0.000000
0.000000
0.000000
0.000000
0.000000
0.000000
0.000000
0.000000
0.000000
0.000000
0.000000
0.000000
0.000000
0.000000
0.000000
0.000000
0.000000
0.000000
0.000000
0.000000
0.000000
0.000000
0.000000
0.000000
0.000000
0.000000
0.000000
0.000000
0.000000
0.000000
0.000000
0.000000
0.000000
0.000000
0.000000
0.000000
0.000000
0.000000
0.000000
0.000000
0.000000
0.000000
0.000000
0.000000
0.000000
0.000000
0.000000
0.000000
0.000000
0.000000
0.000000
0.000000
0.000000
0.000000
0.000000
0.000000
0.000000
0.000000
0.000000
0.000000
0.000000
0.000000
0.000000
0.000000
0.000000
0.000000
0.000000
0.000000
0.000000
0.000000
0.000000
0.000000
0.000000
0.000000
0.000000
0.000000
0.000000
0.000000
0.000000
0.000000
0.000000
0.000000
0.000000
0.000000
0.000000
0.000000
0.000000
0.000000
0.000000
0.000000
0.000000
0.000000
0.000000
0.000000
0.000000
0.000000
0.000000
0.000000
0.000000
0.000000
0.000000
0.000000
0.000000
0.000000
0.000000
0.000000
0.000000
0.000000
0.000000
0.000000
0.000000
0.000000
0.000000
0.000000
0.000000
0.000000
0.000000
0.000000
0.000000
0.000000
0.000000
0.000000
0.000000
0.000000
0.000000
0.000000
0.000000
0.000000
0.000000
0.000000
0.000000
0.000000
0.000000
0.000000
0.000000
0.000000
0.000000
0.000000
0.000000
0.000000
0.000000
0.000000
0.000000
0.000000
0.000000
0.000000
0.000000
0.000000
0.000000
0.000000
0.000000
0.000000
0.000000
0.000000
0.000000
0.000000
0.000000
0.000000
0.000000
0.000000
0.000000
0.000000
0.000000
0.000000
0.000000
0.000000
0.000000
0.000000
0.000000
0.000000
0.000000
0.000000
0.000000
0.000000
0.000000
0.000000
0.000000
0.000000
0.000000
0.000000
0.000000
0.000000
0.000000
0.000000
0.000000
0.000000
0.000000
0.000000
0.000000
0.000000
0.000000
0.000000
0.000000
0.000000
0.000000
0.000000
0.000000
0.000000
0.000000
0.000000
0.000000
0.000000
0.000000
0.000000
0.000000
0.000000
0.000000
0.000000
0.000000
0.000000
0.000000
0.000000
0.000000
0.000000
0.000000
0.000000
0.000000
0.000000
0.000000
0.000000
0.000000
0.000000
0.000000
0.000000
0.000000
0.000000
0.000000
0.000000
0.000000
0.000000
0.000000
0.000000
0.000000
0.000000
0.000000
0.000000
0.000000
0.000000
0.000000
0.000000
0.000000
0.000000
0.000000
0.000000
0.000000
0.000000
0.000000
0.000000
0.000000
0.000000
0.000000
0.000000
0.000000
0.000000
0.000000
0.000000
0.000000
0.000000
0.000000
0.000000
0.000000
0.000000
0.000000
0.000000
0.000000
0.000000
0.000000
0.000000
0.000000
0.000000
0.000000
0.000000
0.000000
0.000000
0.000000
0.000000
0.000000
0.000000
0.000000
0.000000
0.000000
0.000000
0.000000
0.000000
0.000000
0.000000
0.000000
0.000000
0.000000
0.000000
0.000000
0.000000
0.000000
0.000000
0.000000
0.000000
0.000000
0.000000
0.000000
0.000000
0.000000
0.000000
0.000000
0.000000
0.000000
0.000000
0.000000
0.000000
0.000000
0.000000
0.000000
0.000000
0.000000
0.000000
0.000000
0.000000
0.000000
0.000000
0.000000
0.000000
0.000000
0.000000
0.000000
0.000000
0.000000
0.000000
0.000000
0.000000
0.000000
0.000000
0.000000
0.000000
0.000000
0.000000
0.000000
0.000000
0.000000
0.000000
0.000000
0.000000
0.000000
0.000000
0.000000
0.000000
0.000000
0.000000
0.000000
0.000000
0.000000
0.000000
0.000000
0.000000
0.000000
0.000000
0.000000
0.000000
0.000000
0.000000
0.000000
0.000000
0.000000
0.000000
0.000000
0.000000
0.000000
0.000000
0.000000
0.000000
0.000000
0.000000
0.000000
0.000000
0.000000
0.000000
0.000000
0.000000
0.000000
0.000000
0.000000
0.000000
0.000000
0.000000
0.000000
0.000000
0.000000
0.000000
0.000000
0.000000
0.000000
0.000000
0.000000
0.000000
0.000000
0.000000
0.000000
0.000000
0.000000
0.000000
0.000000
0.000000
0.000000
0.000000
0.000000
0.000000
0.000000
0.000000
0.000000
0.000000
0.000000
0.000000
0.000000
0.000000
0.000000
0.000000
0.000000
0.000000
0.000000
0.000000
0.000000
0.000000
0.000000
0.000000
0.000000
0.000000
0.000000
0.000000
0.000000
0.000000
0.000000
0.000000
0.000000
0.000000
0.000000
0.000000
0.000000
0.000000
0.000000
0.000000
0.000000
0.000000
0.000000
0.000000
0.000000
0.000000
0.000000
0.000000
0.000000
0.000000
0.000000
0.000000
0.000000
0.000000
0.000000
0.000000
0.000000
0.000000
0.000000
0.000000
0.000000
0.000000
0.000000
0.000000
0.000000
0.000000
0.000000
0.000000
0.000000
0.000000
0.000000
0.000000
0.000000
0.000000
0.000000
0.000000
0.000000
0.000000
0.000000
0.000000
0.000000
0.000000
0.000000
0.000000
0.000000
0.000000
0.000000
0.000000
0.000000
0.000000
0.000000
0.000000
0.000000
0.000000
0.000000
0.000000
0.000000
0.000000
0.000000
0.000000
0.000000
0.000000
0.000000
0.000000
0.000000
0.000000
0.000000
0.000000
0.000000
0.000000
0.000000
0.000000
0.000000
0.000000
0.000000
0.000000
0.000000
0.000000
0.000000
0.000000
0.000000
0.000000
0.000000
0.000000
0.000000
0.000000
0.000000
0.000000
0.000000
0.000000
0.000000
0.000000
0.000000
0.000000
0.000000
0.000000
0.000000
0.000000
0.000000
0.000000
0.000000
0.000000
0.000000
0.000000
0.000000
0.000000
0.000000
0.000000
0.000000
0.000000
0.000000
0.000000
0.000000
0.000000
0.000000
0.000000
0.000000
0.000000
0.000000
0.000000
0.000000
0.000000
0.000000
0.000000
0.000000
0.000000
0.000000
0.000000
0.000000
0.000000
0.000000
0.000000
0.000000
0.000000
0.000000
0.000000
0.000000
0.000000
0.000000
0.000000
0.000000
0.000000
0.000000
0.000000
0.000000
0.000000
0.000000
0.000000
0.000000
0.000000
0.000000
0.000000
0.000000
0.000000
0.000000
0.000000
0.000000
0.000000
0.000000
0.000000
0.000000
0.000000
0.000000
0.000000
0.000000
0.000000
0.000000
0.000000
0.000000
0.000000
0.000000
0.000000
0.000000
0.000000
0.000000
0.000000
0.000000
0.000000
0.000000
0.000000
0.000000
0.000000
0.000000
0.000000
0.000000
0.000000
0.000000
0.000000
0.000000
0.000000
0.000000
0.000000
0.000000
0.000000
0.000000
0.000000
0.000000
0.000000
0.000000
0.000000
0.000000
0.000000
0.000000
0.000000
0.000000
0.000000
0.000000
0.000000
0.000000
0.000000
0.000000
0.000000
0.000000
0.000000
0.000000
0.000000
0.000000
0.000000
0.000000
0.000000
0.000000
0.000000
0.000000
0.000000
0.000000
0.000000
0.000000
0.000000
0.000000
0.000000
0.000000
0.000000
0.000000
0.000000
0.000000
0.000000
0.000000
0.000000
0.000000
0.000000
0.000000
0.000000
0.000000
0.000000
0.000000
0.000000
0.000000
0.000000
0.000000
0.000000
0.000000
0.000000
0.000000
0.000000
0.000000
0.000000
0.000000
0.000000
0.000000
0.000000
0.000000
0.000000
0.000000
0.000000
0.000000
0.000000
0.000000
0.000000
0.000000
0.000000
0.000000
0.000000
0.000000
0.000000
0.000000
0.000000
0.000000
0.000000
0.000000
0.000000
0.000000
0.000000
0.000000
0.000000
0.000000
0.000000
0.000000
0.000000
0.000000
0.000000
0.000000
0.000000
0.000000
0.000000
0.000000
0.000000
0.000000
0.000000
0.000000
0.000000
0.000000
0.000000
0.000000
0.000000
0.000000
0.000000
0.000000
0.000000
0.000000
0.000000
0.000000
0.000000
0.000000
0.000000
0.000000
0.000000
0.000000
0.000000
0.000000
0.000000
0.000000
0.000000
0.000000
0.000000
0.000000
0.000000
0.000000
0.000000
0.000000
0.000000
0.000000
0.000000
0.000000
0.000000
0.000000
0.000000
0.000000
0.000000
0.000000
0.000000
0.000000
0.000000
0.000000
0.000000
0.000000
0.000000
0.000000
0.000000
0.000000
0.000000
0.000000
0.000000
0.000000
0.000000
0.000000
0.000000
0.000000
0.000000
0.000000
0.000000
0.000000
0.000000
0.000000
0.000000
0.000000
0.000000
0.000000
0.000000
0.000000
0.000000
0.000000
0.000000
0.000000
0.000000
0.000000
0.000000
0.000000
0.000000
0.000000
0.000000
0.000000
0.000000
0.000000
0.000000
0.000000
0.000000
0.000000
0.000000
0.000000
0.000000
0.000000
0.000000
0.000000
0.000000
0.000000
0.000000
0.000000
0.000000
0.000000
0.000000
0.000000
0.000000
0.000000
0.000000
0.000000
0.000000
0.000000
0.000000
0.000000
0.000000
0.000000
0.000000
0.000000
0.000000
0.000000
0.000000
0.000000
0.000000
0.000000
0.000000
0.000000
0.000000
0.000000
0.000000
0.000000
0.000000
0.000000
0.000000
0.000000
0.000000
0.000000
0.000000
0.000000
0.000000
0.000000
0.000000
0.000000
0.000000
0.000000
0.000000
0.000000
0.000000
0.000000
0.000000
0.000000
0.000000
0.000000
0.000000
0.000000
0.000000
0.000000
0.000000
0.000000
0.000000
0.000000
0.000000
0.000000
0.000000
0.000000
0.000000
0.000000
0.000000
0.000000
0.000000
0.000000
0.000000
0.000000
0.000000
0.000000
0.000000
0.000000
0.000000
0.000000
0.000000
0.000000
0.000000
0.000000
0.000000
0.000000
0.000000
0.000000
0.000000
0.000000
0.000000
0.000000
0.000000
0.000000
0.000000
0.000000
0.000000
0.000000
0.000000
0.000000
0.000000
0.000000
0.000000
0.000000
0.000000
0.000000
0.000000
0.000000
0.000000
0.000000
0.000000
0.000000
0.000000
0.000000
0.000000
0.000000
0.000000
0.000000
0.000000
0.000000
0.000000
0.000000
0.000000
0.000000
0.000000
0.000000
0.000000
0.000000
0.000000
0.000000
0.000000
0.000000
0.000000
0.000000
0.000000
0.000000
0.000000
0.000000
0.000000
0.000000
0.000000
0.000000
0.000000
0.000000
0.000000
0.000000
0.000000
0.000000
0.000000
0.000000
0.000000
0.000000
0.000000
0.000000
0.000000
0.000000
0.000000
0.000000
0.000000
0.000000
0.000000
0.000000
0.000000
0.000000
0.000000
0.000000
0.000000
0.000000
0.000000
0.000000
0.000000
0.000000
0.000000
0.000000
0.000000
0.000000
0.000000
0.000000
0.000000
0.000000
0.000000
0.000000
0.000000
0.000000
0.000000
0.000000
0.000000
0.000000
0.000000
0.000000
0.000000
0.000000
0.000000
0.000000
0.000000
0.000000
0.000000
0.000000
0.000000
0.000000
0.000000
0.000000
0.000000
0.000000
0.000000
0.000000
0.000000
0.000000
0.000000
0.000000
0.000000
0.000000
0.000000
0.000000
0.000000
0.000000
0.000000
0.000000
0.000000
0.000000
0.000000
0.000000
0.000000
0.000000
0.000000
0.000000
0.000000
0.000000
0.000000
0.000000
0.000000
0.000000
0.000000
0.000000
0.000000
0.000000
0.000000
0.000000
0.000000
0.000000
0.000000
0.000000
0.000000
0.000000
0.000000
0.000000
0.000000
0.000000
0.000000
0.000000
0.000000
0.000000
0.000000
0.000000
0.000000
0.000000
0.000000
0.000000
0.000000
0.000000
0.000000
0.000000
0.000000
0.000000
0.000000
0.000000
0.000000
0.000000
0.000000
0.000000
0.000000
0.000000
0.000000
0.000000
0.000000
0.000000
0.000000
0.000000
0.000000
0.000000
0.000000
0.000000
0.000000
0.000000
0.000000
0.000000
0.000000
0.000000
0.000000
0.000000
0.000000
0.000000
0.000000
0.000000
0.000000
0.000000
0.000000
0.000000
0.000000
0.000000
0.000000
0.000000
0.000000
0.000000
0.000000
0.000000
0.000000
0.000000
0.000000
0.000000
0.000000
0.000000
0.000000
0.000000
0.000000
0.000000
0.000000
0.000000
0.000000
0.000000
0.000000
0.000000
0.000000
0.000000
0.000000
0.000000
0.000000
0.000000
0.000000
0.000000
0.000000
0.000000
0.000000
0.000000
0.000000
0.000000
0.000000
0.000000
0.000000
0.000000
0.000000
0.000000
0.000000
0.000000
0.000000
0.000000
0.000000
0.000000
0.000000
0.000000
0.000000
0.000000
0.000000
0.000000
0.000000
0.000000
0.000000
0.000000
0.000000
0.000000
0.000000
0.000000
0.000000
0.000000
0.000000
0.000000
0.000000
0.000000
0.000000
0.000000
0.000000
0.000000
0.000000
0.000000
0.000000
0.000000
0.000000
0.000000
0.000000
0.000000
0.000000
0.000000
0.000000
0.000000
0.000000
0.000000
0.000000
0.000000
0.000000
0.000000
0.000000
0.000000
0.000000
0.000000
0.000000
0.000000
0.000000
0.000000
0.000000
0.000000
0.000000
0.000000
0.000000
0.000000
0.000000
0.000000
0.000000
0.000000
0.000000
0.000000
0.000000
0.000000
0.000000
0.000000
0.000000
0.000000
0.000000
0.000000
0.000000
0.000000
0.000000
0.000000
0.000000
0.000000
0.000000
0.000000
0.000000
0.000000
0.000000
0.000000
0.000000
0.000000
0.000000
0.000000
0.000000
0.000000
0.000000
0.000000
0.000000
0.000000
0.000000
0.000000
0.000000
0.000000
0.000000
0.000000
0.000000
0.000000
0.000000
0.000000
0.000000
0.000000
0.000000
0.000000
0.000000
0.000000
0.000000
0.000000
0.000000
0.000000
0.000000
0.000000
0.000000
0.000000
0.000000
0.000000
0.000000
0.000000
0.000000
0.000000
0.000000
0.000000
0.000000
0.000000
0.000000
0.000000
0.000000
0.000000
0.000000
0.000000
0.000000
0.000000
0.000000
0.000000
0.000000
0.000000
0.000000
0.000000
0.000000
0.000000
0.000000
0.000000
0.000000
0.000000
0.000000
0.000000
0.000000
0.000000
0.000000
0.000000
0.000000
0.000000
0.000000
0.000000
0.000000
0.000000
0.000000
0.000000
0.000000
0.000000
0.000000
0.000000
0.000000
0.000000
0.000000
0.000000
0.000000
0.000000
0.000000
0.000000
0.000000
0.000000
0.000000
0.000000
0.000000
0.000000
0.000000
0.000000
0.000000
0.000000
0.000000
0.000000
0.000000
0.000000
0.000000
0.000000
0.000000
0.000000
0.000000
0.000000
0.000000
0.000000
0.000000
0.000000
0.000000
0.000000
0.000000
0.000000
0.000000
0.000000
0.000000
0.000000
0.000000
0.000000
0.000000
0.000000
0.000000
0.000000
0.000000
0.000000
0.000000
0.000000
0.000000
0.000000
0.000000
0.000000
0.000000
0.000000
0.000000
0.000000
0.000000
0.000000
0.000000
0.000000
0.000000
0.000000
0.000000
0.000000
0.000000
0.000000
0.000000
0.000000
0.000000
0.000000
0.000000
0.000000
0.000000
0.000000
0.000000
0.000000
0.000000
0.000000
0.000000
0.000000
0.000000
0.000000
0.000000
0.000000
0.000000
0.000000
0.000000
0.000000
0.000000
0.000000
0.000000
0.000000
0.000000
0.000000
0.000000
0.000000
0.000000
0.000000
0.000000
0.000000
0.000000
0.000000
0.000000
0.000000
0.000000
0.000000
0.000000
0.000000
0.000000
0.000000
0.000000
0.000000
0.000000
0.000000
0.000000
0.000000
0.000000
0.000000
0.000000
0.000000
0.000000
0.000000
0.000000
0.000000
0.000000
0.000000
0.000000
0.000000
0.000000
0.000000
0.000000
0.000000
0.000000
0.000000
0.000000
0.000000
0.000000
0.000000
0.000000
0.000000
0.000000
0.000000
0.000000
0.000000
0.000000
0.000000
0.000000
0.000000
0.000000
0.000000
0.000000
0.000000
0.000000
0.000000
0.000000
0.000000
0.000000
0.000000
0.000000
0.000000
0.000000
0.000000
0.000000
0.000000
0.000000
0.000000
0.000000
0.000000
0.000000
0.000000
0.000000
0.000000
0.000000
0.000000
0.000000
0.000000
0.000000
0.000000
0.000000
0.000000
0.000000
0.000000
0.000000
0.000000
0.000000
0.000000
0.000000
0.000000
0.000000
0.000000
0.000000
0.000000
0.000000
0.000000
0.000000
0.000000
0.000000
0.000000
0.000000
0.000000
0.000000
0.000000
0.000000
0.000000
0.000000
0.000000
0.000000
0.000000
0.000000
0.000000
0.000000
0.000000
0.000000
0.000000
0.000000
0.000000
0.000000
0.000000
0.000000
0.000000
0.000000
0.000000
0.000000
0.000000
0.000000
0.000000
0.000000
0.000000
0.000000
0.000000
0.000000
0.000000
0.000000
0.000000
0.000000
0.000000
0.000000
0.000000
0.000000
0.000000
0.000000
0.000000
0.000000
0.000000
0.000000
0.000000
0.000000
0.000000
0.000000
0.000000
0.000000
0.000000
0.000000
0.000000
0.000000
0.000000
0.000000
0.000000
0.000000
0.000000
0.000000
0.000000
0.000000
0.000000
0.000000
0.000000
0.000000
0.000000
0.000000
0.000000
0.000000
0.000000
0.000000
0.000000
0.000000
0.000000
0.000000
0.000000
0.000000
0.000000
0.000000
0.000000
0.000000
0.000000
0.000000
0.000000
0.000000
0.000000
0.000000
0.000000
0.000000
0.000000
0.000000
0.000000
0.000000
0.000000
0.000000
0.000000
0.000000
0.000000
0.000000
0.000000
0.000000
0.000000
0.000000
0.000000
0.000000
0.000000
0.000000
0.000000
0.000000
0.000000
0.000000
0.000000
0.000000
0.000000
0.000000
0.000000
0.000000
0.000000
0.000000
0.000000
0.000000
0.000000
0.000000
0.000000
0.000000
0.000000
0.000000
0.000000
0.000000
0.000000
0.000000
0.000000
0.000000
0.000000
0.000000
0.000000
0.000000
0.000000
0.000000
0.000000
0.000000
0.000000
0.000000
0.000000
0.000000
0.000000
0.000000
0.000000
0.000000
0.000000
0.000000
0.000000
0.000000
0.000000
0.000000
0.000000
0.000000
0.000000
0.000000
0.000000
0.000000
0.000000
0.000000
0.000000
0.000000
0.000000
0.000000
0.000000
0.000000
0.000000
0.000000
0.000000
0.000000
0.000000
0.000000
0.000000
0.000000
0.000000
0.000000
0.000000
0.000000
0.000000
0.000000
0.000000
0.000000
0.000000
0.000000
0.000000
0.000000
0.000000
0.000000
0.000000
0.000000
0.000000
0.000000
0.000000
0.000000
0.000000
0.000000
0.000000
0.000000
0.000000
0.000000
0.000000
0.000000
0.000000
0.000000
0.000000
0.000000
0.000000
0.000000
0.000000
0.000000
0.000000
0.000000
0.000000
0.000000
0.000000
0.000000
0.000000
0.000000
0.000000
0.000000
0.000000
0.000000
0.000000
0.000000
0.000000
0.000000
0.000000
0.000000
0.000000
0.000000
0.000000
0.000000
0.000000
0.000000
0.000000
0.000000
0.000000
0.000000
0.000000
0.000000
0.000000
0.000000
0.000000
0.000000
0.000000
0.000000
0.000000
0.000000
0.000000
0.000000
0.000000
0.000000
0.000000
0.000000
0.000000
0.000000
0.000000
0.000000
0.000000
0.000000
0.000000
0.000000
0.000000
0.000000
0.000000
0.000000
0.000000
0.000000
0.000000
0.000000
0.000000
0.000000
0.000000
0.000000
0.000000
0.000000
0.000000
0.000000
0.000000
0.000000
0.000000
0.000000
0.000000
0.000000
0.000000
0.000000
0.000000
0.000000
0.000000
0.000000
0.000000
0.000000
0.000000
0.000000
0.000000
0.000000
0.000000
0.000000
0.000000
0.000000
0.000000
0.000000
0.000000
0.000000
0.000000
0.000000
0.000000
0.000000
0.000000
0.000000
0.000000
0.000000
0.000000
0.000000
0.000000
0.000000
0.000000
0.000000
0.000000
0.000000
0.000000
0.000000
0.000000
0.000000
0.000000
0.000000
0.000000
0.000000
0.000000
0.000000
0.000000
0.000000
0.000000
0.000000
0.000000
0.000000
0.000000
0.000000
0.000000
0.000000
0.000000
0.000000
0.000000
0.000000
0.000000
0.000000
0.000000
0.000000
0.000000
0.000000
0.000000
0.000000
0.000000
0.000000
0.000000
0.000000
0.000000
0.000000
0.000000
0.000000
0.000000
0.000000
0.000000
0.000000
0.000000
0.000000
0.000000
0.000000
0.000000
0.000000
0.000000
0.000000
0.000000
0.000000
0.000000
0.000000
0.000000
0.000000
0.000000
0.000000
0.000000
0.000000
0.000000
0.000000
0.000000
0.000000
0.000000
0.000000
0.000000
0.000000
0.000000
0.000000
0.000000
0.000000
0.000000
0.000000
0.000000
0.000000
0.000000
0.000000
0.000000
0.000000
0.000000
0.000000
0.000000
0.000000
0.000000
0.000000
0.000000
0.000000
0.000000
0.000000
0.000000
0.000000
0.000000
0.000000
0.000000
0.000000
0.000000
0.000000
0.000000
0.000000
0.000000
0.000000
0.000000
0.000000
0.000000
0.000000
0.000000
0.000000
0.000000
0.000000
0.000000
0.000000
0.000000
0.000000
0.000000
0.000000
0.000000
0.000000
0.000000
0.000000
0.000000
0.000000
0.000000
0.000000
0.000000
0.000000
0.000000
0.000000
0.000000
0.000000
0.000000
0.000000
0.000000
0.000000
0.000000
0.000000
0.000000
0.000000
0.000000
0.000000
0.000000
0.000000
0.000000
0.000000
0.000000
0.000000
0.000000
0.000000
0.000000
0.000000
0.000000
0.000000
0.000000
0.000000
0.000000
0.000000
0.000000
0.000000
0.000000
0.000000
0.000000
0.000000
0.000000
0.000000
0.000000
0.000000
0.000000
0.000000
0.000000
0.000000
0.000000
0.000000
0.000000
0.000000
0.000000
0.000000
0.000000
0.000000
0.000000
0.000000
0.000000
0.000000
0.000000
0.000000
0.000000
0.000000
0.000000
0.000000
0.000000
0.000000
0.000000
0.000000
0.000000
0.000000
0.000000
0.000000
0.000000
0.000000
0.000000
0.000000
0.000000
0.000000
0.000000
0.000000
0.000000
0.000000
0.000000
0.000000
0.000000
0.000000
0.000000
0.000000
0.000000
0.000000
0.000000
0.000000
0.000000
0.000000
0.000000
0.000000
0.000000
0.000000
0.000000
0.000000
0.000000
0.000000
0.000000
0.000000
0.000000
0.000000
0.000000
0.000000
0.000000
0.000000
0.000000
0.000000
0.000000
0.000000
0.000000
0.000000
0.000000
0.000000
0.000000
0.000000
0.000000
0.000000
0.000000
0.000000
0.000000
0.000000
0.000000
0.000000
0.000000
0.000000
0.000000
0.000000
0.000000
0.000000
0.000000
0.000000
0.000000
0.000000
0.000000
0.000000
0.000000
0.000000
0.000000
0.000000
0.000000
0.000000
0.000000
0.000000
0.000000
0.000000
0.000000
0.000000
0.000000
0.000000
0.000000
0.000000
0.000000
0.000000
0.000000
0.000000
0.000000
0.000000
0.000000
0.000000
0.000000
0.000000
0.000000
0.000000
0.000000
0.000000
0.000000
0.000000
0.000000
0.000000
0.000000
0.000000
0.000000
0.000000
0.000000
0.000000
0.000000
0.000000
0.000000
0.000000
0.000000
0.000000
0.000000
0.000000
0.000000
0.000000
0.000000
0.000000
0.000000
0.000000
0.000000
0.000000
0.000000
0.000000
0.000000
0.000000
0.000000
0.000000
0.000000
0.000000
0.000000
0.000000
0.000000
0.000000
0.000000
0.000000
0.000000
0.000000
0.000000
0.000000
0.000000
0.000000
0.000000
0.000000
0.000000
0.000000
0.000000
0.000000
0.000000
0.000000
0.000000
0.000000
0.000000
0.000000
0.000000
0.000000
0.000000
0.000000
0.000000
0.000000
0.000000
0.000000
0.000000
0.000000
0.000000
0.000000
0.000000
0.000000
0.000000
0.000000
0.000000
0.000000
0.000000
0.000000
0.000000
0.000000
0.000000
0.000000
0.000000
0.000000
0.000000
0.000000
0.000000
0.000000
0.000000
0.000000
0.000000
0.000000
0.000000
0.000000
0.000000
0.000000
0.000000
0.000000
0.000000
0.000000
0.000000
0.000000
0.000000
0.000000
0.000000
0.000000
0.000000
0.000000
0.000000
0.000000
0.000000
0.000000
0.000000
0.000000
0.000000
0.000000
0.000000
0.000000
0.000000
0.000000
0.000000
0.000000
0.000000
0.000000
0.000000
0.000000
0.000000
0.000000
0.000000
0.000000
0.000000
0.000000
0.000000
0.000000
0.000000
0.000000
0.000000
0.000000
0.000000
0.000000
0.000000
0.000000
0.000000
0.000000
0.000000
0.000000
0.000000
0.000000
0.000000
0.000000
0.000000
0.000000
0.000000
0.000000
0.000000
0.000000
0.000000
0.000000
0.000000
0.000000
0.000000
0.000000
0.000000
0.000000
0.000000
0.000000
0.000000
0.000000
0.000000
0.000000
0.000000
0.000000
0.000000
0.000000
0.000000
0.000000
0.000000
0.000000
0.000000
0.000000
0.000000
0.000000
0.000000
0.000000
0.000000
0.000000
0.000000
0.000000
0.000000
0.000000
0.000000
0.000000
0.000000
0.000000
0.000000
0.000000
0.000000
0.000000
0.000000
0.000000
0.000000
0.000000
0.000000
0.000000
0.000000
0.000000
0.000000
0.000000
0.000000
0.000000
0.000000
0.000000
0.000000
0.000000
0.000000
0.000000
0.000000
0.000000
0.000000
0.000000
0.000000
0.000000
0.000000
0.000000
0.000000
0.000000
0.000000
0.000000
0.000000
0.000000
0.000000
0.000000
0.000000
0.000000
0.000000
0.000000
0.000000
0.000000
0.000000
0.000000
0.000000
0.000000
0.000000
0.000000
0.000000
0.000000
0.000000
0.000000
0.000000
0.000000
0.000000
0.000000
0.000000
0.000000
0.000000
0.000000
0.000000
0.000000
0.000000
0.000000
0.000000
0.000000
0.000000
0.000000
0.000000
0.000000
0.000000
0.000000
0.000000
0.000000
0.000000
0.000000
0.000000
0.000000
0.000000
0.000000
0.000000
0.000000
0.000000
0.000000
0.000000
0.000000
0.000000
0.000000
0.000000
0.000000
0.000000
0.000000
0.000000
0.000000
0.000000
0.000000
0.000000
0.000000
0.000000
0.000000
0.000000
0.000000
0.000000
0.000000
0.000000
0.000000
0.000000
0.000000
0.000000
0.000000
0.000000
0.000000
0.000000
0.000000
0.000000
0.000000
0.000000
0.000000
0.000000
0.000000
0.000000
0.000000
0.000000
0.000000
0.000000
0.000000
0.000000
0.000000
0.000000
0.000000
0.000000
0.000000
0.000000
0.000000
0.000000
0.000000
0.000000
0.000000
0.000000
0.000000
0.000000
0.000000
0.000000
0.000000
0.000000
0.000000
0.000000
0.000000
0.000000
0.000000
0.000000
0.000000
0.000000
0.000000
0.000000
0.000000
0.000000
0.000000
0.000000
0.000000
0.000000
0.000000
0.000000
0.000000
0.000000
0.000000
0.000000
0.000000
0.000000
0.000000
0.000000
0.000000
0.000000
0.000000
0.000000
0.000000
0.000000
0.000000
0.000000
0.000000
0.000000
0.000000
0.000000
0.000000
0.000000
0.000000
0.000000
0.000000
0.000000
0.000000
0.000000
0.000000
0.000000
0.000000
0.000000
0.000000
0.000000
0.000000
0.000000
0.000000
0.000000
0.000000
0.000000
0.000000
0.000000
0.000000
0.000000
0.000000
0.000000
0.000000
0.000000
0.000000
0.000000
0.000000
0.000000
0.000000
0.000000
0.000000
0.000000
0.000000
0.000000
0.000000
0.000000
0.000000
0.000000
0.000000
0.000000
0.000000
0.000000
0.000000
0.000000
0.000000
0.000000
0.000000
0.000000
0.000000
0.000000
0.000000
0.000000
0.000000
0.000000
0.000000
0.000000
0.000000
0.000000
0.000000
0.000000
0.000000
0.000000
0.000000
0.000000
0.000000
0.000000
0.000000
0.000000
0.000000
0.000000
0.000000
0.000000
0.000000
0.000000
0.000000
0.000000
0.000000
0.000000
0.000000
0.000000
0.000000
0.000000
0.000000
0.000000
0.000000
0.000000
0.000000
0.000000
0.000000
0.000000
0.000000
0.000000
0.000000
0.000000
0.000000
0.000000
0.000000
0.000000
0.000000
0.000000
0.000000
0.000000
0.000000
0.000000
0.000000
0.000000
0.000000
0.000000
0.000000
0.000000
0.000000
0.000000
0.000000
0.000000
0.000000
0.000000
0.000000
0.000000
0.000000
0.000000
0.000000
0.000000
0.000000
0.000000
0.000000
0.000000
0.000000
0.000000
0.000000
0.000000
0.000000
0.000000
0.000000
0.000000
0.000000
0.000000
0.000000
0.000000
0.000000
0.000000
0.000000
0.000000
0.000000
0.000000
0.000000
0.000000
0.000000
0.000000
0.000000
0.000000
0.000000
0.000000
0.000000
0.000000
0.000000
0.000000
0.000000
0.000000
0.000000
0.000000
0.000000
0.000000
0.000000
0.000000
0.000000
0.000000
0.000000
0.000000
0.000000
0.000000
0.000000
0.000000
0.000000
0.000000
0.000000
0.000000
0.000000
0.000000
0.000000
0.000000
0.000000
0.000000
0.000000
0.000000
0.000000
0.000000
0.000000
0.000000
0.000000
0.000000
0.000000
0.000000
0.000000
0.000000
0.000000
0.000000
0.000000
0.000000
0.000000
0.000000
0.000000
0.000000
0.000000
0.000000
0.000000
0.000000
0.000000
0.000000
0.000000
0.000000
0.000000
0.000000
0.000000
0.000000
0.000000
0.000000
0.000000
0.000000
0.000000
0.000000
0.000000
0.000000
0.000000
0.000000
0.000000
0.000000
0.000000
0.000000
0.000000
0.000000
0.000000
0.000000
0.000000
0.000000
0.000000
0.000000
0.000000
0.000000
0.000000
0.000000
0.000000
0.000000
0.000000
0.000000
0.000000
0.000000
0.000000
0.000000
0.000000
0.000000
0.000000
0.000000
0.000000
0.000000
0.000000
0.000000
0.000000
0.000000
0.000000
0.000000
0.000000
0.000000
0.000000
0.000000
0.000000
0.000000
0.000000
0.000000
0.000000
0.000000
0.000000
0.000000
0.000000
0.000000
0.000000
0.000000
0.000000
0.000000
0.000000
0.000000
0.000000
0.000000
0.000000
0.000000
0.000000
0.000000
0.000000
0.000000
0.000000
0.000000
0.000000
0.000000
0.000000
0.000000
0.000000
0.000000
0.000000
0.000000
0.000000
0.000000
0.000000
0.000000
0.000000
0.000000
0.000000
0.000000
0.000000
0.000000
0.000000
0.000000
0.000000
0.000000
0.000000
0.000000
0.000000
0.000000
0.000000
0.000000
0.000000
0.000000
0.000000
0.000000
0.000000
0.000000
0.000000
0.000000
0.000000
0.000000
0.000000
0.000000
0.000000
0.000000
0.000000
0.000000
0.000000
0.000000
0.000000
0.000000
0.000000
0.000000
0.000000
0.000000
0.000000
0.000000
0.000000
0.000000
0.000000
0.000000
0.000000
0.000000
0.000000
0.000000
0.000000
0.000000
0.000000
0.000000
0.000000
0.000000
0.000000
0.000000
0.000000
0.000000
0.000000
0.000000
0.000000
0.000000
0.000000
0.000000
0.000000
0.000000
0.000000
0.000000
0.000000
0.000000
0.000000
0.000000
0.000000
0.000000
0.000000
0.000000
0.000000
0.000000
0.000000
0.000000
0.000000
0.000000
0.000000
0.000000
0.000000
0.000000
0.000000
0.000000
0.000000
0.000000
0.000000
0.000000
0.000000
0.000000
0.000000
0.000000
0.000000
0.000000
0.000000
0.000000
0.000000
0.000000
0.000000
0.000000
0.000000
0.000000
0.000000
0.000000
0.000000
0.000000
0.000000
0.000000
0.000000
0.000000
0.000000
0.000000
0.000000
0.000000
0.000000
0.000000
0.000000
0.000000
0.000000
0.000000
0.000000
0.000000
0.000000
0.000000
0.000000
0.000000
0.000000
0.000000
0.000000
0.000000
0.000000
0.000000
0.000000
0.000000
0.000000
0.000000
0.000000
0.000000
0.000000
0.000000
0.000000
0.000000
0.000000
0.000000
0.000000
0.000000
0.000000
0.000000
0.000000
0.000000
0.000000
0.000000
0.000000
0.000000
0.000000
0.000000
0.000000
0.000000
0.000000
0.000000
0.000000
0.000000
0.000000
0.000000
0.000000
0.000000
0.000000
0.000000
0.000000
0.000000
0.000000
0.000000
0.000000
0.000000
0.000000
0.000000
0.000000
0.000000
0.000000
0.000000
0.000000
0.000000
0.000000
0.000000
0.000000
0.000000
0.000000
0.000000
0.000000
0.000000
0.000000
0.000000
0.000000
0.000000
0.000000
0.000000
0.000000
0.000000
0.000000
0.000000
0.000000
0.000000
0.000000
0.000000
0.000000
0.000000
0.000000
0.000000
0.000000
0.000000
0.000000
0.000000
0.000000
0.000000
0.000000
0.000000
0.000000
0.000000
0.000000
0.000000
0.000000
0.000000
0.000000
0.000000
0.000000
0.000000
0.000000
0.000000
0.000000
0.000000
0.000000
0.000000
0.000000
0.000000
0.000000
0.000000
0.000000
0.000000
0.000000
0.000000
0.000000
0.000000
0.000000
0.000000
0.000000
0.000000
0.000000
0.000000
0.000000
0.000000
0.000000
0.000000
0.000000
0.000000
0.000000
0.000000
0.000000
0.000000
0.000000
0.000000
0.000000
0.000000
0.000000
0.000000
0.000000
0.000000
0.000000
0.000000
0.000000
0.000000
0.000000
0.000000
0.000000
0.000000
0.000000
0.000000
0.000000
0.000000
0.000000
0.000000
0.000000
0.000000
0.000000
0.000000
0.000000
0.000000
0.000000
0.000000
0.000000
0.000000
0.000000
0.000000
0.000000
0.000000
0.000000
0.000000
0.000000
0.000000
0.000000
0.000000
0.000000
0.000000
0.000000
0.000000
0.000000
0.000000
0.000000
0.000000
0.000000
0.000000
0.000000
0.000000
0.000000
0.000000
0.000000
0.000000
0.000000
0.000000
0.000000
0.000000
0.000000
0.000000
0.000000
0.000000
0.000000
0.000000
0.000000
0.000000
0.000000
0.000000
0.000000
0.000000
0.000000
0.000000
0.000000
0.000000
0.000000
0.000000
0.000000
0.000000
0.000000
0.000000
0.000000
0.000000
0.000000
0.000000
0.000000
0.000000
0.000000
0.000000
0.000000
0.000000
0.000000
0.000000
0.000000
0.000000
0.000000
0.000000
0.000000
0.000000
0.000000
0.000000
0.000000
0.000000
0.000000
0.000000
0.000000
0.000000
0.000000
0.000000
0.000000
0.000000
0.000000
0.000000
0.000000
0.000000
0.000000
0.000000
0.000000
0.000000
0.000000
0.000000
