17.795715
249.140015
53.387146
0.000000
106.774292
71.182861
124.570007
124.570007
124.570007
160.161438
249.140015
373.710022
409.301453
373.710022
302.527161
266.935730
284.731445
320.322876
355.914307
391.505737
391.505737
462.688599
498.280029
569.462891
658.441467
694.032898
765.215759
818.602905
800.807190
907.581482
943.172913
960.968628
943.172913
925.377197
978.764343
1049.947266
1103.334351
1049.947266
1085.538696
1156.721558
1227.904419
1334.678711
1459.248657
1548.227295
1548.227295
1530.431519
1423.657227
1299.087280
1334.678711
1245.700073
1103.334351
1032.151489
1014.355774
1032.151489
1067.742920
854.194336
800.807190
800.807190
818.602905
854.194336
854.194336
818.602905
836.398621
907.581482
925.377197
907.581482
907.581482
925.377197
943.172913
978.764343
996.560059
996.560059
1049.947266
1138.925781
1245.700073
1388.065796
1494.840088
1672.797241
1939.733032
2295.647461
2580.378906
2758.335938
2989.680176
3096.454590
3060.863037
3060.863037
2971.884521
3043.067383
2971.884521
2669.357422
2295.647461
1904.141602
1619.410156
1388.065796
1352.474365
1370.270142
1352.474365
1334.678711
1334.678711
1316.882935
1334.678711
1352.474365
1370.270142
1441.453003
1494.840088
1459.248657
1530.431519
1619.410156
1743.980103
1815.162964
1939.733032
2135.485840
2277.851562
2313.443115
2117.690186
1868.550171
1601.614380
1530.431519
1566.022949
1619.410156
1708.388672
1832.958740
2010.915894
2188.873047
2438.013184
2776.131592
2989.680176
3114.250244
3274.411621
3292.207520
3114.250244
2704.948730
2064.302979
1672.797241
1939.733032
2010.915894
1904.141602
1975.324463
2046.507324
2260.055908
2544.787354
2847.314453
3007.476074
2847.314453
2598.174561
2206.668701
2099.894531
2117.690186
2171.077393
2260.055908
2260.055908
2260.055908
2349.034424
2455.808838
2438.013184
2402.421631
2420.217285
2366.830322
2295.647461
2295.647461
2402.421631
2313.443115
2242.260254
2331.238770
2349.034424
2349.034424
2366.830322
2455.808838
2455.808838
2224.464600
2242.260254
2242.260254
2206.668701
2135.485840
2064.302979
2010.915894
1975.324463
1904.141602
1743.980103
1708.388672
1619.410156
1637.205811
1761.775879
1975.324463
2064.302979
2064.302979
1957.528687
1957.528687
1957.528687
1939.733032
1832.958740
1797.367310
1779.571533
1832.958740
1815.162964
1797.367310
1886.345825
1886.345825
1975.324463
2010.915894
2028.711548
2117.690186
2224.464600
1993.120117
1921.937256
1993.120117
2010.915894
2010.915894
1993.120117
2082.098877
2135.485840
2117.690186
2135.485840
2224.464600
2242.260254
2260.055908
2277.851562
2313.443115
2295.647461
2242.260254
2242.260254
2313.443115
2295.647461
2295.647461
2349.034424
2420.217285
2473.604492
2722.744629
3167.637451
3452.368896
3772.691650
3932.853271
3754.895996
3612.530273
3381.186035
2687.153076
2455.808838
2544.787354
2455.808838
2455.808838
2455.808838
2544.787354
2722.744629
2722.744629
2793.927490
2847.314453
2811.723145
2687.153076
2633.765869
2580.378906
2615.970215
2740.540283
2882.906006
2811.723145
2811.723145
2722.744629
2669.357422
2687.153076
2722.744629
2704.948730
2900.701660
3025.271729
3060.863037
3043.067383
2954.088867
2971.884521
3007.476074
2829.518799
2776.131592
2776.131592
2651.561768
2633.765869
2740.540283
2349.034424
2562.583008
2526.991699
2669.357422
2438.013184
2562.583008
2509.196045
2384.625977
2455.808838
2438.013184
2331.238770
2295.647461
2331.238770
2349.034424
2206.668701
2064.302979
2188.873047
2082.098877
2064.302979
2099.894531
2028.711548
2153.281738
1975.324463
2117.690186
1886.345825
1957.528687
1779.571533
1815.162964
1832.958740
1904.141602
1797.367310
1797.367310
1761.775879
1761.775879
1779.571533
1708.388672
1637.205811
1601.614380
1672.797241
1637.205811
1583.818726
1583.818726
1512.635864
1530.431519
1548.227295
1441.453003
1477.044434
1459.248657
1441.453003
1494.840088
1423.657227
1423.657227
1352.474365
1334.678711
1370.270142
1334.678711
1299.087280
1334.678711
1370.270142
1388.065796
1370.270142
1388.065796
1370.270142
1405.861572
1352.474365
1316.882935
1281.291504
1085.538696
1210.108643
1156.721558
1192.312988
1210.108643
1227.904419
1210.108643
1299.087280
1299.087280
1334.678711
1316.882935
1245.700073
1192.312988
1085.538696
1103.334351
1103.334351
1121.130127
1174.517212
1138.925781
1174.517212
1192.312988
1210.108643
1281.291504
1405.861572
1548.227295
1637.205811
1904.141602
2064.302979
2171.077393
2171.077393
2099.894531
1904.141602
1797.367310
1316.882935
1032.151489
1245.700073
1192.312988
1138.925781
1192.312988
1227.904419
1299.087280
1263.495850
1281.291504
1352.474365
1548.227295
1886.345825
2188.873047
2171.077393
2099.894531
1939.733032
1921.937256
1690.593018
1192.312988
1192.312988
1316.882935
1245.700073
1316.882935
1316.882935
1281.291504
1281.291504
1388.065796
1405.861572
1405.861572
1405.861572
1405.861572
1388.065796
1388.065796
1423.657227
1370.270142
1459.248657
1441.453003
996.560059
1281.291504
1601.614380
1334.678711
1210.108643
1423.657227
1388.065796
1281.291504
1370.270142
1352.474365
1316.882935
1316.882935
1281.291504
1299.087280
1263.495850
1245.700073
1210.108643
1121.130127
1067.742920
1067.742920
1121.130127
1156.721558
1174.517212
1174.517212
1192.312988
1138.925781
1138.925781
1121.130127
1103.334351
1085.538696
1049.947266
978.764343
925.377197
783.011475
569.462891
480.484314
320.322876
373.710022
462.688599
605.054321
836.398621
889.785767
889.785767
889.785767
854.194336
836.398621
854.194336
765.215759
711.828613
622.850037
516.075745
409.301453
320.322876
320.322876
373.710022
462.688599
605.054321
587.258606
765.215759
747.420044
587.258606
622.850037
587.258606
587.258606
533.871460
533.871460
516.075745
516.075745
462.688599
462.688599
444.892883
444.892883
516.075745
480.484314
480.484314
462.688599
462.688599
462.688599
480.484314
533.871460
569.462891
462.688599
516.075745
480.484314
480.484314
444.892883
462.688599
498.280029
480.484314
533.871460
551.667175
622.850037
676.237183
729.624329
836.398621
925.377197
1085.538696
1263.495850
1441.453003
1619.410156
1815.162964
1921.937256
2064.302979
2260.055908
2366.830322
2438.013184
2402.421631
2295.647461
2028.711548
1690.593018
1441.453003
1370.270142
1334.678711
1441.453003
1601.614380
1779.571533
2046.507324
2313.443115
2473.604492
2349.034424
2117.690186
1655.001587
1192.312988
1049.947266
1032.151489
1138.925781
1245.700073
1334.678711
1477.044434
1655.001587
1868.550171
2117.690186
2473.604492
2669.357422
2687.153076
2615.970215
2526.991699
2153.281738
1708.388672
1441.453003
1423.657227
1405.861572
1494.840088
1512.635864
1548.227295
1637.205811
1708.388672
1779.571533
1832.958740
1886.345825
2099.894531
2277.851562
2420.217285
2455.808838
2420.217285
2242.260254
1939.733032
1655.001587
1477.044434
1619.410156
1672.797241
1637.205811
1637.205811
1743.980103
1832.958740
1921.937256
2082.098877
2153.281738
2135.485840
2010.915894
1832.958740
1708.388672
1797.367310
1832.958740
1797.367310
1779.571533
1832.958740
1832.958740
1868.550171
1850.754395
1797.367310
1850.754395
1921.937256
1939.733032
1993.120117
2082.098877
2188.873047
2260.055908
2206.668701
2224.464600
2224.464600
2135.485840
2046.507324
2028.711548
2099.894531
2064.302979
2028.711548
2117.690186
2206.668701
2188.873047
2099.894531
2064.302979
2099.894531
2064.302979
2010.915894
2064.302979
2064.302979
2028.711548
2010.915894
2028.711548
2064.302979
1975.324463
1957.528687
2028.711548
2010.915894
2082.098877
2099.894531
2171.077393
2349.034424
2438.013184
2384.625977
2331.238770
2295.647461
2188.873047
2135.485840
2277.851562
2295.647461
2349.034424
2491.400146
2740.540283
2776.131592
2669.357422
2633.765869
2704.948730
2722.744629
2651.561768
2562.583008
2349.034424
2277.851562
2260.055908
2206.668701
2171.077393
2242.260254
2384.625977
2438.013184
2615.970215
2811.723145
2740.540283
2598.174561
2420.217285
2277.851562
2188.873047
2260.055908
2313.443115
2349.034424
2331.238770
2420.217285
2420.217285
2331.238770
2331.238770
2313.443115
2331.238770
2153.281738
2064.302979
2028.711548
1993.120117
1850.754395
1726.184448
1583.818726
1726.184448
1583.818726
1405.861572
1227.904419
1032.151489
907.581482
871.990051
854.194336
996.560059
1192.312988
1281.291504
1352.474365
1334.678711
1334.678711
1299.087280
1210.108643
1138.925781
1067.742920
996.560059
907.581482
818.602905
676.237183
622.850037
605.054321
587.258606
605.054321
587.258606
658.441467
640.645752
907.581482
978.764343
818.602905
800.807190
783.011475
783.011475
711.828613
694.032898
658.441467
605.054321
569.462891
533.871460
516.075745
498.280029
498.280029
498.280029
533.871460
533.871460
569.462891
711.828613
711.828613
640.645752
658.441467
658.441467
605.054321
605.054321
569.462891
569.462891
533.871460
533.871460
516.075745
551.667175
551.667175
516.075745
516.075745
587.258606
516.075745
498.280029
516.075745
516.075745
533.871460
480.484314
498.280029
551.667175
498.280029
498.280029
569.462891
551.667175
605.054321
587.258606
605.054321
605.054321
622.850037
676.237183
729.624329
747.420044
711.828613
729.624329
729.624329
711.828613
711.828613
711.828613
711.828613
729.624329
765.215759
836.398621
889.785767
943.172913
1014.355774
1067.742920
1192.312988
1352.474365
1548.227295
1690.593018
1850.754395
2028.711548
2171.077393
2153.281738
2028.711548
1832.958740
1601.614380
1423.657227
1263.495850
1192.312988
1192.312988
1245.700073
1334.678711
1352.474365
1334.678711
1316.882935
1299.087280
1299.087280
1388.065796
1441.453003
1441.453003
1459.248657
1459.248657
1477.044434
1530.431519
1583.818726
1566.022949
1566.022949
1566.022949
1566.022949
1619.410156
1619.410156
1601.614380
1566.022949
1601.614380
1619.410156
1690.593018
1743.980103
1779.571533
1779.571533
1850.754395
1921.937256
1850.754395
1726.184448
1637.205811
1637.205811
1566.022949
1512.635864
1512.635864
1494.840088
1494.840088
1494.840088
1477.044434
1370.270142
1227.904419
1121.130127
996.560059
925.377197
889.785767
978.764343
1103.334351
1192.312988
1192.312988
1174.517212
1067.742920
1085.538696
1014.355774
943.172913
925.377197
907.581482
871.990051
854.194336
889.785767
907.581482
854.194336
836.398621
783.011475
729.624329
640.645752
516.075745
391.505737
195.752869
17.795715
-195.752869
-409.301453
-569.462891
-587.258606
-462.688599
-266.935730
0.000000
284.731445
444.892883
533.871460
444.892883
391.505737
409.301453
427.097168
444.892883
516.075745
587.258606
783.011475
587.258606
605.054321
640.645752
694.032898
800.807190
889.785767
925.377197
943.172913
943.172913
960.968628
996.560059
1138.925781
1370.270142
1583.818726
1832.958740
2099.894531
2420.217285
2704.948730
2829.518799
3043.067383
3060.863037
2918.497314
2758.335938
2687.153076
2598.174561
2598.174561
2473.604492
2188.873047
2064.302979
1993.120117
1832.958740
1548.227295
1352.474365
1192.312988
1192.312988
1245.700073
1263.495850
1281.291504
1245.700073
1263.495850
1192.312988
1138.925781
1210.108643
1281.291504
1316.882935
1334.678711
1405.861572
1530.431519
1726.184448
1904.141602
2188.873047
2402.421631
2669.357422
2847.314453
2882.906006
2936.293213
2829.518799
2615.970215
2455.808838
2295.647461
1975.324463
1690.593018
1548.227295
1566.022949
1619.410156
1583.818726
1566.022949
1601.614380
1619.410156
1619.410156
1637.205811
1637.205811
1655.001587
1690.593018
1690.593018
1655.001587
1655.001587
1690.593018
1726.184448
1797.367310
1868.550171
1993.120117
2277.851562
2562.583008
2811.723145
2954.088867
2989.680176
2704.948730
2295.647461
1886.345825
1850.754395
1886.345825
1939.733032
1975.324463
1993.120117
1975.324463
1957.528687
2010.915894
2099.894531
2117.690186
2099.894531
2117.690186
2153.281738
2099.894531
2064.302979
2099.894531
2135.485840
2099.894531
2064.302979
2064.302979
2171.077393
2295.647461
2313.443115
2509.196045
2687.153076
2651.561768
2580.378906
2402.421631
2171.077393
2046.507324
2135.485840
2064.302979
1815.162964
1886.345825
1779.571533
1690.593018
1708.388672
1655.001587
1548.227295
1441.453003
1352.474365
1245.700073
1103.334351
1014.355774
960.968628
978.764343
1032.151489
1121.130127
1138.925781
1210.108643
1156.721558
1103.334351
1067.742920
1014.355774
978.764343
978.764343
1014.355774
978.764343
978.764343
960.968628
943.172913
871.990051
871.990051
871.990051
871.990051
871.990051
836.398621
783.011475
765.215759
711.828613
640.645752
569.462891
462.688599
373.710022
231.344299
88.978577
-17.795715
-88.978577
-124.570007
-177.957153
-213.548584
-88.978577
106.774292
355.914307
569.462891
498.280029
444.892883
462.688599
427.097168
391.505737
338.118591
302.527161
213.548584
142.365723
35.591431
-35.591431
-160.161438
-266.935730
-338.118591
-302.527161
-177.957153
-35.591431
88.978577
71.182861
17.795715
-53.387146
-106.774292
-106.774292
-106.774292
-160.161438
-177.957153
-142.365723
-106.774292
-88.978577
-71.182861
-88.978577
-106.774292
-142.365723
-142.365723
-177.957153
-177.957153
-177.957153
-177.957153
-195.752869
-195.752869
0.000000
