0.000000
1322.618652
1315.078613
1315.078613
1320.105225
1312.565430
1325.132080
1322.618652
1315.078613
1325.132080
1325.132080
1317.591919
1320.105225
1327.645630
1315.078613
1272.354370
1327.645630
1322.618652
1335.187012
1337.701050
1347.758667
1347.758667
1355.303711
1362.850708
1357.819214
1360.334839
1372.916504
1370.399658
1365.366821
1362.850708
1362.850708
1372.916504
1393.061890
1367.883057
1398.101562
1377.951050
1380.468750
1395.581543
1395.581543
1400.621948
1410.707153
1398.101562
1418.275513
1418.275513
1423.323120
1441.005127
1441.005127
1441.005127
1443.533203
1448.590820
1446.061768
1448.590820
1453.650757
1451.120483
1448.590820
1453.650757
1471.379028
1463.777466
1446.061768
1473.914185
1468.844604
1473.914185
1481.523438
1486.599609
1496.760620
1496.760620
1499.302612
1501.845459
1514.571167
1514.571167
1519.666992
1529.868774
1555.435303
1540.084351
1540.084351
1552.874512
1550.314575
1540.084351
1560.559937
1542.640503
1563.123657
1560.559937
1565.688477
1581.098633
1583.670654
1596.547363
1617.209351
1609.452271
1632.756592
1640.547241
1656.164307
1661.380859
1674.446899
1682.303833
1692.800537
1692.800537
1692.800537
1708.591675
1700.689087
1700.689087
1695.428589
1698.058105
1698.058105
1705.955933
1711.229004
1719.150879
1724.440186
1745.665039
1740.348511
1750.988525
1761.656982
1772.354614
1785.768921
1793.840576
1812.743774
1829.026611
1859.079468
1859.079468
1870.074951
1867.322632
1894.952026
1900.506836
1914.437134
1925.627075
1925.627075
1939.672974
1948.132324
1939.672974
1936.858521
1914.437134
1911.646118
1897.728149
1900.506836
1883.871704
1881.107666
1856.336304
1815.452393
1818.163086
1791.148071
1764.328613
1743.005859
1727.087280
1708.591675
1698.058105
1687.549194
1682.303833
1661.380859
1658.771973
1653.558105
1643.146729
1617.209351
1612.036743
1601.705811
1583.670654
1557.997070
1545.197632
1540.084351
1509.478516
1504.389038
1491.678711
1478.986328
1473.914185
1456.181519
1428.372681
1423.323120
1428.372681
1418.275513
1420.799072
1415.752319
1403.142700
1388.023682
1395.581543
1385.505127
1375.433716
1372.916504
1377.951050
1367.883057
1382.986816
1382.986816
1388.023682
1400.621948
1408.185303
1425.847656
1433.424194
1458.712891
1473.914185
1494.219238
1512.024414
1540.084351
1560.559937
1591.393311
1612.036743
1632.756592
1658.771973
1700.689087
1708.591675
1750.988525
1783.082153
1810.037231
1842.654053
1872.829590
1892.178345
1914.437134
1970.810913
1976.508545
1996.540894
2008.052734
2054.593506
2063.411377
2096.002686
2093.022705
2116.962646
2141.135010
2147.215576
2147.215576
2168.618896
2159.422607
2174.769287
2165.549561
2187.118164
2184.024902
2196.422363
2205.763672
2205.763672
2205.763672
2224.559814
2218.277344
2218.277344
2221.416504
2246.684570
2249.862793
2259.424805
2285.124268
2307.858398
2317.673828
2330.830811
2350.717529
2367.431885
2394.451904
2374.154541
2394.451904
2394.451904
2397.853760
2397.853760
2391.055420
2391.055420
2384.278809
2384.278809
2401.261230
2394.451904
2397.853760
2391.055420
2397.853760
2397.853760
2391.055420
2380.898682
2397.853760
2495.454346
2394.451904
2384.278809
2394.451904
2401.261230
2387.664307
2387.664307
2397.853760
2380.898682
2391.055420
2377.523926
2384.278809
2380.898682
2364.078369
2354.049805
2347.390381
2350.717529
2320.955566
2294.838867
2285.124268
2256.232910
2218.277344
2190.215332
2147.215576
2122.983643
2066.357178
2025.411377
1993.670410
1965.124634
1939.672974
1903.287842
1886.638184
1864.572632
1834.471069
1823.590698
1788.457520
1788.457520
1772.354614
1764.328613
1761.656982
1737.692871
1705.955933
1690.174072
1552.874512
1635.352173
1606.868896
1575.957764
1550.314575
1517.118652
1489.138794
1466.310791
1453.650757
1430.898193
1415.752319
1403.142700
1393.061890
1380.468750
1367.883057
1350.273560
1350.273560
1342.729614
1325.132080
1305.026123
1312.565430
1322.618652
1310.052368
1310.052368
1317.591919
1297.486938
1287.434570
1289.947632
1259.784790
1126.085815
1247.211426
1234.633179
1229.600342
1219.531250
1206.938110
1194.336182
1184.247681
1191.814697
1176.676880
1166.575806
1169.101807
1171.627319
1174.152344
1174.152344
1174.152344
1184.247681
1184.247681
1181.724487
1191.814697
1191.814697
1204.418457
1219.531250
1211.976318
1242.180786
1247.211426
1254.755981
1259.784790
1269.840698
1118.476562
1264.812988
1267.326904
1259.784790
1267.326904
1264.812988
1264.812988
1252.241333
1252.241333
1249.726440
1219.531250
1239.665161
1244.696289
1254.755981
1269.840698
1259.784790
1277.381348
1289.947632
1300.000732
1300.000732
1310.052368
1317.591919
1317.591919
1327.645630
1325.132080
1332.673096
1332.673096
1335.187012
1335.187012
1179.200928
1350.273560
1342.729614
1347.758667
1345.244019
1337.701050
1332.673096
1325.132080
1337.701050
1317.591919
1305.026123
1315.078613
1294.973877
1300.000732
1300.000732
1289.947632
1297.486938
1300.000732
1300.000732
1297.486938
1267.326904
1259.784790
1257.270386
1224.566284
1214.494873
1196.857300
1186.770508
1158.994873
1133.689209
1100.697388
1082.881348
1052.244385
1026.611206
1018.901367
975.022644
962.050964
951.650269
933.396973
917.696106
891.408325
891.408325
878.205322
870.263855
859.651489
867.613281
856.994141
841.012878
838.343018
824.966309
798.070129
779.124207
749.143250
724.413391
691.142517
674.372925
646.214539
626.341675
606.329651
600.585632
577.489380
565.867371
568.777588
580.387146
560.037415
557.117676
562.953979
545.406433
545.406433
551.268555
512.927002
506.977386
498.026581
461.899506
446.688477
428.307953
409.784607
400.468048
384.857422
375.440277
375.440277
365.984406
365.984406
353.315369
359.658722
356.489227
340.575134
346.954254
346.954254
343.766998
343.766998
359.658722
362.823761
362.823761
375.440277
378.583618
372.292633
375.440277
400.468048
397.354340
412.881927
415.975220
419.064392
440.577271
455.826508
480.028809
521.825623
557.117676
591.947266
657.509949
699.493225
754.613953
806.159424
851.674133
920.316589
977.613281
1036.876343
1095.610962
1164.049316
1196.857300
1269.840698
1335.187012
1398.101562
1446.061768
1504.389038
1557.997070
1612.036743
1658.771973
1716.508667
1769.677368
1834.471069
1878.345947
1939.672974
1987.938232
2031.222412
2084.103271
2132.042480
2171.692139
2221.416504
2262.621338
2294.838867
2337.439209
2354.049805
2397.853760
2384.278809
2439.116943
2439.116943
2446.074707
2428.723877
2435.646729
2446.074707
2414.947266
2432.182373
2446.074707
2446.074707
2446.074707
2435.646729
2467.091064
2449.562500
2456.555908
2446.074707
2446.074707
2456.555908
2474.144775
2456.555908
2460.061523
2456.555908
2467.091064
2456.555908
2456.555908
2463.573242
2456.555908
2470.614746
2463.573242
2467.091064
2460.061523
2470.614746
2467.091064
2456.555908
2442.592773
2470.614746
2463.573242
2463.573242
2463.573242
2460.061523
2460.061523
2470.614746
2456.555908
2470.614746
2470.614746
2463.573242
2463.573242
2474.144775
2467.091064
2502.607666
2456.555908
2463.573242
2463.573242
2474.144775
2474.144775
2449.562500
2470.614746
2467.091064
2446.074707
2467.091064
2477.680664
2460.061523
2488.326172
2470.614746
2463.573242
2449.562500
2463.573242
2467.091064
2470.614746
2484.771484
2488.326172
2491.886963
2470.614746
2474.144775
2474.144775
2467.091064
2467.091064
2470.614746
2470.614746
2470.614746
2463.573242
2474.144775
2463.573242
2470.614746
2442.592773
2463.573242
2463.573242
2442.592773
2456.555908
2491.886963
2470.614746
2467.091064
2421.824219
2474.144775
2467.091064
2481.222900
2481.222900
2484.771484
2474.144775
2488.326172
2481.222900
2477.680664
2484.771484
2491.886963
2481.222900
2481.222900
2488.326172
2470.614746
2488.326172
2491.886963
2488.326172
2481.222900
2477.680664
2467.091064
2463.573242
2446.074707
2442.592773
2428.723877
2394.451904
2387.664307
2364.078369
2285.124268
2324.242432
2278.671631
2243.510742
2205.763672
2162.484131
2098.986328
2054.593506
1993.670410
1942.490112
1889.407104
1812.743774
1750.988525
1679.683350
1604.286743
1534.974854
1468.844604
1400.621948
1322.618652
1264.812988
1199.378052
1131.155396
1105.780762
1062.470825
1006.030212
972.430847
925.553040
886.131958
849.011475
824.966309
787.256165
760.075806
735.427368
718.892334
699.493225
679.972961
679.972961
668.762451
668.762451
671.568970
668.762451
671.568970
665.953308
671.568970
660.327026
654.690125
651.867676
629.189026
617.782410
594.829773
583.281738
560.037415
536.588684
501.013702
489.043854
458.864929
443.634857
425.230743
400.468048
397.354340
384.857422
375.440277
369.140686
362.823761
365.984406
369.140686
365.984406
378.583618
391.114258
391.114258
406.683167
412.881927
412.881927
409.784607
406.683167
409.784607
412.881927
412.881927
425.230743
425.230743
425.230743
431.381195
440.577271
443.634857
464.930389
464.930389
489.043854
470.980804
464.930389
489.043854
483.037445
495.035950
506.977386
515.896606
533.642761
554.194763
551.268555
586.173279
614.923584
623.491455
649.042480
663.141479
679.972961
716.128296
724.413391
765.528931
781.836914
808.851990
862.307129
862.307129
904.571472
930.783752
954.252380
987.963257
1016.329346
1044.564697
1065.025146
1082.881348
1108.321289
1143.818481
1158.994873
1194.336182
1219.531250
1237.149292
1254.755981
1274.867920
1297.486938
1312.565430
1325.132080
1340.215210
1355.303711
1357.819214
1393.061890
1388.023682
1400.621948
1420.799072
1420.799072
1425.847656
1441.005127
1448.590820
1451.120483
1456.181519
1458.712891
1448.590820
1448.590820
1461.244873
1458.712891
1458.712891
1453.650757
1441.005127
1420.799072
1410.707153
1390.542603
1360.334839
1347.758667
1317.591919
1297.486938
1267.326904
1239.665161
1211.976318
1181.724487
1164.049316
1136.222534
1118.476562
1093.066528
1075.233765
1047.125488
1036.876343
1011.181946
969.837769
954.252380
930.783752
891.408325
872.912659
846.347046
832.997925
781.836914
729.925049
702.271790
649.042480
603.459106
562.953979
524.784973
649.042480
452.784363
428.307953
412.881927
381.722626
365.984406
350.137085
337.378784
350.137085
318.104309
308.404144
292.141693
308.404144
295.403900
288.874756
275.757629
272.465973
272.465973
265.867523
265.867523
282.326050
279.044342
305.161255
288.874756
285.602844
301.913574
311.642242
314.875641
353.315369
362.823761
375.440277
391.114258
412.881927
437.515869
461.899506
489.043854
518.862854
548.339111
580.387146
623.491455
657.509949
705.047974
718.892334
792.667175
835.671387
867.613281
941.228088
975.022644
1044.564697
1090.521484
1158.994873
1219.531250
1282.408081
1360.334839
1403.142700
1466.310791
1524.766235
1593.969727
1627.569092
1700.689087
1750.988525
1804.630371
1850.856689
1911.646118
1967.966431
2022.510620
2078.174316
2147.215576
2141.135010
2275.452393
2317.673828
2364.078369
2394.451904
2449.562500
2491.886963
2499.027588
2495.454346
2502.607666
2499.027588
2488.326172
2484.771484
2484.771484
2481.222900
2499.027588
2488.326172
2491.886963
2488.326172
2491.886963
2495.454346
2484.771484
2491.886963
2506.193848
2495.454346
2488.326172
2481.222900
2477.680664
2481.222900
2491.886963
2491.886963
2484.771484
2495.454346
2470.614746
2481.222900
2484.771484
2481.222900
2491.886963
2488.326172
2488.326172
2491.886963
2495.454346
2481.222900
2470.614746
2484.771484
2499.027588
2491.886963
2499.027588
2477.680664
2499.027588
2499.027588
2467.091064
2484.771484
2474.144775
2495.454346
2484.771484
2491.886963
2491.886963
2484.771484
2499.027588
2495.454346
2491.886963
2488.326172
2491.886963
2495.454346
2488.326172
2488.326172
2470.614746
2495.454346
2484.771484
2491.886963
2488.326172
2477.680664
2474.144775
2484.771484
2488.326172
2484.771484
2484.771484
2481.222900
2474.144775
2453.056152
2456.555908
2439.116943
2418.382812
2397.853760
2364.078369
2324.242432
2291.595947
2237.176270
2156.365234
2063.411377
2005.170288
1903.287842
1818.163086
1727.087280
1627.569092
1532.421387
1433.424194
1327.645630
1227.083496
1126.085815
1003.452698
899.310913
784.547607
651.867676
548.339111
425.230743
298.661102
198.738693
108.113014
64.883072
42.912067
39.226379
64.883072
90.213501
97.392441
125.855286
153.925354
178.175781
178.175781
178.175781
167.817551
171.276169
164.353348
164.353348
146.943878
160.883179
164.353348
171.276169
164.353348
164.353348
153.925354
157.407196
157.407196
150.437592
143.444199
139.938522
136.426849
136.426849
136.426849
150.437592
146.943878
143.444199
132.909058
143.444199
150.437592
139.938522
136.426849
136.426849
139.938522
167.817551
132.909058
125.855286
136.426849
132.909058
132.909058
157.407196
143.444199
146.943878
132.909058
125.855286
143.444199
139.938522
136.426849
129.385223
143.444199
136.426849
122.319260
136.426849
125.855286
129.385223
122.319260
150.437592
125.855286
122.319260
122.319260
143.444199
164.353348
42.912067
125.855286
125.855286
129.385223
125.855286
115.228607
132.909058
125.855286
136.426849
132.909058
125.855286
129.385223
125.855286
125.855286
125.855286
122.319260
139.938522
132.909058
0.000000
