-0.000001
-0.000209
-0.000908
-0.001994
-0.003361
-0.005414
-0.008095
-0.011657
-0.015935
-0.020906
-0.026310
-0.032028
-0.038163
-0.045221
-0.053629
-0.063332
-0.074442
-0.086420
-0.099072
-0.112005
-0.125101
-0.138223
-0.152057
-0.165860
-0.179558
-0.193752
-0.208737
-0.224692
-0.240968
-0.257405
-0.274529
-0.292973
-0.312678
-0.333594
-0.355197
-0.376985
-0.399179
-0.423000
-0.447699
-0.473934
-0.501670
-0.531345
-0.561644
-0.592847
-0.625292
-0.659408
-0.694429
-0.730129
-0.766448
-0.804196
-0.843024
-0.883463
-0.925007
-0.966799
-1.007310
-1.046308
-1.083322
-1.118422
-1.151588
-1.183140
-1.213937
-1.244479
-1.275454
-1.306880
-1.338484
-1.370941
-1.404620
-1.440184
-1.476714
-1.513808
-1.551322
-1.590099
-1.629118
-1.666916
-1.702688
-1.736895
-1.769738
-1.801585
-1.833090
-1.864000
-1.894287
-1.923687
-1.952193
-1.980244
-2.008121
-2.035563
-2.062641
-2.089120
-2.114830
-2.140090
-2.165236
-2.190858
-2.217607
-2.246143
-2.275242
-2.304460
-2.333766
-2.363649
-2.393996
-2.425064
-2.456673
-2.489599
-2.522624
-2.556624
-2.592148
-2.628936
-2.665875
-2.703183
-2.740873
-2.779182
-2.817446
-2.855920
-2.895125
-2.935107
-2.974458
-3.014253
-3.054710
-3.094795
-3.135214
-3.176000
-3.216763
-3.257295
-3.297517
-3.337430
-3.378388
-3.419094
-3.460449
-3.502610
-3.545416
-3.588634
-3.632435
-3.676422
-3.720500
-3.765120
-3.810484
-3.857249
-3.904480
-3.952922
-4.002958
-4.053951
-4.105843
-4.158199
-4.210022
-4.260611
-4.308877
-4.354887
-4.398651
-4.440178
-4.479916
-4.518819
-4.556071
-4.590714
-4.622835
-4.653260
-4.682003
-4.709456
-4.736611
-4.764288
-4.792933
-4.822321
-4.851930
-4.882432
-4.913207
-4.944398
-4.975587
-5.007596
-5.040390
-5.074065
-5.107083
-5.138719
-5.169513
-5.200985
-5.232760
-5.264012
-5.294710
-5.324622
-5.353796
-5.383291
-5.414079
-5.445830
-5.477835
-5.509113
-5.540026
-5.571352
-5.603154
-5.634764
-5.665915
-5.696682
-5.727972
-5.760509
-5.794818
-5.831294
-5.869790
-5.909754
-5.951378
-5.995157
-6.039572
-6.084326
-6.129360
-6.174579
-6.219923
-6.265113
-6.309644
-6.353253
-6.395832
-6.436927
-6.476696
-6.515035
-6.551257
-6.585648
-6.617948
-6.648453
-6.676898
-6.703083
-6.727020
-6.749190
-6.770913
-6.792849
-6.814094
-6.835449
-6.857723
-6.880199
-6.902178
-6.922225
-6.940456
-6.959591
-6.980969
-7.005133
-7.030866
-7.057726
-7.087101
-7.118522
-7.151458
-7.186720
-7.225767
-7.269514
-7.317711
-7.369788
-7.425560
-7.484321
-7.545087
-7.602242
-7.650939
-7.694989
-7.736944
-7.776499
-7.813929
-7.848885
-7.882159
-7.914262
-7.946142
-7.978631
-8.011137
-8.043088
-8.075231
-8.108145
-8.141654
-8.175920
-8.210837
-8.246295
-8.282488
-8.320627
-8.360320
-8.400437
-8.441379
-8.484035
-8.528113
-8.573058
-8.618430
-8.663991
-8.709213
-8.755013
-8.801016
-8.846302
-8.890599
-8.934936
-8.980350
-9.026946
-9.074189
-9.121286
-9.167752
-9.214633
-9.261408
-9.307720
-9.353443
-9.398613
-9.443692
-9.488009
-9.531373
-9.575121
-9.619278
-9.664556
-9.711891
-9.760282
-9.808825
-9.857457
-9.905727
-9.952944
-9.998877
-10.043105
-10.085962
-10.127961
-10.169119
-10.209845
-10.250788
-10.292198
-10.334054
-10.376378
-10.417524
-10.456429
-10.492867
-10.527841
-10.562226
-10.597243
-10.632036
-10.666837
-10.701740
-10.737099
-10.772764
-10.808781
-10.844185
-10.878242
-10.910916
-10.942732
-10.974512
-11.006104
-11.036410
-11.065571
-11.094408
-11.123781
-11.154144
-11.185591
-11.217358
-11.248740
-11.279473
-11.309660
-11.339653
-11.369169
-11.398059
-11.427276
-11.457205
-11.488310
-11.520691
-11.555039
-11.590843
-11.627086
-11.664218
-11.702713
-11.743036
-11.784114
-11.826179
-11.869373
-11.913133
-11.957199
-12.001323
-12.045453
-12.089178
-12.132389
-12.174507
-12.215414
-12.254626
-12.292142
-12.327823
-12.360986
-12.391750
-12.420594
-12.447972
-12.474114
-12.498172
-12.519651
-12.540598
-12.561788
-12.583612
-12.605725
-12.627697
-12.649303
-12.671392
-12.695026
-12.719779
-12.743733
-12.769236
-12.797631
-12.829251
-12.863650
-12.900476
-12.940571
-12.985044
-13.034458
-13.087428
-13.142654
-13.198666
-13.249970
-13.294699
-13.335856
-13.375121
-13.412065
-13.446362
-13.480851
-13.515798
-13.549375
-13.581036
-13.612017
-13.642319
-13.672706
-13.703378
-13.733533
-13.763511
-13.794445
-13.827135
-13.861310
-13.896300
-13.932166
-13.969625
-14.008410
-14.048944
-14.090500
-14.132524
-14.175954
-14.221048
-14.267325
-14.314046
-14.360265
-14.405928
-14.450710
-14.495596
-14.541442
-14.586896
-14.631803
-14.677129
-14.722978
-14.768957
-14.814553
-14.859216
-14.903372
-14.946948
-14.990490
-15.034442
-15.078865
-15.123721
-15.169385
-15.215928
-15.263524
-15.312277
-15.361681
-15.411320
-15.461050
-15.510802
-15.559621
-15.606611
-15.652001
-15.696010
-15.738173
-15.778098
-15.816281
-15.853621
-15.890482
-15.926643
-15.962194
-15.996972
-16.030458
-16.061882
-16.091425
-16.119976
-16.147772
-16.176025
-16.205135
-16.235155
-16.265491
-16.296370
-16.327980
-16.359804
-16.393074
-16.427429
-16.461403
-16.494917
-16.528522
-16.561766
-16.594385
-16.626326
-16.658033
-16.689659
-16.721390
-16.751814
-16.781836
-16.812126
-16.842766
-16.873384
-16.904305
-16.935059
-16.965664
-16.996197
-17.026844
-17.057781
-17.089539
-17.120905
-17.152811
-17.185535
-17.219870
-17.255886
-17.293898
-17.333218
-17.373430
-17.414858
-17.457272
-17.500723
-17.544210
-17.587969
-17.632008
-17.675652
-17.717018
-17.755119
-17.791201
-17.826244
-17.860548
-17.894491
-17.927525
-17.958679
-17.987951
-18.015743
-18.042360
-18.067507
-18.091621
-18.115337
-18.139351
-18.163902
-18.187897
-18.209822
-18.231167
-18.253210
-18.277271
-18.303579
-18.331804
-18.362143
-18.394787
-18.429245
-18.464354
-18.500521
-18.539177
-18.579803
-18.622911
-18.669357
-18.720510
-18.776335
-18.836008
-18.898699
-18.963524
-19.028019
-19.086418
-19.134741
-19.178448
-19.221119
-19.262562
-19.300505
-19.335415
-19.368711
-19.401396
-19.434139
-19.467573
-19.501440
-19.535845
-19.571766
-19.609777
-19.649124
-19.688635
-19.728647
-19.769390
-19.809908
-19.852222
-19.896141
-19.941208
-19.987797
-20.035948
-20.084703
-20.132927
-20.180977
-20.228937
-20.276600
-20.324638
-20.371925
-20.418135
-20.464428
-20.511200
-20.558058
-20.604628
-20.651083
-20.697290
-20.742914
-20.788698
-20.834438
-20.880009
-20.925982
-20.972595
-21.019690
-21.067350
-21.115389
-21.163542
-21.211267
-21.258244
-21.304514
-21.349630
-21.392818
-21.433811
-21.473015
-21.510586
-21.547131
-21.583027
-21.618168
-21.652763
-21.686768
-21.719742
-21.750942
-21.780043
-21.808954
-21.837540
-21.865936
-21.894562
-21.924084
-21.954733
-21.985907
-22.017664
-22.049742
-22.082888
-22.116970
-22.152185
-22.188595
-22.225082
-22.260670
-22.295479
-22.330065
-22.364351
-22.397694
-22.430254
-22.462120
-22.493448
-22.523685
-22.554106
-22.584881
-22.615862
-22.646465
-22.676785
-22.706987
-22.737103
-22.766850
-22.796835
-22.827311
-22.858538
-22.889717
-22.922253
-22.956812
-22.993189
-23.031298
-23.071356
-23.113134
-23.156349
-23.201082
-23.246807
-23.292730
-23.338377
-23.384611
-23.431189
-23.477362
-23.522602
-23.566181
-23.607704
-23.647282
-23.684996
-23.720291
-23.752993
-23.783922
-23.812935
-23.839973
-23.864841
-23.888100
-23.910521
-23.932989
-23.955868
-23.978107
-23.999147
-24.021175
-24.045336
-24.071035
-24.097975
-24.126320
-24.156700
-24.189684
-24.225510
-24.264914
-24.306637
-24.351921
-24.401417
-24.453659
-24.508101
-24.563278
-24.614466
-24.659256
-24.700081
-24.739256
-24.776134
-24.810257
-24.842440
-24.874214
-24.905424
-24.936535
-24.968023
-24.999334
-25.029858
-25.059200
-25.088184
-25.118015
-25.148430
-25.179701
-25.211884
-25.244907
-25.279331
-25.315716
-25.353144
-25.390722
-25.428892
-25.468073
-25.508245
-25.549269
-25.591631
-25.634552
-25.678122
-25.722443
-25.767513
-25.812218
-25.856318
-25.899799
-25.943342
-25.985983
-26.028868
-26.071402
-26.112865
-26.153807
-26.195185
-26.237223
-26.279037
-26.320745
-26.362566
-26.405638
-26.448772
-26.493885
-26.540321
-26.586714
-26.633080
-26.679789
-26.726467
-26.773470
-26.820868
-26.869017
-26.917122
-26.965424
-27.013678
-27.060446
-27.105556
-27.148975
-27.190756
-27.230770
-27.268467
-27.303158
-27.334845
-27.365057
-27.394159
-27.422388
-27.450228
-27.478579
-27.507078
-27.535782
-27.565046
-27.595053
-27.625973
-27.657255
-27.688545
-27.719660
-27.751032
-27.783087
-27.814930
-27.846970
-27.879250
-27.911306
-27.942333
-27.973286
-28.004972
-28.037203
-28.069143
-28.100527
-28.130907
-28.161242
-28.191109
-28.221134
-28.251623
-28.282734
-28.313570
-28.344334
-28.375711
-28.407747
-28.439852
-28.472258
-28.504927
-28.538475
-28.572714
-28.608881
-28.647192
-28.687468
-28.729195
-28.772604
-28.817526
-28.863417
-28.910233
-28.957129
-29.003643
-29.049253
-29.093914
-29.138035
-29.181795
-29.224503
-29.265839
-29.305853
-29.344421
-29.381355
-29.416353
-29.449078
-29.479445
-29.506233
-29.530313
-29.552315
-29.572998
-29.593193
-29.613426
-29.634329
-29.655491
-29.677338
-29.700310
-29.724152
-29.748571
-29.773722
-29.800013
-29.827755
-29.855553
-29.881714
-29.908506
-29.937651
-29.968958
-30.002834
-30.040241
-30.081341
-30.125437
-30.172880
-30.223711
-30.277578
-30.333942
-30.392181
-30.447933
-30.496038
-30.539595
-30.581785
-30.622726
-30.660725
-30.695995
-30.728996
-30.759874
-30.789564
-30.819868
-30.849993
-30.880489
-30.912441
-30.945019
-30.977938
-31.012012
-31.047058
-31.082693
-31.119480
-31.157499
-31.196518
-31.235672
-31.275974
-31.317272
-31.359064
-31.401949
-31.445524
-31.488569
-31.531019
-31.573187
-31.615749
-31.657791
-31.699825
-31.741707
-31.783241
-31.825115
-31.868263
-31.911945
-31.955547
-31.999323
-32.043465
-32.087566
-32.131607
-32.175915
-32.220444
-32.265045
-32.310066
-32.356712
-32.404690
-32.454372
-32.505104
-32.556049
-32.606304
-32.655586
-32.703487
0.000000
0.000000
0.000000
0.000000
0.000000
0.000000
0.000000
0.000000
0.000000
0.000000
0.000000
0.000000
0.000000
0.000000
0.000000
0.000000
0.000000
0.000000
0.000000
0.000000
0.000000
0.000000
0.000000
0.000000
0.000000
0.000000
0.000000
0.000000
0.000000
0.000000
0.000000
0.000000
0.000000
0.000000
0.000000
0.000000
0.000000
0.000000
0.000000
0.000000
0.000000
0.000000
0.000000
0.000000
0.000000
0.000000
0.000000
0.000000
0.000000
0.000000
0.000000
0.000000
0.000000
0.000000
0.000000
0.000000
0.000000
0.000000
0.000000
0.000000
0.000000
0.000000
0.000000
0.000000
0.000000
0.000000
0.000000
0.000000
0.000000
0.000000
0.000000
0.000000
0.000000
0.000000
0.000000
0.000000
0.000000
0.000000
0.000000
0.000000
0.000000
0.000000
0.000000
0.000000
0.000000
0.000000
0.000000
0.000000
0.000000
0.000000
0.000000
