0.000196
0.000427
0.000819
0.001388
0.002100
0.003025
0.003968
0.005143
0.006442
0.007954
0.009520
0.011227
0.013148
0.015281
0.017484
0.019882
0.022384
0.024936
0.027468
0.030331
0.032836
0.035459
0.038145
0.040860
0.043653
0.046507
0.049419
0.052387
0.055271
0.058225
0.061093
0.064008
0.066816
0.069666
0.072521
0.075295
0.078086
0.080840
0.083665
0.086412
0.089248
0.091978
0.094643
0.097211
0.099764
0.102192
0.104481
0.106735
0.108894
0.110889
0.112733
0.114468
0.115939
0.117303
0.118410
0.119302
0.120054
0.120732
0.121311
0.121888
0.122414
0.122873
0.123269
0.123564
0.123844
0.124059
0.124216
0.124266
0.124217
0.124054
0.123783
0.123388
0.122870
0.122244
0.121517
0.120671
0.119734
0.118721
0.117585
0.116306
0.114948
0.113515
0.111972
0.110353
0.108737
0.106970
0.105169
0.103291
0.101348
0.099303
0.097213
0.094801
0.092373
0.089862
0.087294
0.084733
0.082115
0.079481
0.076693
0.073879
0.070989
0.068219
0.065297
0.062379
0.059304
0.056253
0.053143
0.050152
0.047113
0.043995
0.040903
0.037739
0.034576
0.031557
0.028394
0.025211
0.022065
0.018733
0.015538
0.012362
0.009279
0.006314
0.003293
0.000048
-0.002909
-0.005922
-0.008812
-0.011742
-0.014638
-0.017443
-0.020090
-0.022683
-0.025202
-0.027769
-0.030324
-0.032662
-0.034941
-0.037194
-0.039351
-0.041254
-0.042920
-0.044309
-0.045475
-0.046465
-0.047257
-0.047882
-0.048376
-0.048738
-0.049022
-0.049202
-0.049292
-0.049283
-0.049196
-0.049040
-0.048817
-0.048531
-0.048175
-0.047742
-0.047224
-0.046603
-0.045899
-0.045097
-0.044207
-0.043189
-0.042023
-0.040778
-0.039395
-0.037909
-0.036384
-0.034676
-0.032884
-0.030991
-0.029033
-0.026971
-0.024866
-0.022605
-0.020246
-0.017734
-0.015149
-0.012541
-0.009892
-0.007175
-0.004380
-0.001533
0.001278
0.004129
0.006987
0.010052
0.013242
0.016451
0.019710
0.022971
0.026279
0.029561
0.032929
0.036243
0.039631
0.043103
0.046320
0.049642
0.052867
0.055918
0.058895
0.061756
0.064464
0.067086
0.069445
0.071007
0.073092
0.075024
0.076857
0.078608
0.080281
0.081634
0.082951
0.084995
0.085780
0.086135
0.087898
0.089206
0.090506
0.092045
0.092539
0.093811
0.095216
0.096621
0.098853
0.098900
0.101284
0.102709
0.104315
0.105755
0.107229
0.108797
0.110387
0.111937
0.113444
0.114838
0.116043
0.117125
0.117953
0.118523
0.118905
0.119143
0.119219
0.119103
0.118846
0.118446
0.117912
0.117245
0.116441
0.115504
0.114447
0.113264
0.111947
0.110503
0.108943
0.107299
0.105568
0.103720
0.101724
0.099577
0.097308
0.094932
0.092502
0.089955
0.087280
0.084527
0.081731
0.078851
0.075805
0.072697
0.069538
0.066294
0.063063
0.059699
0.056311
0.052891
0.049513
0.046155
0.042723
0.039223
0.035713
0.032166
0.028748
0.024934
0.022704
0.019415
0.015944
0.012705
0.009561
0.006397
0.003308
0.000369
-0.002316
-0.004781
-0.007060
-0.009201
-0.011281
-0.013211
-0.015162
-0.016882
-0.018630
-0.020407
-0.022162
-0.023884
-0.025429
-0.026937
-0.028223
-0.029445
-0.030602
-0.031708
-0.032756
-0.033705
-0.034527
-0.035224
-0.035917
-0.036473
-0.036915
-0.037185
-0.037298
-0.037308
-0.037215
-0.037010
-0.036696
-0.036277
-0.035761
-0.035133
-0.034412
-0.033559
-0.032594
-0.031496
-0.030301
-0.029025
-0.027657
-0.026188
-0.024647
-0.023044
-0.021322
-0.019529
-0.017623
-0.015600
-0.013506
-0.011369
-0.009165
-0.006903
-0.004532
-0.002003
0.000487
0.003108
0.005772
0.008553
0.011422
0.014346
0.017227
0.020052
0.022856
0.025679
0.028449
0.031139
0.033673
0.036112
0.038484
0.040505
0.042554
0.044508
0.046366
0.047472
0.049455
0.051091
0.052808
0.054535
0.056308
0.057719
0.059691
0.061353
0.063289
0.064685
0.066529
0.069201
0.071260
0.073492
0.075887
0.078405
0.081151
0.084027
0.086964
0.089926
0.092814
0.095700
0.098433
0.100962
0.103435
0.105829
0.108239
0.110434
0.112509
0.114483
0.116423
0.118145
0.119769
0.121304
0.122748
0.124098
0.125347
0.126466
0.127491
0.128369
0.129119
0.129704
0.130152
0.130446
0.130598
0.130617
0.130485
0.130195
0.129750
0.129147
0.128387
0.127472
0.126410
0.125215
0.123914
0.122411
0.120791
0.119062
0.117251
0.115282
0.113201
0.111051
0.108803
0.106408
0.104033
0.101560
0.098931
0.096166
0.093335
0.090443
0.087480
0.084436
0.081300
0.078009
0.074665
0.071309
0.067984
0.064600
0.061355
0.058332
0.055368
0.052733
0.050186
0.047749
0.045174
0.042818
0.040278
0.038081
0.035635
0.033412
0.031085
0.028626
0.026356
0.023942
0.021551
0.019314
0.016927
0.014494
0.012114
0.009789
0.007405
0.005088
0.002712
0.000442
-0.001838
-0.004159
-0.006259
-0.008327
-0.010194
-0.011993
-0.013819
-0.015514
-0.017100
-0.018548
-0.019929
-0.021238
-0.022487
-0.023606
-0.024641
-0.025533
-0.026295
-0.026943
-0.027529
-0.027974
-0.028314
-0.028534
-0.028647
-0.028655
-0.028570
-0.028355
-0.028010
-0.027529
-0.026917
-0.026176
-0.025293
-0.024274
-0.023153
-0.021906
-0.020540
-0.019083
-0.017631
-0.015777
-0.014179
-0.012541
-0.010916
-0.009286
-0.007655
-0.006720
-0.005208
-0.003679
-0.002173
-0.000619
0.000766
0.002205
0.003725
0.005306
0.007047
0.007649
0.009311
0.011120
0.012980
0.014926
0.016977
0.019169
0.021537
0.023032
0.025533
0.028150
0.030999
0.033898
0.036930
0.040352
0.043958
0.047603
0.051365
0.055212
0.059144
0.062999
0.066793
0.070583
0.074364
0.078168
0.081957
0.085464
0.088729
0.091984
0.095162
0.098369
0.101462
0.104452
0.107349
0.110079
0.112667
0.115104
0.117362
0.119478
0.121383
0.123242
0.124994
0.126644
0.128124
0.129464
0.130599
0.131544
0.132301
0.132901
0.133311
0.133549
0.133632
0.133554
0.133297
0.132886
0.132320
0.131597
0.130725
0.129717
0.128569
0.127287
0.125832
0.124269
0.122568
0.120707
0.118723
0.116631
0.114406
0.112029
0.109614
0.107141
0.104610
0.102088
0.099506
0.097172
0.094928
0.092668
0.090396
0.088053
0.085783
0.083543
0.081171
0.078783
0.076347
0.073900
0.071446
0.068727
0.066055
0.063221
0.060349
0.057476
0.054567
0.051608
0.048512
0.045390
0.042050
0.038940
0.035657
0.032313
0.028881
0.025680
0.022402
0.019205
0.016127
0.013068
0.010033
0.007106
0.004222
0.001509
-0.001206
-0.003932
-0.006618
-0.009216
-0.011740
-0.014050
-0.016313
-0.018540
-0.020701
-0.022792
-0.024762
-0.026631
-0.028478
-0.030289
-0.032008
-0.033614
-0.035054
-0.036300
-0.037370
-0.038316
-0.039127
-0.039752
-0.040189
-0.040496
-0.040654
-0.040664
-0.040523
-0.040240
-0.039841
-0.039349
-0.038783
-0.038151
-0.037480
-0.036778
-0.036061
-0.035330
-0.034611
-0.033891
-0.033129
-0.032333
-0.031491
-0.031001
-0.029325
-0.028282
-0.027234
-0.026130
-0.024938
-0.023670
-0.022246
-0.020622
-0.018862
-0.016835
-0.014791
-0.012281
-0.009653
-0.006919
-0.003890
-0.000713
0.002496
0.005725
0.009043
0.012582
0.016183
0.019736
0.023248
0.026917
0.030709
0.034589
0.038327
0.042023
0.045656
0.049221
0.052942
0.056677
0.060351
0.064014
0.067717
0.071438
0.075206
0.078804
0.082263
0.085596
0.088900
0.092307
0.095554
0.098586
0.101696
0.104647
0.107528
0.110273
0.112905
0.115334
0.117631
0.119824
0.121972
0.123906
0.125917
0.127610
0.129197
0.130697
0.132096
0.133350
0.134436
0.135374
0.136201
0.137002
0.137552
0.138176
0.138480
0.138617
0.138620
0.138464
0.138147
0.137672
0.137032
0.136225
0.135254
0.134143
0.132892
0.131532
0.130099
0.128629
0.127119
0.125534
0.123954
0.122350
0.120714
0.118941
0.117185
0.115318
0.113419
0.111379
0.109214
0.107036
0.104729
0.102411
0.099987
0.097511
0.094943
0.092239
0.089564
0.086772
0.083969
0.081019
0.077967
0.074832
0.071700
0.068475
0.065177
0.061840
0.058433
0.055151
0.051719
0.048318
0.044967
0.041511
0.037953
0.034329
0.030751
0.027186
0.023692
0.020219
0.016823
0.013421
0.010017
0.006788
0.003617
0.000405
-0.002772
-0.005955
-0.009004
-0.011849
-0.014566
-0.017180
-0.019699
-0.022115
-0.024367
-0.026497
-0.028362
-0.030184
-0.031954
-0.033486
-0.034807
-0.035971
-0.036960
-0.037806
-0.038521
-0.039110
-0.039704
-0.039811
-0.039970
-0.040248
-0.040495
-0.040693
-0.040902
-0.041105
-0.041313
-0.041424
-0.041546
-0.041616
-0.041645
-0.041620
-0.041546
-0.041413
-0.041198
-0.040940
-0.040613
-0.040205
-0.039713
-0.039120
-0.038397
-0.037510
-0.036450
-0.035183
-0.033738
-0.032081
-0.030156
-0.027981
-0.025593
-0.023133
-0.020456
-0.017545
-0.014395
-0.011249
-0.008162
-0.005012
-0.001741
0.001592
0.005097
0.008561
0.012112
0.015687
0.019350
0.023019
0.026720
0.030353
0.033975
0.037665
0.041335
0.044962
0.048538
0.052231
0.055895
0.059596
0.063221
0.066708
0.070050
0.073472
0.076878
0.080210
0.083393
0.086682
0.089830
0.092952
0.096058
0.099043
0.101855
0.104507
0.107167
0.109720
0.112132
0.114430
0.116704
0.118879
0.120959
0.123009
0.124956
0.126671
0.128170
0.129537
0.130729
0.131716
0.132504
0.133113
0.133538
0.000000
0.000000
0.000000
0.000000
0.000000
0.000000
0.000000
0.000000
0.000000
0.000000
0.000000
0.000000
0.000000
0.000000
0.000000
0.000000
0.000000
0.000000
0.000000
0.000000
0.000000
0.000000
0.000000
0.000000
0.000000
0.000000
0.000000
0.000000
0.000000
0.000000
0.000000
0.000000
0.000000
0.000000
0.000000
0.000000
0.000000
0.000000
0.000000
0.000000
0.000000
0.000000
0.000000
0.000000
0.000000
0.000000
0.000000
0.000000
0.000000
0.000000
0.000000
0.000000
0.000000
0.000000
0.000000
0.000000
0.000000
0.000000
0.000000
0.000000
0.000000
0.000000
0.000000
0.000000
0.000000
0.000000
0.000000
0.000000
0.000000
0.000000
0.000000
0.000000
0.000000
0.000000
0.000000
0.000000
0.000000
0.000000
0.000000
0.000000
0.000000
0.000000
0.000000
0.000000
0.000000
0.000000
0.000000
0.000000
0.000000
0.000000
0.000000
