-0.000000
-0.000000
-0.000000
-0.000002
-0.000004
-0.000009
-0.000017
-0.000030
-0.000051
-0.000083
-0.000124
-0.000179
-0.000253
-0.000351
-0.000472
-0.000627
-0.000820
-0.001051
-0.001317
-0.001660
-0.002005
-0.002408
-0.002868
-0.003382
-0.003961
-0.004605
-0.005320
-0.006112
-0.006950
-0.007873
-0.008842
-0.009900
-0.011005
-0.012207
-0.013500
-0.014851
-0.016299
-0.017829
-0.019496
-0.021237
-0.023147
-0.025131
-0.027213
-0.029372
-0.031667
-0.034030
-0.036443
-0.038992
-0.041630
-0.044293
-0.046984
-0.049754
-0.052399
-0.055103
-0.057618
-0.059952
-0.062183
-0.064412
-0.066572
-0.068871
-0.071215
-0.073569
-0.075950
-0.078238
-0.080758
-0.083374
-0.086189
-0.088993
-0.091888
-0.094763
-0.097737
-0.100808
-0.103843
-0.106750
-0.109614
-0.112589
-0.115499
-0.118306
-0.121216
-0.124259
-0.127209
-0.130083
-0.132980
-0.135815
-0.138426
-0.141150
-0.143746
-0.146308
-0.148821
-0.151344
-0.153784
-0.156531
-0.159124
-0.161643
-0.164059
-0.166304
-0.168460
-0.170485
-0.172515
-0.174420
-0.176247
-0.177836
-0.179407
-0.180839
-0.182233
-0.183468
-0.184599
-0.185540
-0.186377
-0.187120
-0.187729
-0.188237
-0.188619
-0.188842
-0.188976
-0.188988
-0.188870
-0.188637
-0.188268
-0.187771
-0.187150
-0.186418
-0.185558
-0.184529
-0.183422
-0.182168
-0.180812
-0.179298
-0.177644
-0.175872
-0.174020
-0.172035
-0.169929
-0.167608
-0.165093
-0.162538
-0.159811
-0.156858
-0.153722
-0.150587
-0.147457
-0.144425
-0.141453
-0.138496
-0.135649
-0.132894
-0.130191
-0.127581
-0.124896
-0.122243
-0.119572
-0.117010
-0.114492
-0.111964
-0.109446
-0.106867
-0.104210
-0.101529
-0.098791
-0.095909
-0.093099
-0.090277
-0.087497
-0.084591
-0.081528
-0.078591
-0.075594
-0.072664
-0.069932
-0.067040
-0.064220
-0.061442
-0.058774
-0.056139
-0.053629
-0.051067
-0.048545
-0.045997
-0.043545
-0.041244
-0.039067
-0.036975
-0.034957
-0.033039
-0.031291
-0.029644
-0.028115
-0.026565
-0.025065
-0.023691
-0.022429
-0.021314
-0.020327
-0.019500
-0.018792
-0.018258
-0.017857
-0.017590
-0.017520
-0.017578
-0.017787
-0.018140
-0.018618
-0.019210
-0.019900
-0.020680
-0.021510
-0.022236
-0.023144
-0.024073
-0.025026
-0.026004
-0.026998
-0.027893
-0.028798
-0.030093
-0.030781
-0.031239
-0.032517
-0.033572
-0.034665
-0.035965
-0.036577
-0.037773
-0.039107
-0.040490
-0.042625
-0.042959
-0.045452
-0.047165
-0.049171
-0.051131
-0.053267
-0.055687
-0.058350
-0.061229
-0.064377
-0.067741
-0.071224
-0.075033
-0.078896
-0.082719
-0.086580
-0.090625
-0.094799
-0.098705
-0.102745
-0.106700
-0.110675
-0.114718
-0.118773
-0.122766
-0.126622
-0.130444
-0.134262
-0.138019
-0.141676
-0.145145
-0.148456
-0.151708
-0.154957
-0.158179
-0.161299
-0.164298
-0.167095
-0.169790
-0.172387
-0.174824
-0.177072
-0.179183
-0.181236
-0.183127
-0.184855
-0.186451
-0.187859
-0.189167
-0.190307
-0.191282
-0.192066
-0.192677
-0.193150
-0.193475
-0.193638
-0.193644
-0.193479
-0.193175
-0.192722
-0.192128
-0.191372
-0.190491
-0.189477
-0.188306
-0.186989
-0.185551
-0.184047
-0.182487
-0.180875
-0.179204
-0.177438
-0.175642
-0.173700
-0.171809
-0.169761
-0.167534
-0.165158
-0.162629
-0.160112
-0.157428
-0.154846
-0.152159
-0.149370
-0.146449
-0.143396
-0.140273
-0.137149
-0.134031
-0.130530
-0.127020
-0.123401
-0.119941
-0.116664
-0.113314
-0.109895
-0.106517
-0.103183
-0.099931
-0.096694
-0.093207
-0.089830
-0.086245
-0.082704
-0.079124
-0.075684
-0.072402
-0.069196
-0.066014
-0.062945
-0.059988
-0.056997
-0.054089
-0.051187
-0.048299
-0.045523
-0.042910
-0.040418
-0.038048
-0.035734
-0.033429
-0.031370
-0.029362
-0.027499
-0.025716
-0.024042
-0.022505
-0.021163
-0.020008
-0.019003
-0.018123
-0.017389
-0.016799
-0.016362
-0.016039
-0.015809
-0.015720
-0.015672
-0.015683
-0.015746
-0.015916
-0.016033
-0.016200
-0.016390
-0.016610
-0.016866
-0.017145
-0.017485
-0.017843
-0.018266
-0.018670
-0.019177
-0.019880
-0.020540
-0.021310
-0.022210
-0.023251
-0.024490
-0.025925
-0.027562
-0.029418
-0.031466
-0.033763
-0.036223
-0.038772
-0.041489
-0.044342
-0.047430
-0.050500
-0.053628
-0.056843
-0.060245
-0.063565
-0.066954
-0.070423
-0.073969
-0.077593
-0.081292
-0.084997
-0.088787
-0.092544
-0.096334
-0.100051
-0.103775
-0.107429
-0.111079
-0.114807
-0.118555
-0.122262
-0.125957
-0.129595
-0.133134
-0.136601
-0.139970
-0.143218
-0.146288
-0.149534
-0.152642
-0.155607
-0.158394
-0.161177
-0.163853
-0.166357
-0.168747
-0.171089
-0.173189
-0.175196
-0.177170
-0.179074
-0.180842
-0.182473
-0.183971
-0.185342
-0.186585
-0.187724
-0.188698
-0.189491
-0.190095
-0.190543
-0.190792
-0.190850
-0.190771
-0.190547
-0.190220
-0.189802
-0.189289
-0.188708
-0.188017
-0.187295
-0.186441
-0.185552
-0.184550
-0.183418
-0.182266
-0.180979
-0.179617
-0.178242
-0.176708
-0.175050
-0.173313
-0.171498
-0.169528
-0.167476
-0.165248
-0.162955
-0.160496
-0.157832
-0.155210
-0.152450
-0.149738
-0.146937
-0.143923
-0.140893
-0.137823
-0.134762
-0.131611
-0.128373
-0.125015
-0.121666
-0.118232
-0.114848
-0.111503
-0.108169
-0.104679
-0.101291
-0.097890
-0.094530
-0.091182
-0.087812
-0.084248
-0.080738
-0.077253
-0.073851
-0.070538
-0.067285
-0.063993
-0.060756
-0.057722
-0.054738
-0.051828
-0.049062
-0.046642
-0.043604
-0.041356
-0.039212
-0.037246
-0.035408
-0.033696
-0.033014
-0.031628
-0.030297
-0.029058
-0.027831
-0.026828
-0.025818
-0.024779
-0.023741
-0.022627
-0.022465
-0.021506
-0.020490
-0.019496
-0.018511
-0.017536
-0.016562
-0.015586
-0.015142
-0.014302
-0.013525
-0.012779
-0.012149
-0.011619
-0.011147
-0.010823
-0.010699
-0.010787
-0.011114
-0.011702
-0.012552
-0.013659
-0.015005
-0.016550
-0.018291
-0.020221
-0.022227
-0.024286
-0.026485
-0.028787
-0.031258
-0.033816
-0.036471
-0.039232
-0.042041
-0.044918
-0.047863
-0.050844
-0.053889
-0.056907
-0.060100
-0.063395
-0.066823
-0.070292
-0.073859
-0.077406
-0.080956
-0.084497
-0.088103
-0.091644
-0.095163
-0.098740
-0.102386
-0.105844
-0.109284
-0.112717
-0.116119
-0.119430
-0.122626
-0.125754
-0.128808
-0.131918
-0.134874
-0.137772
-0.140653
-0.143429
-0.146079
-0.148643
-0.151141
-0.153425
-0.155538
-0.157496
-0.159251
-0.160880
-0.162160
-0.163256
-0.164259
-0.165173
-0.166033
-0.166766
-0.167401
-0.168008
-0.168535
-0.168993
-0.169373
-0.169677
-0.169970
-0.170171
-0.170320
-0.170388
-0.170369
-0.170263
-0.170063
-0.169764
-0.169359
-0.168833
-0.168205
-0.167439
-0.166535
-0.165474
-0.164324
-0.163023
-0.161615
-0.160116
-0.158497
-0.156762
-0.154949
-0.153036
-0.151093
-0.149034
-0.146845
-0.144551
-0.142181
-0.139731
-0.137316
-0.134809
-0.132199
-0.129510
-0.126743
-0.123951
-0.121110
-0.118126
-0.114995
-0.111767
-0.108456
-0.105142
-0.101876
-0.098637
-0.095319
-0.091928
-0.088603
-0.085392
-0.082132
-0.078881
-0.075646
-0.072505
-0.069555
-0.066873
-0.064304
-0.061903
-0.059599
-0.057498
-0.055529
-0.053724
-0.052029
-0.050510
-0.049078
-0.047597
-0.046101
-0.044574
-0.043987
-0.040722
-0.039033
-0.037432
-0.035825
-0.034169
-0.032501
-0.030705
-0.028748
-0.026762
-0.024605
-0.022631
-0.020343
-0.018179
-0.016169
-0.014167
-0.012321
-0.010710
-0.009307
-0.008037
-0.006821
-0.005744
-0.004834
-0.004070
-0.003378
-0.002779
-0.002286
-0.001952
-0.001749
-0.001675
-0.001720
-0.001858
-0.002105
-0.002468
-0.002947
-0.003547
-0.004275
-0.005139
-0.006119
-0.007217
-0.008427
-0.009765
-0.011275
-0.012885
-0.014566
-0.016432
-0.018390
-0.020479
-0.022663
-0.024953
-0.027284
-0.029692
-0.032193
-0.034842
-0.037475
-0.040397
-0.043165
-0.046012
-0.048962
-0.051998
-0.055056
-0.058085
-0.061105
-0.064193
-0.067597
-0.070710
-0.074636
-0.077981
-0.081269
-0.084701
-0.088147
-0.091547
-0.094910
-0.098372
-0.101817
-0.105201
-0.108431
-0.111552
-0.114491
-0.117213
-0.119688
-0.121986
-0.124205
-0.126221
-0.128120
-0.129934
-0.131827
-0.133582
-0.135368
-0.137088
-0.138859
-0.140646
-0.142331
-0.144023
-0.145609
-0.147167
-0.148646
-0.150075
-0.151478
-0.152747
-0.153973
-0.155088
-0.156166
-0.157175
-0.158101
-0.158909
-0.159640
-0.160283
-0.160822
-0.161260
-0.161555
-0.161770
-0.161873
-0.161864
-0.161764
-0.161562
-0.161248
-0.160816
-0.160270
-0.159614
-0.158845
-0.157968
-0.156974
-0.155861
-0.154667
-0.153369
-0.151935
-0.150376
-0.148665
-0.146851
-0.144970
-0.142992
-0.140904
-0.138701
-0.136386
-0.134009
-0.131548
-0.129149
-0.126613
-0.123939
-0.121349
-0.118848
-0.116392
-0.114038
-0.111767
-0.109587
-0.107523
-0.105303
-0.104189
-0.102920
-0.101255
-0.099612
-0.098057
-0.096367
-0.094573
-0.092586
-0.090876
-0.088883
-0.086905
-0.084854
-0.082801
-0.080660
-0.078449
-0.077165
-0.074677
-0.072269
-0.069693
-0.067129
-0.064491
-0.061680
-0.058669
-0.055557
-0.052305
-0.049100
-0.045889
-0.042595
-0.039322
-0.036169
-0.033319
-0.030481
-0.027630
-0.024777
-0.022190
-0.019873
-0.017677
-0.015541
-0.013507
-0.011489
-0.009651
-0.007902
-0.006282
-0.004764
-0.003395
-0.002158
-0.001100
-0.000190
0.000601
0.001239
0.001719
0.002042
0.002248
0.002300
0.002206
0.001955
0.001549
0.000999
0.000307
-0.000527
-0.001493
-0.002574
-0.003820
-0.005176
-0.006669
-0.008308
-0.010053
-0.011878
-0.013779
-0.015845
-0.018014
-0.020260
-0.022596
-0.025098
-0.027709
-0.030440
-0.033367
-0.036427
-0.039463
-0.042476
-0.045592
-0.048742
-0.051851
-0.054887
-0.057852
-0.060666
0.000000
0.000000
0.000000
0.000000
0.000000
0.000000
0.000000
0.000000
0.000000
0.000000
0.000000
0.000000
0.000000
0.000000
0.000000
0.000000
0.000000
0.000000
0.000000
0.000000
0.000000
0.000000
0.000000
0.000000
0.000000
0.000000
0.000000
0.000000
0.000000
0.000000
0.000000
0.000000
0.000000
0.000000
0.000000
0.000000
0.000000
0.000000
0.000000
0.000000
0.000000
0.000000
0.000000
0.000000
0.000000
0.000000
0.000000
0.000000
0.000000
0.000000
0.000000
0.000000
0.000000
0.000000
0.000000
0.000000
0.000000
0.000000
0.000000
0.000000
0.000000
0.000000
0.000000
0.000000
0.000000
0.000000
0.000000
0.000000
0.000000
0.000000
0.000000
0.000000
0.000000
0.000000
0.000000
0.000000
0.000000
0.000000
0.000000
0.000000
0.000000
0.000000
0.000000
0.000000
0.000000
0.000000
0.000000
0.000000
0.000000
0.000000
0.000000
