1.068482
2.168891
3.228859
4.203690
5.166813
6.113974
7.302713
8.438241
8.996960
9.730210
10.236782
11.099869
11.475540
12.084276
13.038887
13.121896
14.290416
15.253539
15.734569
16.630646
16.768995
17.411787
18.332342
18.710142
19.154989
19.597706
20.084057
20.138332
20.780060
20.903511
20.935438
21.264282
21.876213
21.847479
21.981571
22.086929
23.820551
23.578972
24.061066
24.207930
24.965658
24.472921
24.592115
25.813845
26.074581
25.800011
26.008598
26.328930
25.746799
26.118214
26.973850
27.366550
26.806767
27.133484
27.568752
26.923832
27.086658
27.587908
28.261562
27.010035
27.051538
27.685818
27.341009
27.520863
28.084902
28.193453
27.964643
28.570189
28.425453
28.650005
29.372614
28.991621
28.949053
29.928141
29.545019
29.524799
29.831295
29.657827
29.947296
30.390013
30.243151
30.137793
31.037062
30.940218
30.895521
31.411669
30.858273
31.451046
31.300991
31.775635
31.734129
31.379744
31.497871
32.196003
31.235008
31.159449
31.403156
32.087452
30.967888
30.949797
31.236073
27.118586
25.230650
23.179888
19.877598
16.808372
13.078263
10.054799
6.894051
3.757779
1.064225
-0.973766
-2.361516
-3.509815
-4.389929
-5.414778
-6.269351
-6.756765
-7.717761
-8.162607
-8.708554
-5.941569
-3.049005
-0.396956
1.447346
2.351938
3.211832
3.817376
4.548498
5.222153
5.787256
6.673756
7.436805
8.347782
9.208740
9.736596
10.382581
11.419136
11.488311
12.380131
12.840940
13.420943
14.139296
14.308507
15.034308
15.786716
15.839927
16.648739
17.590578
17.327713
17.791716
18.895317
18.076929
18.203571
19.626440
18.824015
18.999611
20.504427
19.939323
20.732170
20.754519
21.031218
21.884726
21.504797
22.190159
22.016689
22.117792
23.104328
22.406197
22.623299
23.073465
23.906754
24.031269
24.616592
24.118534
24.450573
25.148705
24.608078
25.193401
26.040525
25.521183
24.146204
20.822630
16.859455
14.995996
11.241410
8.100882
5.223217
2.072046
-0.384185
-2.073111
-3.081996
-3.889743
-4.858188
-5.662742
-6.577976
-7.339961
-8.210497
-9.104446
-9.841954
-10.581591
-8.501031
-5.660614
-3.053262
-0.479966
1.313254
2.431755
3.478952
4.446332
5.259401
6.153350
6.904693
7.806091
8.499967
8.934170
9.903679
10.153772
10.700784
11.351026
12.138552
12.590848
13.110189
14.007332
14.768252
14.741647
14.984290
15.847377
16.689178
16.819014
17.280888
18.104599
17.607605
18.069479
19.156054
18.484528
18.706949
19.891432
19.215649
19.550880
20.678959
20.277746
21.379219
20.989712
21.323879
21.923038
21.575037
22.144398
22.344471
22.114599
22.349792
22.710566
23.770533
23.253319
23.756699
23.887598
24.433546
24.559124
24.761326
25.403055
25.614836
25.792561
23.356550
21.646339
17.873661
14.514967
11.513852
8.192406
4.785820
2.134836
-0.289469
-1.892192
-2.706325
-3.423612
-4.228167
-5.022079
-5.805348
-6.504544
-7.383594
-8.049799
-8.701105
-9.419456
-10.137809
-10.867867
-11.854404
-12.090662
-12.489746
-13.517788
-13.551843
-14.021167
-14.667151
-15.406788
-15.746275
-15.836735
-16.730684
-17.367090
-17.348999
-17.716156
-18.345114
-18.451536
-19.185850
-19.396568
-18.831465
-14.644802
-12.297122
-8.979932
-6.093753
-3.709889
-1.023785
1.100409
2.412598
3.216089
3.854624
4.498480
5.409456
6.351296
6.900436
7.541100
8.370131
9.071455
9.731275
10.514544
11.074327
11.377631
11.722440
12.323728
12.769638
13.429458
14.158451
14.246782
15.137539
15.650496
15.648367
16.012331
17.188301
16.751968
17.280888
18.261040
18.218470
18.478142
19.001740
18.581371
18.380232
15.514275
13.122960
9.281108
6.290635
4.118551
1.034427
-0.839674
-2.184854
-3.018142
-4.001487
-4.806041
-5.978817
-6.863188
-7.414457
-8.279672
-8.793693
-9.733403
-10.277223
-11.136052
-10.581591
-7.662421
-4.848610
-1.608044
0.717288
2.207203
2.875536
3.684347
4.500608
5.286006
6.069276
6.866381
7.505980
8.025322
8.691526
9.297071
9.751495
10.519866
10.928528
11.276529
12.083213
12.364168
12.877125
13.861532
14.310636
14.670343
15.008767
15.614311
15.998497
16.144295
16.917988
17.805552
17.422430
17.625696
18.645226
18.175901
18.451536
19.545559
20.007433
20.538481
21.096136
20.586370
20.733234
21.575037
21.329201
21.437752
22.377462
21.738928
22.096506
21.999662
22.065645
22.786125
22.558380
22.593500
22.934052
23.240549
23.619413
23.639633
24.060001
24.312223
24.385654
21.621862
17.918360
15.322714
12.239654
8.725582
6.538599
3.596017
1.224923
-0.822646
-2.245515
-3.226731
-4.219653
-5.265786
-6.002230
-6.949390
-7.562384
-8.342461
-9.071455
-9.668486
-10.566691
-11.214805
-12.064056
-12.263066
-12.769638
-13.590156
-14.332984
-14.658637
-15.015153
-15.922936
-15.615376
-16.246462
-16.720041
-16.424187
-16.832850
-17.571421
-17.294724
-18.190800
-18.332342
-18.852749
-19.217777
-19.414660
-19.769047
-19.827579
-20.520390
-19.889303
-20.339472
-20.885418
-21.126997
-21.587807
-21.103584
-21.644211
-22.162489
-22.311480
-22.472178
-22.624363
-22.060324
-22.665867
-22.595629
-22.923410
-23.372513
-20.532095
-18.315315
-15.011960
-11.496824
-8.644701
-5.908578
-2.645664
-0.481030
1.399456
2.335974
3.144785
4.017450
4.560205
5.161492
5.761715
6.200176
6.933427
7.580476
8.072147
8.611710
7.182456
4.187726
1.184483
-0.635342
-1.826210
-2.581810
-3.473631
-4.101524
-4.809234
-5.649971
-6.650343
-7.403814
-8.214754
-8.530828
-9.050171
-9.671679
-10.280415
-11.036015
-11.453191
-11.961891
-10.996638
-7.792256
-5.145529
-2.458360
0.045762
1.703825
2.797848
3.614109
4.356938
5.134886
5.833018
6.518379
6.989831
7.487888
8.276479
8.753252
8.967161
9.599311
10.144195
10.562434
9.484375
6.559884
4.030221
1.379236
-0.891821
-2.340231
-3.343796
-4.194111
-5.146593
-5.819183
-6.610967
-7.124988
-7.896551
-8.478682
-9.100189
-10.183571
-10.498581
-10.724196
-11.536201
-12.044900
-11.534072
-8.329690
-5.507365
-3.033042
-0.688554
1.083381
2.172084
3.069225
3.833339
4.635765
5.325383
5.800027
6.185277
6.936620
7.774165
7.935927
8.828812
9.531200
9.972854
10.665665
10.226139
7.362309
4.570847
1.467566
-0.812004
-2.201882
-3.118180
-3.824825
-4.416534
-5.058262
-5.781935
-6.613095
-7.425099
-8.078533
-8.696848
-9.224704
-9.891973
-10.479425
-11.401044
-11.451062
-11.981047
-12.853711
-13.416686
-13.891331
-14.319149
-15.066236
-14.941721
-15.162016
-16.262424
-15.619633
-15.999561
-16.966942
-16.499746
-17.022282
-17.788523
-18.010946
-18.394068
-18.315315
-19.259283
-18.986841
-19.086878
-15.906974
-12.378003
-9.666357
-6.479003
-3.833339
-1.169583
0.915234
2.123129
3.133079
3.915284
4.616609
5.273236
5.994780
6.817426
7.464475
8.013616
8.556370
9.318356
9.774908
10.083533
6.977060
4.079175
1.471823
-0.839674
-2.294469
-3.203318
-4.048313
-4.830518
-5.603146
-6.279993
-6.886601
-7.595375
-8.113652
-8.828812
-9.243859
-9.867496
-10.723133
-10.868932
-11.235025
-12.076827
-12.529122
-13.096354
-13.151694
-13.527366
-14.414929
-14.406416
-14.960877
-15.820771
-15.556844
-16.011267
-16.652996
-16.191122
-16.733877
-17.179787
-17.190430
-17.686357
-17.562908
-18.129076
-18.648417
-19.433815
-16.229433
-13.327291
-11.418072
-7.234602
-4.663435
-1.642099
0.456553
2.067790
2.936197
3.670512
4.719839
5.423291
6.054377
6.892986
7.106895
7.923156
8.239231
8.866059
9.399237
10.120781
10.600747
10.866803
11.544715
12.019359
12.475911
12.840940
13.105933
14.005203
13.904101
14.533059
15.318457
15.198199
15.487669
16.276260
16.367783
16.576370
17.096777
17.740633
18.404709
18.963428
18.928308
19.152861
18.973005
19.033667
19.612606
19.368898
19.417852
20.346920
19.871212
20.152168
20.751326
20.379911
20.463985
20.686409
20.604464
20.932245
21.242998
22.260397
21.992212
22.431738
20.411839
17.011639
14.758675
12.106626
8.807528
6.194855
3.202254
0.400149
-1.423933
-2.540305
-3.244823
-3.748201
-4.510186
-5.227474
-5.864945
-6.531150
-7.040914
-7.570898
-8.239231
-8.975675
-9.535458
-10.369810
-10.739096
-11.275466
-12.144938
-12.043836
-12.811142
-13.100612
-13.221933
-13.731697
-14.226562
-15.017282
-14.779959
-15.522788
-15.698385
-16.066607
-16.476334
-16.710463
-16.681728
-17.362833
-17.772560
-17.784267
-18.561152
-18.122690
-18.486654
-19.131577
-19.467871
-20.086185
-20.001047
-20.029781
-20.063837
-20.408646
-20.556574
-20.780060
-21.687845
-21.743185
-21.545238
-22.036911
-21.971992
-21.901754
-21.765533
-16.608297
-14.820399
-10.921079
-8.513802
-6.116102
-3.044748
-0.678976
1.253657
2.103973
3.116051
3.796091
4.181341
4.792206
5.336025
6.167185
7.028143
7.412328
8.096625
8.632995
9.403494
9.939863
10.789115
11.204163
11.692642
11.949120
12.186442
12.865417
13.293237
13.865789
14.334048
14.719298
14.737390
14.954492
15.972956
15.435522
15.712220
16.699821
16.003819
16.047451
16.684921
16.787088
16.775381
17.203199
17.642725
17.738504
18.702692
18.505812
18.865519
19.947836
18.877226
19.150732
19.590256
19.359320
19.646660
20.731106
19.861633
20.409710
20.807730
21.572908
20.603399
19.416788
14.478784
12.323728
8.944813
5.773421
3.241630
0.865215
-1.286648
-2.411534
-3.184162
-4.227102
-5.049748
-5.878780
-6.618416
-7.260144
-8.007230
-8.698977
-9.352410
-9.659972
-9.874946
-6.712068
-4.107909
-1.481401
0.879050
2.126322
2.971317
3.560897
4.196240
4.972060
5.657421
6.138451
6.499223
7.027079
7.817798
8.770280
9.222575
9.853661
10.659279
10.763574
11.122217
11.559613
12.293929
13.012281
13.017602
13.360283
14.320213
14.362782
14.889574
14.968327
15.522788
15.964441
16.018717
16.396517
17.194685
16.199635
16.738132
17.923679
17.442650
17.605476
18.585629
14.778894
13.142117
9.902615
7.149465
4.282442
1.407970
-0.789655
-1.953917
-2.832967
-3.774807
-4.399507
-5.174263
-6.053313
-6.600325
-7.632623
-7.943377
-8.549985
-9.476925
-9.839826
-10.425150
-7.814605
-5.060390
-2.383864
0.170276
1.682540
2.580746
3.356566
4.082368
5.069969
5.754265
6.328947
7.038785
7.757137
8.540407
8.860739
9.147016
9.439677
9.899423
10.485810
11.204163
8.689399
6.084175
3.456603
1.075932
-0.946096
-2.003936
-3.067097
-3.911027
-4.471874
-5.029528
-5.652100
-6.435369
-7.316548
-7.803963
-8.412700
-9.190648
-9.637623
-10.108010
-10.575206
-11.005153
-8.891602
-6.043735
-3.453411
-0.843931
1.144042
2.228487
2.925555
3.471503
4.099395
4.545306
5.027400
5.628687
6.241681
6.828069
7.261208
8.087047
8.714940
9.256630
9.962212
10.627353
8.953326
6.019258
3.028785
0.489544
-1.573989
-2.456232
-3.232052
-3.971688
-4.484645
-5.082739
-5.723403
-6.424727
-7.157979
-7.853981
-8.660665
-9.159786
-9.647201
-10.627353
-10.845518
-11.395723
-9.909000
-6.650343
-3.971688
-1.049326
1.181290
2.287020
3.021335
3.725852
4.289892
4.897564
5.399879
5.723403
6.592875
7.304842
8.026386
8.812848
9.318356
9.780230
10.047350
10.532637
11.027501
11.379760
12.256681
12.463140
12.758995
13.798743
14.344691
14.632031
14.886381
15.196071
15.432329
15.726055
16.309250
17.113804
16.681728
16.770060
17.673588
17.741697
17.807680
18.478142
18.791023
19.315687
19.451908
19.592384
19.835028
19.647724
20.371397
20.188351
20.158552
21.029089
20.396940
20.615105
21.476063
20.873713
20.860941
21.409018
20.721527
21.172760
21.345163
21.887918
21.053566
17.960928
14.558600
11.546843
8.325434
5.873458
3.971688
1.843238
-0.435268
-1.910284
-2.989408
-3.820568
-4.630444
-5.297713
-6.082047
-6.631187
-7.272915
-7.822055
-8.439305
-8.942684
-9.578027
-10.627353
-10.641188
-11.156272
-11.803321
-12.207726
-12.590848
-12.942042
-13.469898
-14.199956
-13.950928
-14.478784
-15.453613
-14.499003
-14.881061
-15.866533
-15.954864
-16.834978
-16.469948
-16.597656
-16.682793
-13.395402
-12.174736
-7.786935
-5.514815
-3.157556
-0.356515
1.345181
2.391314
3.150106
3.823761
4.444204
5.063583
5.712760
6.343846
6.791885
7.359117
8.176442
8.589361
9.161914
9.486503
6.426856
3.598145
0.975894
-1.190868
-2.365772
-2.903206
-3.516200
-4.186662
-4.767729
-5.441383
-6.117166
-6.724839
-7.445319
-8.159414
-8.444627
-9.192777
-9.987753
-10.187827
-10.679500
-11.340384
-11.497889
-11.965083
-12.393966
-12.821785
-13.705091
-13.719991
-13.994561
-14.785280
-15.366347
-15.433393
-15.601541
-16.360332
-16.250717
-16.657251
-17.195749
-16.979712
-17.556522
-17.109549
-17.268118
-18.278067
-14.995996
-13.301750
-9.230024
-6.008615
-3.475759
-1.162134
0.901399
2.202946
3.035170
4.091946
4.872023
5.469053
6.137386
7.132437
7.711375
8.189213
8.628737
8.720261
9.195970
9.870688
10.448563
10.793371
11.114767
12.109818
12.215177
12.557857
12.851583
13.472026
14.036065
13.950928
14.549022
15.304622
14.888510
15.439778
16.041065
16.121946
16.911602
16.969070
17.123383
17.813000
15.236511
12.879252
10.209112
7.596439
4.474002
1.466502
-0.594902
-1.647421
-2.683976
-3.255465
-4.000422
-4.700683
-5.306227
-6.283185
-6.722710
-7.259080
-8.146644
-8.709619
-9.062942
-9.632302
-10.135680
-10.828491
-11.375503
-11.508531
-12.007652
-12.542957
-13.373054
-13.527366
-13.978598
-14.710784
-14.716105
-15.351448
-15.805872
-15.764367
-16.059158
-16.920116
-16.751968
-16.935015
-17.561844
-17.179787
-17.362833
-18.324892
-18.182287
-18.631390
-18.741005
-19.134768
-18.837849
-18.990034
-19.972313
-19.199686
-19.283760
-20.251141
-19.919102
-20.272425
-20.936501
-20.774738
-21.067402
-21.212135
-21.026960
-21.271732
-21.496284
-22.099699
-22.367884
-22.441317
-21.906010
-22.238049
-22.260397
-22.530710
-22.863813
-22.721207
-22.830822
-23.348036
-23.022383
-23.462973
-23.250128
-23.393797
-23.415081
-23.784369
-23.062824
-23.419338
-23.916332
-23.665174
-23.757763
-23.958900
-23.478935
-23.837580
-23.971672
-24.238792
-23.709871
-24.546352
-24.023819
-24.631491
-24.539968
-24.419710
-24.742170
-24.538904
-24.646391
-24.774097
-24.452702
-24.464407
-24.202608
-20.246883
-17.155310
-13.796615
-10.772087
-7.220767
-5.176391
-2.513700
-0.095780
1.666577
2.476452
2.994730
3.641778
4.396314
5.060390
5.619109
6.168249
6.955776
7.712440
8.275414
8.738353
9.476925
9.749367
9.949441
10.471975
11.337191
12.209855
12.577013
12.826041
13.309199
14.177608
14.527738
14.607554
14.975777
15.436585
15.671780
16.170900
16.562536
16.879675
17.437328
16.446535
13.780651
10.630545
7.956147
5.224281
2.363644
-0.060661
-1.786834
-2.867023
-3.559833
-4.256901
-5.036978
-5.694669
-6.327883
-7.195226
-7.420842
-7.923156
-8.718132
-9.160851
-9.645073
-10.592233
-10.882767
-11.385080
-11.866111
-12.249231
-12.754739
-13.059107
-12.934592
-13.831735
-14.540508
-14.907666
-15.326971
-15.958056
-15.446164
-16.177286
-16.658316
-16.509325
-16.640224
-16.933950
-16.942465
-18.281260
-18.072672
-18.529224
-18.559023
-18.945335
-19.057079
-19.332714
-19.678587
-19.359320
-19.922295
-20.263910
-20.875841
-20.311802
-20.561893
-21.100391
-20.956722
-21.254705
-21.730413
-21.543110
-21.779367
-21.880468
-21.596321
-22.091187
-22.308289
-22.627556
-22.566895
-22.481756
-22.732914
-22.593500
-22.389170
-23.123484
-23.083044
-22.756327
-23.495962
-22.823372
-23.270348
-23.194788
-23.353357
-23.060696
-23.375706
-23.475742
-20.439508
-17.714027
-15.116254
-12.047029
-9.399237
-6.304470
-3.710953
-1.267492
0.910977
2.175276
3.140528
3.863137
4.443140
5.133822
5.588246
6.110781
6.979188
7.731596
8.644701
9.340704
9.736596
10.195277
10.808270
11.106254
11.536201
11.578770
12.207726
12.721747
12.932464
13.473090
14.080763
14.331920
14.627775
14.941721
15.430201
15.623890
16.229433
17.033987
17.041437
17.059528
17.551201
18.245075
17.735312
18.209957
18.730362
19.136896
19.648788
19.608349
19.658367
19.388054
19.814808
20.407581
20.213892
20.866262
20.319250
20.360756
21.031218
21.513311
21.755955
22.003920
19.258219
18.696308
13.794486
10.982803
8.319048
4.600646
1.831532
-0.551269
-1.560154
-2.317882
-2.956418
-3.556640
-4.379286
-5.154042
-5.871330
-6.420470
-7.034528
-7.503851
-8.026386
-8.601068
-6.763151
-4.114295
-1.675090
0.688554
2.022028
2.820197
3.673705
4.454846
5.027400
5.560576
5.938376
6.402379
7.079226
7.305906
8.075340
8.706426
9.216189
9.887716
9.992010
10.545407
9.891973
7.121795
4.326075
1.974138
-0.119193
-1.615494
-2.387057
-3.101152
-4.015322
-4.984831
-5.839404
-6.517315
-7.027079
-7.422970
-7.968918
-8.625545
-9.239603
-9.721697
-9.959019
-10.448563
-10.751866
-11.491503
-12.210919
-12.101304
-12.769638
-13.343255
-13.992433
-14.334048
-14.286159
-14.847005
-15.502568
-15.506824
-16.290094
-16.543381
-16.826464
-17.569294
-16.962685
-17.480963
-18.314251
-17.651237
-17.622505
-14.442599
-10.292122
-8.958648
-5.411585
-2.622251
-0.394828
1.412227
2.469002
3.266107
4.133451
4.958225
5.278557
5.878780
6.375773
7.069648
7.998716
8.423342
8.970354
9.343897
8.637251
5.955404
3.009629
0.651306
-1.363272
-2.395571
-3.221410
-3.937633
-4.546370
-5.086996
-5.622302
-6.172506
-6.704618
-7.251630
-7.849725
-8.391416
-8.976739
-9.530136
-10.044157
-10.706105
-10.928528
-11.449999
-12.274773
-12.307764
-12.633417
-13.118704
-13.675293
-14.346819
-14.404287
-14.640546
-15.271631
-15.690936
-15.993176
-16.578499
-16.297544
-16.565729
-17.468191
-16.930758
-17.331970
-17.897074
-17.376669
-18.176966
-18.522839
-18.936823
-19.230549
-19.080492
-19.532789
-19.194365
-19.681780
-20.094700
-20.347984
-20.329893
-20.593821
-20.805601
-20.998226
-21.047180
-21.505861
-20.938629
-21.058887
-21.728285
-21.308981
-19.359320
-15.027924
-13.015473
-9.151272
-6.351296
-3.785449
-1.575053
0.686425
2.185919
2.843610
3.750329
4.364388
4.779435
5.438190
6.248066
6.795078
7.270786
7.927413
8.689399
8.894794
9.451384
9.779165
10.122910
10.656087
10.925336
11.148823
11.779908
12.642995
12.828170
13.219805
13.111254
13.694449
14.610747
14.234012
14.537315
15.213099
15.572806
15.416366
16.181543
16.256039
13.909423
10.631609
8.088111
5.266850
2.484966
0.103230
-1.606980
-2.620122
-3.481081
-4.327139
-5.126372
-5.960725
-6.605646
-7.130309
-7.376144
-7.923156
-8.592554
-8.984189
-9.789807
-10.277223
-7.170749
-4.754958
-2.096524
0.374607
1.889000
2.768050
3.561962
4.559141
5.486081
6.202304
6.767408
7.200547
7.680513
7.985946
8.495709
9.182135
9.871753
10.382581
10.893409
11.695834
9.721697
6.798270
4.041927
1.393071
-0.897142
-2.161441
-2.941518
-3.428933
-3.925927
-4.493159
-5.407328
-5.867073
-6.434305
-7.292071
-8.060441
-8.435048
-8.982060
-9.553549
-10.281479
-11.058364
-9.013987
-6.828069
-3.797155
-1.268556
0.607673
1.833660
2.677590
3.639650
4.609159
5.309419
6.015000
6.647151
7.602825
8.081726
8.314791
9.185328
9.573770
10.071827
10.624160
10.981739
11.195648
11.765009
12.630224
12.897345
13.078263
13.501824
13.911551
14.637353
14.645866
14.832106
15.536623
15.960185
16.152809
16.417801
16.561472
16.796665
17.474577
17.575678
17.877918
18.693115
15.471705
13.106997
10.367682
7.238860
4.765600
2.181662
-0.303304
-1.728302
-3.173519
-4.019578
-4.486773
-5.275364
-6.025643
-7.131373
-7.645393
-8.443563
-9.042721
-9.360925
-9.941992
-10.796564
-9.742981
-6.861060
-4.104716
-1.944339
0.253286
1.867715
2.665884
3.459796
4.114295
4.584682
5.346667
6.224653
6.802527
7.287814
7.715632
8.440370
8.853289
9.424778
10.329370
10.899794
11.145630
11.275466
11.681999
12.452498
12.719619
13.068685
13.513531
13.991368
14.765059
14.763995
14.999189
15.781395
15.671780
15.780331
16.307121
17.029732
17.529917
18.084377
17.877918
18.187609
18.041809
18.092892
18.443022
18.590950
18.422802
19.152861
19.185850
19.276310
20.263910
19.872276
19.995726
20.531033
19.871212
20.436316
20.303288
20.494848
21.824066
20.792831
20.882225
21.805973
21.401567
21.501604
22.053938
22.555187
22.463665
22.831886
22.886162
22.492399
22.925539
23.050053
23.053246
23.440622
23.129869
22.823372
23.506605
24.002535
24.226021
24.459087
24.202608
24.245178
24.698538
24.336700
24.829437
25.193401
25.126356
24.918833
24.865622
25.316853
25.410503
25.784046
25.142319
25.713808
25.474358
25.940489
25.497770
25.738285
25.348780
25.597807
26.157591
25.678688
25.993700
23.219265
20.177710
16.914795
13.845570
11.269080
8.433985
5.467989
2.660563
0.210717
-1.646356
-2.741444
-3.697118
-4.323947
-4.663435
-5.150850
-5.675513
-6.200176
-7.215446
-7.470860
-8.096625
-5.827697
-3.172455
-0.584260
1.195125
1.995422
2.756343
3.435319
3.987652
4.648535
5.271107
6.053313
6.576911
6.989831
7.447448
7.770972
8.473361
8.710683
9.305585
10.177185
10.966840
11.423393
11.724568
11.527687
12.047029
13.326227
13.458191
13.589091
14.214855
14.294672
15.025795
15.342934
15.572806
16.283709
16.446535
16.534866
16.942465
17.682100
18.549444
17.956671
17.843863
16.819014
12.497196
10.114396
7.501723
4.567654
2.426433
-0.065982
-1.560154
-2.841481
-3.920605
-4.513379
-5.130630
-5.851110
-6.546049
-7.449576
-7.796514
-8.618095
-9.521623
-9.891973
-10.420893
-10.727389
-11.265887
-11.890588
-12.277966
-12.380131
-13.215548
-13.724248
-13.780651
-14.320213
-14.809757
-14.921501
-15.219484
-16.037872
-16.380554
-16.523159
-17.159567
-17.128704
-17.740633
-17.490540
-17.776817
-17.479898
-12.333305
-11.486182
-8.578719
-4.893307
-3.186290
-0.333102
1.429254
2.544562
3.257593
4.030221
4.609159
5.013565
5.786192
6.157607
6.799335
7.188841
7.807156
8.604260
9.150208
9.595054
10.004781
10.592233
10.846582
10.970033
11.311649
12.222626
12.881381
12.921822
13.377310
13.961570
14.011588
14.460691
14.789537
15.591963
15.701578
15.862276
16.558279
16.773252
17.029732
15.930387
12.740904
10.508160
7.569834
5.196611
2.711646
0.186239
-1.659127
-2.540305
-3.360823
-4.112166
-4.781564
-5.348795
-5.964982
-6.543921
-7.185648
-7.826312
-8.535086
-9.071455
-9.529072
-9.965405
-10.349589
-11.070070
-11.236089
-11.641559
-12.371617
-12.645123
-12.930336
-13.594412
-14.131845
-14.537315
-14.739518
-15.191814
-16.161324
-16.097469
-16.228369
-16.812630
-17.012703
-17.583128
-17.532045
-17.623569
-18.479206
-17.604412
-18.126947
-18.675022
-18.930437
-19.242254
-19.275246
-19.455099
-19.441265
-20.146847
-19.862698
-19.902075
-20.707693
-20.308609
-20.855619
-21.587807
-20.818373
-20.952465
-21.659111
-20.548059
-17.885368
-15.232255
-12.413122
-9.141694
-6.820619
-3.783320
-1.464374
0.302240
1.792155
2.762728
3.648164
4.327139
4.928427
5.382851
5.839404
6.514122
7.265465
7.853981
8.339269
7.764587
4.962482
2.396635
0.378864
-1.361144
-2.424305
-3.141593
-3.887614
-4.582553
-5.190226
-5.703183
-6.376837
-7.006858
-7.586861
-8.159414
-8.824555
-9.251309
-9.685513
-10.556049
-10.532637
-10.688013
-7.857174
-4.740059
-2.290213
0.195817
1.703825
2.640343
3.146914
3.788641
4.336718
4.820940
5.424356
5.916028
6.353424
7.130309
7.877395
8.406315
8.769216
9.284300
9.950505
10.526251
10.829556
10.961519
11.842697
12.086405
12.782409
12.817528
13.033566
13.817900
14.422379
14.778894
14.965134
15.371668
15.674973
16.028296
16.866905
16.358204
16.433765
16.860519
16.959492
16.811565
17.675716
18.327021
18.778254
19.493412
18.842106
18.782509
19.356127
19.740313
19.592384
19.875469
20.332022
20.171324
21.006741
20.640646
20.541674
21.096136
20.601271
20.595949
20.917345
21.108906
20.157488
15.550458
13.432650
11.177557
7.569834
4.731545
2.467938
0.289469
-1.352630
-2.353002
-3.316126
-4.015322
-4.861381
-5.295584
-5.947954
-6.496030
-6.739738
-7.582604
-8.371195
-8.558498
-9.133181
-10.018616
-10.482617
-10.847647
-11.216933
-11.594733
-12.314149
-12.382259
-12.351398
-13.342191
-13.988175
-14.309571
-14.746968
-15.401466
-14.973648
-15.264181
-16.634903
-16.179415
-16.468884
-17.113804
-17.155310
-17.388374
-17.844927
-18.730362
-18.441957
-18.878290
-19.449780
-18.751648
-18.836784
-19.581743
-19.042181
-19.915909
-20.213892
-19.539173
-19.755211
-20.235178
-20.604464
-20.644903
-20.594885
-21.006741
-21.460100
-20.839657
-20.858812
-21.612284
-21.104649
-22.043295
-21.587807
-21.635698
-21.979443
-22.743555
-22.063517
-22.543482
-22.752069
-22.819117
-22.439188
-23.358679
-22.731850
-23.242678
-23.234163
-23.070272
-23.444880
-23.435303
-23.308659
-23.956772
-23.901432
-23.964222
-23.283117
-24.133434
-24.037653
-23.813103
-24.228149
-23.603449
-23.767340
-24.174938
-23.783304
-24.433546
-24.505913
-24.326059
-24.485693
-24.926281
-22.818052
-20.179838
-18.213150
-13.971148
-11.949120
-8.936298
-6.049056
-3.311869
-1.139785
0.766242
2.022028
2.918105
3.737559
4.567654
5.077418
5.541420
5.930927
6.373644
6.943005
7.493209
6.568398
3.540677
1.207896
-0.708774
-1.797476
-2.552012
-3.399135
-4.130258
-4.848610
-5.554191
-5.993716
-6.281057
-7.032400
-7.657100
-8.217947
-8.785178
-9.217254
-9.855789
-10.180378
-10.808270
-11.785230
-11.570256
-12.174736
-13.018666
-13.178300
-13.532687
-13.644431
-14.107368
-15.156694
-14.893831
-15.328035
-16.143230
-15.871854
-16.366718
-16.587013
-16.791344
-17.867275
-17.068043
-17.358576
-17.668266
-17.678907
-18.681408
-18.897446
-18.809114
-18.977262
-19.633890
-18.829336
-18.951721
-19.674330
-18.984713
-19.857378
-20.063837
-19.629633
-20.094700
-19.780752
-19.604092
-20.753454
-20.440573
-20.979071
-21.265347
-21.346228
-21.277054
-21.578230
-21.440945
-22.162489
-21.210007
-21.479256
-21.983700
-21.973057
-22.239113
-22.425352
-22.423223
-22.786125
-22.749941
-22.886162
-23.110714
-23.538532
-22.739300
-22.751005
-23.592808
-22.672253
-20.382040
-16.434830
-13.091034
-10.691206
-7.405943
-4.922041
-2.248708
-0.041505
1.556961
2.457296
3.120308
3.791834
4.263286
4.737930
5.292392
5.896872
6.517315
7.255887
7.850789
8.217947
8.864996
9.595054
9.896230
10.345333
10.860417
11.191392
11.536201
12.243911
12.585526
13.032501
13.743403
14.037129
14.311700
14.485168
15.054529
15.702642
15.568550
15.880367
16.696629
15.908037
16.198570
17.546944
16.626390
16.703014
17.651237
16.864777
17.019089
18.162067
18.162067
18.562216
19.139025
18.370655
18.851685
19.041117
19.292274
20.237305
19.534918
19.439137
20.363949
19.958479
20.412903
20.545931
19.739248
20.536352
20.676830
21.168503
21.762341
20.972685
21.240870
22.061388
22.081608
22.759520
22.145462
22.393425
22.349792
22.522198
23.062824
22.713757
23.410826
22.875519
23.353357
23.581100
23.247999
24.035524
24.134499
24.562317
23.809910
24.272848
23.870571
24.046167
24.172810
24.107893
24.367563
24.835823
24.186646
24.098314
24.977364
25.119970
25.263641
24.695345
22.965979
19.661560
18.352562
14.391517
11.417007
9.487567
5.734045
3.303355
0.948225
-1.305804
-2.320011
-2.983023
-3.771614
-4.223910
-4.583618
-5.211511
-5.836211
-6.488581
-7.201612
-7.689027
-8.147708
-8.811785
-9.504595
-9.916450
-10.218690
-10.709298
-11.109447
-11.853340
-12.028937
-12.028937
-13.023988
-13.771073
-13.951992
-14.307443
-15.042823
-14.908731
-15.571742
-16.246462
-16.319893
-16.705143
-17.468191
-16.728556
-17.037180
-17.627825
-17.565037
-18.273809
-17.966249
-18.457922
-18.533482
-19.502991
-18.381296
-18.458984
-19.462549
-18.998547
-19.514696
-19.850992
-19.489155
-19.876534
-20.529968
-19.811615
-20.499105
-20.436316
-20.672573
-20.821566
-21.370705
-21.436687
-21.744247
-21.428173
-21.914524
-21.882597
-21.931553
-22.377462
-21.832579
-22.500912
-22.823372
-22.099699
-22.561573
-22.627556
-22.659481
-22.707373
-22.556252
-23.190531
-23.020254
-23.011740
-23.771597
-22.805281
-23.110714
-23.541725
-22.992584
-23.278860
-23.730093
-23.988699
-23.974865
-23.931231
-24.365435
-23.855671
-24.376078
-24.687895
-24.480371
-25.101879
-24.461216
-25.163603
-24.632555
-25.057180
-25.288118
-25.207237
-24.853914
-25.297697
-25.626541
-25.300888
-25.846836
-24.917768
-25.301952
-25.364742
-25.446688
-25.796818
-25.306210
-25.500963
-25.344522
-25.749992
-25.399862
-25.686138
-25.447752
-25.364742
-25.627605
-25.582909
-25.653147
-25.703165
-25.926653
-25.602064
-26.204416
-25.029510
-25.734028
-25.612707
-25.877699
-25.254063
-25.859608
-25.785110
-25.553110
-26.061810
-25.641441
-26.112892
-25.594614
-25.641441
-25.594614
-26.135241
-25.537148
-25.668047
-26.199095
-25.599936
-25.888342
-25.855350
-25.922396
-25.271090
-26.184196
-25.839386
-25.834066
-25.928782
-26.305517
-26.266142
-25.954323
-26.358728
-26.255499
-26.019241
-25.853222
-25.885149
-25.918139
-26.176746
-25.640377
-26.169296
-26.189516
-26.019241
-26.331059
-26.384270
-26.103315
-26.073517
-26.035204
-26.378948
-26.154398
-26.196966
-26.254435
-22.650969
-20.412903
-18.029037
-13.973276
-12.111946
-9.116153
-5.925606
-3.452346
-0.915234
1.231308
2.473259
3.251208
3.995101
4.752830
5.456282
5.996909
6.449204
6.778050
7.134565
7.770972
8.244553
8.950133
9.608889
9.886652
10.699719
11.197777
11.430842
12.148130
12.317342
12.887767
13.445420
13.576321
14.185057
14.570307
14.927886
15.093905
15.558971
16.248590
15.712220
16.110241
17.338356
16.037872
16.054901
17.218100
16.418865
16.514647
17.991791
17.592707
18.019461
18.340857
18.162067
18.828272
18.778254
18.753777
19.698807
18.798473
18.661188
19.212456
19.290146
19.036860
19.697742
20.103212
21.001419
21.100391
21.048244
21.239805
21.593128
21.396246
22.143333
21.945387
21.815552
22.037975
22.000727
22.610527
22.682896
23.235228
22.816988
22.819117
23.577908
23.163925
22.856363
18.554766
15.034308
13.984982
9.659972
7.212254
5.375401
1.949661
0.110679
-1.429254
-2.330653
-3.150106
-3.815247
-4.387800
-4.781564
-5.504172
-6.140579
-6.709939
-7.508109
-7.883780
-8.437177
-8.756445
-9.141694
-9.921771
-10.247424
-10.471975
-11.318034
-11.868238
-12.199213
-12.562114
-12.847326
-13.810450
-13.619953
-13.818964
-14.713977
-15.156694
-15.176915
-15.522788
-15.950606
-15.999561
-16.892447
-16.571051
-16.800922
-17.463934
-16.883932
-17.954542
-17.381989
-17.537367
-18.521774
-18.008818
-18.815500
-18.922987
-19.315687
-19.399761
-20.088314
-19.893560
-19.981892
-20.552317
-20.258591
-20.632133
-21.122742
-21.222778
-20.511875
-21.047180
-21.207878
-21.251513
-21.603771
-22.006048
-22.039040
-22.067772
-22.068836
-22.484949
-22.318930
-22.549868
-22.296581
-22.091187
-22.908510
-22.799959
-22.146526
-22.438124
-21.767662
-18.524967
-16.444407
-14.123332
-11.071135
-8.190277
-5.672320
-2.887243
-0.688554
0.935454
1.978395
2.790398
3.598145
4.406956
5.113602
5.731917
6.347039
6.746123
7.219704
7.948698
6.974932
4.231359
1.567604
-0.391635
-1.766614
-2.530727
-3.265043
-3.931248
-4.699618
-5.148721
-5.777678
-6.550306
-7.266530
-7.895486
-8.133873
-8.490388
-9.035272
-9.740852
-10.162286
-10.642252
-11.107318
-11.389338
-12.010845
-12.647252
-12.537637
-13.240026
-13.841312
-14.053093
-14.562857
-15.126896
-15.447228
-15.309943
-15.472770
-15.839927
-15.729248
-15.652623
-16.452921
-16.145359
-16.638096
-17.389439
-17.086134
-17.501183
-17.888561
-17.549072
-17.733183
-18.128012
-18.003496
-18.672895
-18.987906
-19.676458
-18.748455
-19.321007
-19.194365
-19.490219
-20.110662
-20.168131
-20.193672
-20.468243
-20.390554
-20.120241
-20.764097
-17.019089
-15.706899
-11.375503
-8.805399
-5.978817
-3.369337
-1.152556
0.965252
2.302983
3.171391
4.111102
4.706004
5.156171
5.824504
6.621609
7.256951
7.700733
8.319048
8.790500
9.188520
9.651458
10.082469
10.424086
10.874252
11.655394
12.097047
12.689820
12.533380
12.968648
13.853019
13.900909
13.992433
14.731005
15.356769
15.007703
15.449356
15.919744
16.191122
17.098906
16.664701
16.731749
17.788523
17.325586
17.568230
18.561152
17.691679
17.698065
18.756968
17.803423
18.052452
18.554766
19.038988
20.054258
19.349741
19.372091
19.523211
19.660496
19.590256
19.636019
20.009562
19.992535
20.721527
20.562958
21.434559
20.839657
21.082300
21.174889
20.862005
21.705936
21.423916
21.549496
21.997534
21.595257
22.029461
21.862377
21.616541
21.985828
22.175259
23.227777
22.555187
21.642082
17.357512
14.625647
12.998446
9.153400
7.178199
4.999730
2.296598
0.784334
-1.109987
-2.307240
-3.432126
-4.149414
-4.652792
-5.400943
-6.038414
-6.615223
-7.148400
-7.760330
-8.148772
-6.357681
-3.855688
-1.454796
0.325653
1.672962
2.565847
3.317190
4.172827
4.993344
5.744688
6.501351
7.130309
7.297392
7.886972
8.428663
8.667049
9.368374
9.817477
10.242103
10.748674
9.061877
6.490709
3.866330
1.240887
-0.918426
-2.109294
-2.828711
-3.299098
-3.938697
-4.709196
-5.452025
-6.220396
-6.855739
-7.451705
-7.720953
-8.300956
-8.781986
-9.257694
-10.095240
-10.348525
-10.535829
-11.162658
-11.636238
-12.109818
-12.389709
-12.852647
-13.500760
-13.622082
-13.888138
-14.832106
-14.586270
-14.894896
-15.614311
-16.385874
-15.884624
-16.199635
-16.958427
-16.428444
-16.713655
-17.420301
-16.439085
-14.181865
-10.501774
-8.033835
-5.250887
-2.834032
-0.730058
1.190868
2.224231
2.768050
3.614109
4.248387
4.995473
5.563769
6.041606
6.707811
7.103703
7.418714
8.060441
8.575526
9.451384
9.679128
10.267644
11.073263
11.965083
12.451434
12.532315
12.571692
13.307072
13.832799
13.628468
14.418122
14.599041
14.679922
15.442971
15.468513
15.512146
16.181543
16.279451
16.166645
16.240076
12.901602
10.554985
7.746495
4.778371
2.188047
-0.154313
-1.674026
-2.313626
-2.894692
-3.567283
-4.289892
-4.897564
-5.642522
-6.288507
-6.874895
-7.559191
-7.973175
-8.361617
-9.241732
-9.865367
-10.111203
-10.779536
-11.381888
-11.905487
-12.373746
-12.758995
-13.313457
-13.957313
-13.679550
-14.229754
-14.922565
-15.260988
-15.442971
-15.993176
-15.977212
-16.327343
-17.384117
-16.880739
-17.072300
-17.253218
-13.348577
-11.494696
-8.371195
-6.186341
-3.291648
-0.922683
0.978023
2.195497
3.116051
3.650292
4.055762
4.587874
5.309419
5.966046
6.634379
7.279300
7.744367
8.199855
9.404557
9.374760
6.693976
4.088753
1.714467
-0.538498
-1.934761
-2.894692
-3.783320
-4.360130
-5.245566
-5.875587
-5.986267
-6.740802
-7.461283
-7.853981
-8.548921
-9.235346
-9.960083
-10.413444
-10.702912
-11.322291
-11.639430
-12.283287
-12.277966
-12.518480
-13.530559
-14.083956
-14.501132
-15.002382
-15.357833
-14.994932
-15.726055
-16.206020
-16.355013
-16.768995
-17.237255
-17.046759
-17.652302
-18.110983
-18.937887
-18.540930
-16.941401
-13.785973
-10.590104
-8.160479
-5.905385
-3.471503
-1.063161
0.879050
2.082689
3.100088
3.648164
4.011065
4.380351
4.952904
5.695733
6.323626
6.890858
7.508109
8.105139
8.763894
6.910014
4.290956
1.584631
-0.354387
-1.696375
-2.764857
-3.480016
-4.233488
-5.108281
-5.703183
-6.253387
-6.818491
-7.360181
-7.982753
-8.730904
-9.076777
-9.324740
-9.849403
-10.187827
-10.943427
-11.017923
-11.193521
-11.779908
-12.470591
-12.945234
-13.291108
-13.662522
-14.291480
-14.152066
-14.906602
-14.866161
-15.019409
-15.763303
-16.330536
-15.977212
-16.601912
-17.138283
-16.819014
-16.943529
-17.533110
-17.383053
-18.270617
-17.745955
-17.805552
-18.678215
-18.368526
-19.179466
-19.206072
-19.692423
-19.432751
-19.783945
-19.459356
-19.747763
-20.649160
-19.858442
-20.558702
-20.389490
-20.124498
-20.287325
-20.962044
-20.556574
-21.109970
-20.518261
-20.647032
-20.814116
-20.976942
-21.576101
-21.028025
-21.579294
-21.951773
-21.025896
-21.009933
-21.863441
-21.466486
-22.114599
-21.869827
-22.299774
-22.486013
-22.525389
-22.621170
-21.237677
-18.302544
-16.531673
-12.033194
-9.282172
-6.387479
-3.747137
-1.191932
0.909913
2.118872
2.763793
3.407649
4.008936
4.491030
5.262593
5.880908
6.612031
7.292071
8.014680
8.646830
7.485760
4.930555
2.265735
0.208588
-1.308997
-2.283827
-3.041555
-3.806733
-4.499544
-5.217896
-5.961789
-6.487516
-6.941941
-7.453833
-8.176442
-8.529764
-9.294943
-10.125038
-10.022873
-10.682693
-10.054799
-7.402750
-4.748573
-2.011385
0.422497
1.893257
2.954289
3.688604
4.416534
5.218960
5.918156
6.556691
7.107960
7.898679
8.427599
9.095932
9.737660
9.974982
10.425150
10.930656
11.586219
11.875689
12.482297
13.482669
13.539072
13.883882
14.104176
14.640546
14.837427
15.250346
15.582385
15.848441
15.720734
16.323086
16.558279
16.299673
16.598721
17.504375
17.519274
18.013075
18.097149
18.157810
18.321701
18.984713
19.555138
18.833593
18.929373
19.422110
19.029409
19.230549
19.915909
18.912346
19.402952
20.058516
20.322443
21.174889
19.888239
19.724348
20.386297
19.959543
20.004240
20.631069
19.916973
20.589563
20.874777
21.217457
21.819809
20.669380
20.764097
21.705936
21.655918
22.447701
21.039732
21.223843
21.768726
21.814487
22.514748
21.509054
21.235548
22.058195
21.886854
20.190479
15.654752
14.194635
11.195648
7.828440
5.866009
2.786141
0.542755
-1.145106
-2.188047
-3.144785
-3.768421
-4.205818
-4.912463
-5.400943
-5.902193
-6.582232
-7.566641
-8.105139
-8.510609
-9.194905
-9.480118
-10.251681
-10.840198
-11.138181
-11.857596
-12.386517
-12.933528
-13.226191
-13.265567
-13.799808
-14.272324
-14.229754
-14.510710
-15.489797
-15.180107
-15.981469
-15.635596
-16.011267
-16.471012
-15.956992
-16.676409
-16.490170
-16.663637
-17.559715
-17.085072
-17.352192
-17.949221
-18.779318
-18.304672
-18.458984
-19.322071
-18.586693
-18.915539
-19.052822
-19.951029
-19.661560
-20.224535
-19.676458
-19.841413
-17.340485
-14.486233
-12.663215
-9.310905
-6.409828
-4.893307
-1.900706
0.100037
1.835788
2.643535
3.401263
4.030221
4.802848
5.616981
6.047992
6.572655
7.079226
7.425099
7.991267
8.718132
9.348154
9.716375
9.865367
10.561371
11.596862
12.004459
12.315213
12.413122
13.017602
13.482669
13.679550
14.369168
14.592655
14.922565
15.182236
15.553651
16.335855
16.210278
16.606169
17.091455
15.187557
13.054850
9.582283
7.110088
4.756022
2.367901
0.013835
-1.569732
-2.593517
-3.377851
-4.454846
-5.193419
-5.450961
-6.089496
-6.807848
-7.338897
-7.886972
-8.379709
-8.802206
-9.347090
-9.921771
-10.235718
-10.775280
-10.941298
-11.637302
-11.783101
-12.073634
-12.753675
-13.114447
-13.034630
-13.668908
-14.321278
-14.114819
-14.282966
-15.067300
-15.853762
-15.910166
-16.131525
-16.725363
-16.430573
-15.447228
-12.045964
-9.833441
-7.579412
-4.751765
-2.462617
-0.488479
1.297290
2.304047
3.077739
3.686476
4.212203
4.931619
5.577604
6.086304
6.697169
7.381465
7.989138
8.560627
9.231089
9.517365
9.713183
10.360231
10.423021
10.915757
11.669229
11.702220
12.306700
12.919693
13.254924
13.499696
13.803000
14.226562
14.594784
15.033244
15.574935
15.647303
15.469577
15.901652
16.753033
16.678537
16.884996
17.264925
17.304300
17.936451
17.815128
18.164194
18.368526
17.886433
18.103535
19.121998
17.969442
18.002432
19.419981
18.793152
19.325264
19.577486
19.160309
19.400826
19.483833
19.185850
19.927616
19.750954
20.126627
20.091507
19.796717
20.769419
20.317122
20.506554
21.169567
20.044682
20.429930
21.187658
21.319622
21.783625
20.818373
21.021639
21.021639
21.023767
22.057131
20.566151
19.431686
16.807308
13.088905
11.818220
7.977432
5.635072
3.107538
0.474644
-1.271749
-2.380672
-3.113923
-3.768421
-4.233488
-4.866702
-5.531842
-6.224653
-6.966418
-7.393172
-8.134937
-8.319048
-5.553127
-3.238437
-1.206831
0.708774
1.798540
2.600966
3.532163
4.372901
5.209382
5.796834
6.450269
6.940876
7.405943
8.231782
8.356296
8.988445
9.752560
10.089919
10.865739
11.660715
11.884202
12.210919
12.539765
13.115511
13.579513
13.598669
14.072249
14.652252
14.991739
14.961942
15.314200
15.960185
15.949542
16.216663
16.844555
17.459679
17.772560
17.798101
18.189735
18.780382
15.131153
13.573128
10.394287
7.096253
4.718774
2.070982
-0.170276
-1.702760
-2.736123
-3.723724
-4.537856
-5.035913
-5.542485
-6.028835
-6.318305
-6.974932
-7.862495
-8.302020
-8.624480
-9.271529
-6.604581
-4.074918
-1.386685
0.647049
1.800669
2.695682
3.252272
3.842917
4.624058
5.102960
5.807477
6.312984
7.013244
7.752880
8.213690
8.783051
8.979932
9.397108
9.923900
10.559242
11.273337
11.434035
12.098111
12.632353
12.820721
13.358154
13.577385
14.152066
14.429829
14.998125
15.382310
15.693064
15.922936
16.427380
16.790279
16.386938
16.716848
17.567165
16.896702
17.153181
18.230177
17.524595
17.838543
18.424931
18.373848
18.859135
18.927244
18.820822
18.748455
19.071980
19.969120
19.207136
19.423174
19.749891
20.005304
20.560829
19.948900
20.461857
20.404388
20.833271
19.010254
15.752661
14.443664
10.028193
7.632623
5.227474
2.012450
-0.100037
-1.297290
-2.078432
-2.756343
-3.384236
-4.327139
-4.865637
-5.539292
-6.408764
-6.534342
-7.065391
-7.691155
-8.074276
-6.439626
-3.502365
-0.921619
1.194061
2.129514
2.799976
3.323575
3.978074
4.432498
4.960353
5.360502
5.728724
5.937312
6.340653
6.982381
7.674128
8.281800
8.669178
9.119346
9.895165
8.006166
5.540356
2.892564
0.569360
-1.202574
-2.149735
-2.950032
-3.738623
-4.319690
-4.979509
-5.672320
-5.908578
-6.441755
-6.973867
-7.438934
-7.942312
-8.437177
-9.051235
-9.690834
-10.063313
-8.966097
-6.241681
-3.687540
-1.075932
1.006757
2.101845
3.040491
3.831211
4.408020
4.977381
5.707439
6.426856
6.922785
7.610274
8.045542
8.488260
8.976739
9.391787
9.758945
10.440049
9.384337
6.781243
4.481452
2.210396
0.270313
-1.359015
-2.272121
-3.046877
-3.915284
-4.613416
-5.226410
-5.901128
-6.515186
-7.207997
-7.759265
-7.971046
-8.607453
-9.005473
-9.554613
-9.774908
-10.335754
-10.373003
-11.076455
-11.718184
-12.267323
-12.426957
-12.715363
-13.158080
-13.732761
-13.699770
-13.734890
-14.434086
-15.043887
-15.231191
-15.464255
-15.818643
-15.941029
-16.522095
-16.697693
-17.095713
-18.008818
-16.953106
-16.916924
-17.921551
-17.767239
-17.889626
-19.016640
-18.474949
-18.617556
-19.029409
-19.063465
-18.952785
-19.799910
-19.979763
-20.103212
-20.251141
-20.222406
-19.895689
-20.324572
-20.108534
-20.400131
-17.336227
-13.960505
-11.915065
-8.364810
-5.643586
-3.074547
-0.358644
1.415419
2.379607
3.176712
3.725852
4.203690
4.892243
5.438190
6.083111
6.643958
7.171813
7.934863
8.342461
8.463782
5.545677
2.954289
0.661948
-1.297290
-2.330653
-3.085189
-3.719467
-4.219653
-4.979509
-5.606338
-6.088432
-6.731224
-7.052620
-7.626237
-7.798642
-8.421214
-9.361989
-9.601439
-10.114396
0.000000
0.000000
0.000000
0.000000
0.000000
0.000000
0.000000
0.000000
0.000000
0.000000
0.000000
0.000000
0.000000
0.000000
0.000000
0.000000
0.000000
0.000000
0.000000
0.000000
0.000000
0.000000
0.000000
0.000000
0.000000
0.000000
0.000000
0.000000
0.000000
0.000000
0.000000
0.000000
0.000000
0.000000
0.000000
0.000000
0.000000
0.000000
0.000000
0.000000
0.000000
0.000000
0.000000
0.000000
0.000000
0.000000
0.000000
0.000000
0.000000
0.000000
0.000000
0.000000
0.000000
0.000000
0.000000
0.000000
0.000000
0.000000
0.000000
0.000000
0.000000
0.000000
0.000000
0.000000
0.000000
0.000000
0.000000
0.000000
0.000000
0.000000
0.000000
0.000000
0.000000
0.000000
0.000000
0.000000
0.000000
0.000000
0.000000
0.000000
0.000000
0.000000
0.000000
0.000000
0.000000
0.000000
0.000000
0.000000
0.000000
0.000000
0.000000
0.000000
0.000000
0.000000
0.000000
0.000000
0.000000
0.000000
0.000000
0.000000
0.000000
0.000000
0.000000
0.000000
0.000000
0.000000
0.000000
0.000000
0.000000
0.000000
0.000000
0.000000
0.000000
0.000000
0.000000
0.000000
0.000000
0.000000
0.000000
0.000000
0.000000
0.000000
0.000000
0.000000
0.000000
0.000000
0.000000
0.000000
0.000000
0.000000
0.000000
0.000000
0.000000
0.000000
0.000000
0.000000
0.000000
0.000000
0.000000
0.000000
0.000000
0.000000
0.000000
0.000000
0.000000
0.000000
0.000000
0.000000
0.000000
0.000000
0.000000
0.000000
0.000000
0.000000
0.000000
0.000000
0.000000
0.000000
0.000000
0.000000
0.000000
0.000000
0.000000
0.000000
0.000000
0.000000
0.000000
0.000000
0.000000
0.000000
0.000000
0.000000
0.000000
0.000000
0.000000
0.000000
0.000000
0.000000
0.000000
0.000000
0.000000
0.000000
0.000000
0.000000
0.000000
0.000000
0.000000
0.000000
0.000000
0.000000
0.000000
0.000000
0.000000
0.000000
0.000000
0.000000
0.000000
0.000000
0.000000
0.000000
0.000000
0.000000
0.000000
0.000000
0.000000
0.000000
0.000000
0.000000
0.000000
0.000000
0.000000
0.000000
0.000000
0.000000
0.000000
0.000000
0.000000
0.000000
0.000000
0.000000
0.000000
0.000000
0.000000
0.000000
0.000000
0.000000
0.000000
0.000000
0.000000
0.000000
0.000000
0.000000
0.000000
0.000000
0.000000
0.000000
0.000000
0.000000
0.000000
0.000000
0.000000
0.000000
0.000000
0.000000
0.000000
0.000000
0.000000
0.000000
0.000000
0.000000
0.000000
0.000000
0.000000
0.000000
0.000000
0.000000
0.000000
0.000000
0.000000
0.000000
0.000000
0.000000
0.000000
0.000000
0.000000
0.000000
0.000000
0.000000
0.000000
0.000000
0.000000
0.000000
0.000000
0.000000
0.000000
0.000000
0.000000
0.000000
0.000000
0.000000
0.000000
0.000000
0.000000
0.000000
0.000000
0.000000
0.000000
0.000000
0.000000
0.000000
0.000000
0.000000
0.000000
0.000000
0.000000
0.000000
0.000000
0.000000
0.000000
0.000000
0.000000
0.000000
0.000000
0.000000
0.000000
0.000000
0.000000
0.000000
0.000000
0.000000
0.000000
0.000000
0.000000
0.000000
0.000000
0.000000
0.000000
0.000000
0.000000
0.000000
0.000000
0.000000
0.000000
0.000000
0.000000
0.000000
0.000000
0.000000
0.000000
0.000000
0.000000
0.000000
0.000000
0.000000
0.000000
0.000000
0.000000
0.000000
0.000000
0.000000
0.000000
0.000000
0.000000
0.000000
0.000000
0.000000
0.000000
0.000000
0.000000
0.000000
0.000000
0.000000
0.000000
0.000000
0.000000
0.000000
0.000000
0.000000
0.000000
0.000000
0.000000
0.000000
0.000000
0.000000
0.000000
0.000000
0.000000
0.000000
0.000000
0.000000
0.000000
0.000000
0.000000
0.000000
0.000000
0.000000
0.000000
0.000000
0.000000
0.000000
0.000000
0.000000
0.000000
0.000000
0.000000
0.000000
0.000000
0.000000
0.000000
0.000000
0.000000
0.000000
0.000000
0.000000
0.000000
0.000000
0.000000
0.000000
0.000000
0.000000
0.000000
0.000000
0.000000
0.000000
0.000000
0.000000
0.000000
0.000000
0.000000
0.000000
0.000000
0.000000
0.000000
0.000000
0.000000
0.000000
0.000000
0.000000
0.000000
0.000000
0.000000
0.000000
0.000000
0.000000
0.000000
0.000000
0.000000
0.000000
0.000000
0.000000
0.000000
0.000000
0.000000
0.000000
0.000000
0.000000
0.000000
0.000000
0.000000
0.000000
0.000000
0.000000
0.000000
0.000000
0.000000
0.000000
0.000000
0.000000
0.000000
0.000000
0.000000
0.000000
0.000000
0.000000
0.000000
0.000000
0.000000
0.000000
0.000000
0.000000
0.000000
0.000000
0.000000
0.000000
0.000000
0.000000
0.000000
0.000000
0.000000
0.000000
0.000000
0.000000
0.000000
0.000000
0.000000
0.000000
0.000000
0.000000
0.000000
0.000000
0.000000
0.000000
0.000000
0.000000
0.000000
0.000000
0.000000
0.000000
0.000000
0.000000
0.000000
0.000000
0.000000
0.000000
0.000000
0.000000
0.000000
0.000000
0.000000
0.000000
0.000000
0.000000
0.000000
0.000000
0.000000
0.000000
0.000000
0.000000
0.000000
0.000000
0.000000
0.000000
0.000000
0.000000
0.000000
0.000000
0.000000
0.000000
0.000000
0.000000
0.000000
0.000000
0.000000
0.000000
0.000000
0.000000
0.000000
0.000000
0.000000
0.000000
0.000000
0.000000
0.000000
0.000000
0.000000
0.000000
0.000000
0.000000
0.000000
0.000000
0.000000
0.000000
0.000000
0.000000
0.000000
0.000000
0.000000
0.000000
0.000000
0.000000
0.000000
0.000000
0.000000
0.000000
0.000000
0.000000
0.000000
0.000000
0.000000
0.000000
0.000000
0.000000
0.000000
0.000000
0.000000
0.000000
0.000000
0.000000
0.000000
0.000000
0.000000
0.000000
0.000000
0.000000
0.000000
0.000000
0.000000
0.000000
0.000000
0.000000
0.000000
0.000000
0.000000
0.000000
0.000000
0.000000
0.000000
0.000000
0.000000
0.000000
0.000000
0.000000
0.000000
0.000000
0.000000
0.000000
0.000000
0.000000
0.000000
0.000000
0.000000
0.000000
0.000000
0.000000
0.000000
0.000000
0.000000
0.000000
0.000000
0.000000
0.000000
0.000000
0.000000
0.000000
0.000000
0.000000
0.000000
0.000000
0.000000
0.000000
0.000000
0.000000
0.000000
0.000000
0.000000
0.000000
0.000000
0.000000
0.000000
0.000000
0.000000
0.000000
0.000000
0.000000
0.000000
0.000000
0.000000
0.000000
0.000000
0.000000
0.000000
0.000000
0.000000
0.000000
0.000000
0.000000
0.000000
0.000000
0.000000
0.000000
0.000000
0.000000
0.000000
0.000000
0.000000
0.000000
0.000000
0.000000
0.000000
0.000000
0.000000
0.000000
0.000000
0.000000
0.000000
0.000000
0.000000
0.000000
0.000000
0.000000
0.000000
0.000000
0.000000
0.000000
0.000000
0.000000
0.000000
0.000000
0.000000
0.000000
0.000000
0.000000
0.000000
0.000000
0.000000
0.000000
0.000000
0.000000
0.000000
0.000000
0.000000
0.000000
0.000000
0.000000
0.000000
0.000000
0.000000
0.000000
0.000000
0.000000
0.000000
0.000000
0.000000
0.000000
0.000000
0.000000
0.000000
0.000000
0.000000
0.000000
0.000000
0.000000
0.000000
0.000000
0.000000
0.000000
0.000000
0.000000
0.000000
0.000000
0.000000
0.000000
0.000000
0.000000
0.000000
0.000000
0.000000
0.000000
0.000000
0.000000
0.000000
0.000000
0.000000
0.000000
0.000000
0.000000
0.000000
0.000000
0.000000
0.000000
0.000000
0.000000
0.000000
0.000000
0.000000
0.000000
0.000000
0.000000
0.000000
0.000000
0.000000
0.000000
0.000000
0.000000
0.000000
0.000000
0.000000
0.000000
0.000000
0.000000
0.000000
0.000000
0.000000
0.000000
0.000000
0.000000
0.000000
0.000000
0.000000
0.000000
0.000000
0.000000
0.000000
0.000000
0.000000
0.000000
0.000000
0.000000
0.000000
0.000000
0.000000
0.000000
0.000000
0.000000
0.000000
0.000000
0.000000
0.000000
0.000000
0.000000
0.000000
0.000000
0.000000
0.000000
0.000000
0.000000
0.000000
0.000000
0.000000
0.000000
0.000000
0.000000
0.000000
0.000000
0.000000
0.000000
0.000000
0.000000
0.000000
0.000000
0.000000
0.000000
0.000000
0.000000
0.000000
0.000000
0.000000
0.000000
0.000000
0.000000
0.000000
0.000000
0.000000
0.000000
0.000000
0.000000
0.000000
0.000000
0.000000
0.000000
0.000000
0.000000
0.000000
0.000000
0.000000
0.000000
0.000000
0.000000
0.000000
0.000000
0.000000
0.000000
0.000000
0.000000
0.000000
0.000000
0.000000
0.000000
0.000000
0.000000
0.000000
0.000000
0.000000
0.000000
0.000000
0.000000
0.000000
0.000000
0.000000
0.000000
0.000000
0.000000
0.000000
0.000000
0.000000
0.000000
0.000000
0.000000
0.000000
0.000000
0.000000
0.000000
0.000000
0.000000
0.000000
0.000000
0.000000
0.000000
0.000000
0.000000
0.000000
0.000000
0.000000
0.000000
0.000000
0.000000
0.000000
0.000000
0.000000
0.000000
0.000000
0.000000
0.000000
0.000000
0.000000
0.000000
0.000000
0.000000
0.000000
0.000000
0.000000
0.000000
0.000000
0.000000
0.000000
0.000000
0.000000
0.000000
0.000000
0.000000
0.000000
0.000000
0.000000
0.000000
0.000000
0.000000
0.000000
0.000000
0.000000
0.000000
0.000000
0.000000
0.000000
0.000000
0.000000
0.000000
0.000000
0.000000
0.000000
0.000000
0.000000
0.000000
0.000000
0.000000
0.000000
0.000000
0.000000
0.000000
0.000000
0.000000
0.000000
0.000000
0.000000
0.000000
0.000000
0.000000
0.000000
0.000000
0.000000
0.000000
0.000000
0.000000
0.000000
0.000000
0.000000
0.000000
0.000000
0.000000
0.000000
0.000000
0.000000
0.000000
0.000000
0.000000
0.000000
0.000000
0.000000
0.000000
0.000000
0.000000
0.000000
0.000000
0.000000
0.000000
0.000000
0.000000
0.000000
0.000000
0.000000
0.000000
0.000000
0.000000
0.000000
0.000000
0.000000
0.000000
0.000000
0.000000
0.000000
0.000000
0.000000
0.000000
0.000000
0.000000
0.000000
0.000000
0.000000
0.000000
0.000000
0.000000
0.000000
0.000000
0.000000
0.000000
0.000000
0.000000
0.000000
0.000000
0.000000
0.000000
0.000000
0.000000
0.000000
0.000000
0.000000
0.000000
0.000000
0.000000
0.000000
0.000000
0.000000
0.000000
0.000000
0.000000
0.000000
0.000000
0.000000
0.000000
0.000000
0.000000
0.000000
0.000000
0.000000
0.000000
0.000000
0.000000
0.000000
0.000000
0.000000
0.000000
0.000000
0.000000
0.000000
0.000000
0.000000
0.000000
0.000000
0.000000
0.000000
0.000000
0.000000
0.000000
0.000000
0.000000
0.000000
0.000000
0.000000
0.000000
0.000000
0.000000
0.000000
0.000000
0.000000
0.000000
0.000000
0.000000
0.000000
0.000000
0.000000
0.000000
0.000000
0.000000
0.000000
0.000000
0.000000
0.000000
0.000000
0.000000
0.000000
0.000000
0.000000
0.000000
0.000000
0.000000
0.000000
