-17.795715
569.462891
195.752869
35.591431
71.182861
88.978577
71.182861
124.570007
124.570007
124.570007
142.365723
160.161438
195.752869
231.344299
249.140015
249.140015
266.935730
284.731445
320.322876
320.322876
338.118591
338.118591
355.914307
409.301453
391.505737
409.301453
427.097168
444.892883
444.892883
480.484314
480.484314
498.280029
516.075745
533.871460
533.871460
587.258606
605.054321
587.258606
622.850037
605.054321
640.645752
658.441467
711.828613
694.032898
676.237183
694.032898
694.032898
729.624329
747.420044
729.624329
765.215759
800.807190
783.011475
818.602905
818.602905
818.602905
836.398621
854.194336
854.194336
889.785767
907.581482
907.581482
925.377197
925.377197
871.990051
960.968628
960.968628
960.968628
996.560059
1014.355774
1014.355774
1014.355774
1049.947266
1049.947266
1103.334351
1156.721558
1263.495850
1370.270142
1530.431519
1726.184448
1975.324463
2242.260254
2384.625977
2153.281738
1904.141602
1832.958740
1494.840088
1263.495850
1263.495850
1334.678711
1334.678711
1334.678711
1352.474365
1316.882935
1316.882935
1370.270142
1352.474365
1370.270142
1441.453003
1423.657227
1388.065796
1441.453003
1441.453003
1441.453003
1494.840088
1494.840088
1494.840088
1512.635864
1530.431519
1530.431519
1512.635864
1494.840088
1548.227295
1494.840088
1530.431519
1512.635864
1530.431519
1548.227295
1494.840088
1530.431519
1512.635864
1352.474365
1512.635864
1494.840088
1459.248657
1494.840088
1423.657227
1423.657227
1388.065796
1316.882935
1299.087280
1245.700073
1085.538696
1156.721558
1014.355774
1032.151489
1138.925781
1174.517212
1138.925781
1174.517212
1156.721558
1138.925781
1121.130127
1085.538696
1067.742920
1049.947266
1032.151489
1049.947266
1156.721558
1138.925781
1067.742920
1121.130127
1121.130127
1121.130127
1156.721558
1103.334351
1103.334351
1121.130127
1138.925781
1121.130127
1156.721558
1103.334351
1138.925781
1156.721558
1192.312988
1210.108643
1263.495850
1263.495850
1352.474365
1423.657227
1548.227295
1566.022949
1672.797241
1726.184448
1850.754395
1743.980103
1743.980103
1405.861572
1477.044434
1174.517212
1299.087280
1316.882935
1263.495850
1245.700073
1316.882935
1352.474365
1370.270142
1370.270142
1370.270142
1316.882935
1067.742920
1263.495850
1192.312988
1156.721558
1174.517212
1227.904419
1227.904419
1174.517212
1192.312988
1156.721558
1121.130127
1049.947266
925.377197
783.011475
640.645752
569.462891
587.258606
711.828613
818.602905
889.785767
978.764343
925.377197
978.764343
960.968628
907.581482
836.398621
747.420044
569.462891
338.118591
160.161438
17.795715
-71.182861
-17.795715
142.365723
213.548584
177.957153
391.505737
409.301453
516.075745
498.280029
498.280029
498.280029
462.688599
391.505737
409.301453
355.914307
427.097168
516.075745
409.301453
355.914307
427.097168
427.097168
409.301453
391.505737
373.710022
355.914307
355.914307
338.118591
409.301453
355.914307
338.118591
338.118591
302.527161
266.935730
249.140015
231.344299
249.140015
195.752869
302.527161
231.344299
302.527161
213.548584
249.140015
249.140015
213.548584
231.344299
213.548584
213.548584
231.344299
231.344299
266.935730
177.957153
195.752869
177.957153
195.752869
231.344299
266.935730
320.322876
177.957153
266.935730
355.914307
320.322876
373.710022
409.301453
427.097168
409.301453
409.301453
444.892883
462.688599
498.280029
516.075745
605.054321
676.237183
765.215759
854.194336
925.377197
1049.947266
1103.334351
1103.334351
1103.334351
1174.517212
1174.517212
1210.108643
1227.904419
836.398621
871.990051
622.850037
587.258606
729.624329
765.215759
925.377197
996.560059
1156.721558
1192.312988
1316.882935
1281.291504
1174.517212
1138.925781
1121.130127
925.377197
854.194336
783.011475
818.602905
907.581482
836.398621
871.990051
1032.151489
1174.517212
1299.087280
1388.065796
1512.635864
1494.840088
1299.087280
1263.495850
1423.657227
1405.861572
1299.087280
1281.291504
1459.248657
1761.775879
1886.345825
2331.238770
2651.561768
3025.271729
3327.798828
3238.820312
2526.991699
2295.647461
960.968628
498.280029
569.462891
622.850037
729.624329
818.602905
907.581482
1014.355774
1156.721558
1334.678711
1566.022949
1779.571533
2046.507324
2402.421631
2740.540283
2865.110352
2793.927490
2384.625977
2153.281738
1655.001587
1227.904419
925.377197
871.990051
943.172913
1067.742920
1049.947266
1156.721558
1245.700073
1405.861572
1512.635864
1566.022949
1743.980103
1815.162964
1957.528687
2099.894531
2135.485840
2046.507324
1655.001587
1316.882935
1067.742920
1192.312988
1281.291504
1334.678711
1299.087280
1512.635864
1708.388672
1921.937256
2117.690186
2242.260254
2260.055908
2224.464600
2188.873047
2277.851562
2064.302979
1779.571533
1459.248657
1281.291504
1370.270142
1352.474365
1316.882935
1334.678711
1370.270142
1388.065796
1370.270142
1370.270142
1370.270142
1405.861572
1423.657227
1459.248657
1388.065796
1459.248657
1530.431519
1566.022949
1672.797241
1779.571533
1993.120117
2206.668701
2384.625977
2366.830322
2064.302979
1690.593018
1708.388672
1832.958740
1761.775879
1743.980103
1832.958740
1815.162964
1761.775879
1797.367310
1850.754395
1832.958740
1886.345825
1939.733032
2099.894531
2010.915894
2046.507324
2028.711548
2064.302979
2117.690186
2117.690186
2082.098877
2046.507324
2135.485840
2064.302979
2117.690186
2260.055908
2277.851562
2509.196045
2776.131592
3185.433105
3434.573242
3381.186035
2936.293213
2651.561768
2188.873047
2295.647461
2349.034424
2313.443115
2384.625977
2491.400146
2509.196045
2491.400146
2651.561768
2544.787354
2633.765869
2651.561768
2580.378906
2473.604492
2526.991699
2544.787354
2544.787354
2615.970215
2722.744629
2900.701660
3132.045898
3416.777344
3541.347412
3505.756104
3452.368896
3327.798828
3167.637451
3025.271729
3043.067383
2936.293213
2829.518799
2793.927490
2740.540283
2687.153076
2633.765869
2491.400146
2509.196045
2473.604492
2384.625977
2295.647461
2366.830322
2313.443115
2242.260254
2135.485840
2028.711548
2046.507324
2064.302979
2028.711548
1939.733032
1850.754395
1761.775879
1583.818726
1459.248657
1334.678711
1103.334351
960.968628
729.624329
533.871460
409.301453
320.322876
338.118591
480.484314
605.054321
676.237183
960.968628
1316.882935
1210.108643
1121.130127
1014.355774
960.968628
836.398621
711.828613
658.441467
818.602905
871.990051
907.581482
943.172913
925.377197
907.581482
871.990051
836.398621
800.807190
783.011475
676.237183
516.075745
302.527161
71.182861
-195.752869
-444.892883
-640.645752
-729.624329
-605.054321
-284.731445
106.774292
409.301453
640.645752
694.032898
658.441467
622.850037
587.258606
569.462891
498.280029
409.301453
320.322876
177.957153
-35.591431
-302.527161
-569.462891
-836.398621
-978.764343
-925.377197
-516.075745
88.978577
498.280029
320.322876
249.140015
284.731445
231.344299
124.570007
53.387146
-88.978577
-177.957153
-231.344299
-195.752869
-71.182861
53.387146
88.978577
71.182861
71.182861
35.591431
35.591431
-17.795715
-35.591431
-71.182861
-71.182861
-124.570007
-142.365723
-160.161438
-160.161438
-142.365723
-124.570007
-106.774292
-88.978577
-71.182861
-71.182861
-71.182861
-17.795715
-35.591431
-17.795715
-17.795715
-17.795715
-17.795715
-35.591431
17.795715
88.978577
-35.591431
0.000000
-17.795715
-17.795715
0.000000
-17.795715
0.000000
0.000000
17.795715
0.000000
35.591431
35.591431
88.978577
106.774292
124.570007
124.570007
35.591431
17.795715
0.000000
53.387146
17.795715
71.182861
35.591431
0.000000
17.795715
35.591431
0.000000
-35.591431
0.000000
17.795715
17.795715
35.591431
71.182861
71.182861
71.182861
71.182861
53.387146
53.387146
88.978577
106.774292
160.161438
213.548584
302.527161
373.710022
427.097168
462.688599
516.075745
551.667175
622.850037
622.850037
622.850037
658.441467
729.624329
711.828613
800.807190
871.990051
1014.355774
1156.721558
1352.474365
1548.227295
1850.754395
2206.668701
2615.970215
2989.680176
3345.594482
3416.777344
2971.884521
2900.701660
2331.238770
1815.162964
1512.635864
1192.312988
1103.334351
1067.742920
1227.904419
1352.474365
1281.291504
1494.840088
1566.022949
1583.818726
1512.635864
1352.474365
1352.474365
1103.334351
960.968628
800.807190
658.441467
658.441467
711.828613
800.807190
925.377197
1032.151489
1174.517212
1281.291504
1316.882935
1352.474365
1405.861572
1459.248657
1477.044434
1637.205811
1815.162964
1957.528687
2099.894531
2242.260254
2313.443115
2402.421631
2438.013184
2295.647461
1975.324463
1690.593018
1459.248657
1334.678711
1263.495850
1281.291504
1316.882935
1405.861572
1334.678711
1227.904419
1156.721558
1174.517212
1156.721558
1156.721558
1210.108643
1227.904419
1263.495850
1245.700073
1316.882935
1423.657227
1494.840088
1619.410156
1726.184448
1832.958740
1957.528687
2082.098877
2171.077393
2010.915894
1886.345825
1832.958740
1459.248657
1477.044434
1512.635864
1619.410156
1583.818726
1726.184448
1797.367310
1939.733032
2028.711548
2153.281738
2082.098877
1815.162964
1690.593018
1637.205811
1637.205811
1655.001587
1566.022949
1583.818726
1601.614380
1619.410156
1210.108643
1637.205811
1477.044434
1316.882935
1761.775879
1210.108643
1672.797241
1405.861572
1352.474365
1548.227295
1299.087280
1352.474365
1530.431519
1405.861572
1245.700073
1423.657227
1405.861572
1192.312988
1370.270142
1388.065796
1281.291504
1352.474365
1334.678711
1299.087280
1299.087280
1352.474365
1245.700073
1316.882935
1352.474365
1352.474365
1245.700073
1352.474365
1299.087280
1281.291504
1281.291504
1281.291504
1299.087280
1299.087280
1299.087280
1316.882935
1352.474365
1388.065796
1441.453003
1494.840088
1459.248657
1459.248657
1477.044434
1441.453003
1459.248657
1494.840088
1566.022949
1583.818726
1619.410156
1761.775879
1886.345825
1993.120117
2099.894531
2224.464600
2242.260254
2188.873047
2153.281738
2010.915894
1993.120117
1815.162964
1672.797241
1743.980103
1779.571533
1815.162964
1886.345825
1886.345825
1975.324463
2046.507324
2046.507324
1993.120117
1939.733032
2010.915894
1975.324463
2010.915894
2046.507324
2046.507324
2117.690186
2206.668701
2260.055908
2349.034424
2455.808838
2562.583008
2633.765869
2740.540283
2722.744629
2651.561768
2455.808838
2366.830322
2313.443115
2384.625977
2438.013184
2455.808838
2544.787354
2580.378906
2669.357422
2722.744629
2829.518799
2954.088867
2954.088867
2776.131592
2544.787354
2491.400146
2544.787354
2598.174561
2580.378906
2580.378906
2580.378906
2544.787354
2331.238770
2473.604492
2349.034424
2260.055908
2224.464600
2171.077393
1957.528687
1726.184448
1566.022949
1423.657227
1227.904419
978.764343
711.828613
427.097168
231.344299
53.387146
-53.387146
-88.978577
-53.387146
53.387146
249.140015
160.161438
427.097168
569.462891
818.602905
960.968628
1227.904419
1227.904419
1227.904419
1227.904419
1210.108643
1174.517212
1174.517212
1174.517212
1174.517212
1138.925781
1085.538696
1067.742920
1032.151489
943.172913
907.581482
907.581482
836.398621
783.011475
711.828613
622.850037
516.075745
355.914307
195.752869
53.387146
-35.591431
-213.548584
-320.322876
-427.097168
-462.688599
-373.710022
-160.161438
106.774292
444.892883
676.237183
729.624329
658.441467
658.441467
676.237183
605.054321
605.054321
605.054321
569.462891
551.667175
516.075745
427.097168
355.914307
338.118591
266.935730
124.570007
35.591431
-53.387146
-124.570007
-142.365723
-142.365723
-177.957153
-213.548584
-266.935730
-355.914307
-427.097168
-462.688599
-498.280029
-355.914307
-266.935730
-195.752869
-71.182861
-53.387146
-71.182861
-88.978577
-71.182861
-88.978577
-71.182861
-124.570007
-142.365723
-160.161438
-124.570007
-160.161438
-124.570007
-88.978577
-71.182861
-17.795715
160.161438
-71.182861
106.774292
160.161438
266.935730
373.710022
409.301453
533.871460
605.054321
658.441467
658.441467
569.462891
444.892883
391.505737
409.301453
462.688599
498.280029
498.280029
427.097168
498.280029
533.871460
622.850037
765.215759
836.398621
943.172913
996.560059
1014.355774
1103.334351
1067.742920
1156.721558
1192.312988
1210.108643
1263.495850
1281.291504
1263.495850
1263.495850
1174.517212
1085.538696
1014.355774
889.785767
783.011475
729.624329
729.624329
783.011475
818.602905
854.194336
889.785767
925.377197
978.764343
1085.538696
1210.108643
1316.882935
1423.657227
1494.840088
1566.022949
1655.001587
1637.205811
1548.227295
1459.248657
1388.065796
1299.087280
1138.925781
1049.947266
1085.538696
1138.925781
1103.334351
1121.130127
1156.721558
1174.517212
1210.108643
1281.291504
1299.087280
1316.882935
1299.087280
1281.291504
1316.882935
1352.474365
1352.474365
1352.474365
1423.657227
1477.044434
1423.657227
1441.453003
1494.840088
1494.840088
1477.044434
1459.248657
1494.840088
1530.431519
1512.635864
1566.022949
1566.022949
1494.840088
1512.635864
1619.410156
1566.022949
1566.022949
1637.205811
1708.388672
1761.775879
1832.958740
1886.345825
2010.915894
2153.281738
2295.647461
2295.647461
0.000000
