0.000000
1277.381348
1284.921387
1284.921387
1279.894775
1287.434570
1274.867920
1277.381348
1284.921387
1274.867920
1274.867920
1282.408081
1279.894775
1272.354370
1284.921387
1327.645630
1272.354370
1277.381348
1264.812988
1262.298950
1252.241333
1252.241333
1244.696289
1237.149292
1242.180786
1239.665161
1227.083496
1229.600342
1234.633179
1237.149292
1237.149292
1227.083496
1206.938110
1232.116943
1201.898438
1222.048950
1219.531250
1204.418457
1204.418457
1199.378052
1189.292847
1201.898438
1181.724487
1181.724487
1176.676880
1158.994873
1158.994873
1158.994873
1156.466797
1151.409180
1153.938232
1151.409180
1146.349243
1148.879517
1151.409180
1146.349243
1128.620972
1136.222534
1153.938232
1126.085815
1131.155396
1126.085815
1118.476562
1113.400391
1103.239380
1103.239380
1100.697388
1098.154541
1085.428833
1085.428833
1080.333008
1070.131226
1044.564697
1059.915649
1059.915649
1047.125488
1049.685425
1059.915649
1039.440063
1057.359497
1036.876343
1039.440063
1034.311523
1018.901367
1016.329346
1003.452698
982.790649
990.547729
967.243469
959.452759
943.835632
938.619080
925.553040
917.696106
907.199463
907.199463
907.199463
891.408325
899.310913
899.310913
904.571472
901.941956
901.941956
894.044067
888.770935
880.849182
875.559814
854.335022
859.651489
849.011475
838.343018
827.645386
814.231140
806.159424
787.256165
770.973389
740.920532
740.920532
729.925049
732.677307
705.047974
699.493225
685.562805
674.372925
674.372925
660.327026
651.867676
660.327026
663.141479
685.562805
688.353943
702.271790
699.493225
716.128296
718.892334
743.663757
784.547607
781.836914
808.851990
835.671387
856.994141
872.912659
891.408325
901.941956
912.450806
917.696106
938.619080
941.228088
946.441895
956.853271
982.790649
987.963257
998.294189
1016.329346
1042.002930
1054.802368
1059.915649
1090.521484
1095.610962
1108.321289
1121.013672
1126.085815
1143.818481
1171.627319
1176.676880
1171.627319
1181.724487
1179.200928
1184.247681
1196.857300
1211.976318
1204.418457
1214.494873
1224.566284
1227.083496
1222.048950
1232.116943
1217.013184
1217.013184
1211.976318
1199.378052
1191.814697
1174.152344
1166.575806
1141.287109
1126.085815
1105.780762
1087.975586
1059.915649
1039.440063
1008.606628
987.963257
967.243469
941.228088
899.310913
891.408325
849.011475
816.917786
789.962708
757.345947
727.170410
707.821655
685.562805
629.189026
623.491455
603.459106
591.947266
545.406433
536.588684
503.997253
506.977386
483.037445
458.864929
452.784363
452.784363
431.381195
440.577271
425.230743
434.450439
412.881927
415.975220
403.577698
394.236359
394.236359
394.236359
375.440277
381.722626
381.722626
378.583618
353.315369
350.137085
340.575134
314.875641
292.141693
282.326050
269.169250
249.282501
232.568115
205.548187
225.845428
205.548187
205.548187
202.146164
202.146164
208.944656
208.944656
215.721207
215.721207
198.738693
205.548187
202.146164
208.944656
202.146164
202.146164
208.944656
219.101334
202.146164
104.545761
205.548187
215.721207
205.548187
198.738693
212.335739
212.335739
202.146164
219.101334
208.944656
222.476151
215.721207
219.101334
235.921539
245.950119
252.609741
249.282501
279.044342
305.161255
314.875641
343.766998
381.722626
409.784607
452.784363
477.016449
533.642761
574.588562
606.329651
634.875305
660.327026
696.712097
713.361816
735.427368
765.528931
776.409363
811.542480
811.542480
827.645386
835.671387
838.343018
862.307129
894.044067
909.825867
1047.125488
964.647827
993.131042
1024.042236
1049.685425
1082.881348
1110.861206
1133.689209
1146.349243
1169.101807
1184.247681
1196.857300
1206.938110
1219.531250
1232.116943
1249.726440
1249.726440
1257.270386
1274.867920
1294.973877
1287.434570
1277.381348
1289.947632
1289.947632
1282.408081
1302.513062
1312.565430
1310.052368
1340.215210
1473.914185
1352.788574
1365.366821
1370.399658
1380.468750
1393.061890
1405.663818
1415.752319
1408.185303
1423.323120
1433.424194
1430.898193
1428.372681
1425.847656
1425.847656
1425.847656
1415.752319
1415.752319
1418.275513
1408.185303
1408.185303
1395.581543
1380.468750
1388.023682
1357.819214
1352.788574
1345.244019
1340.215210
1330.159302
1481.523438
1335.187012
1332.673096
1340.215210
1332.673096
1335.187012
1335.187012
1347.758667
1347.758667
1350.273560
1380.468750
1360.334839
1355.303711
1345.244019
1330.159302
1340.215210
1322.618652
1310.052368
1299.999268
1299.999268
1289.947632
1282.408081
1282.408081
1272.354370
1274.867920
1267.326904
1267.326904
1264.812988
1264.812988
1420.799072
1249.726440
1257.270386
1252.241333
1254.755981
1262.298950
1267.326904
1274.867920
1262.298950
1282.408081
1294.973877
1284.921387
1305.026123
1299.999268
1299.999268
1310.052368
1302.513062
1299.999268
1299.999268
1302.513062
1332.673096
1340.215210
1342.729614
1375.433716
1385.505127
1403.142700
1413.229492
1441.005127
1466.310791
1499.302612
1517.118652
1547.755615
1573.388794
1581.098633
1624.977295
1637.949097
1648.349731
1666.603027
1682.303833
1708.591675
1708.591675
1721.794678
1729.736206
1740.348511
1732.386719
1743.005859
1758.987183
1761.656982
1775.033691
1801.929932
1820.875854
1850.856689
1875.586670
1908.857544
1925.627075
1953.785522
1973.658325
1993.670410
1999.414307
2022.510620
2034.132690
2031.222412
2019.612915
2039.962524
2042.882324
2037.046021
2054.593506
2054.593506
2048.731445
2087.072998
2093.022705
2101.973389
2138.100586
2153.311523
2171.692139
2190.215332
2199.531982
2215.142578
2224.559814
2224.559814
2234.015625
2234.015625
2246.684570
2240.341309
2243.510742
2259.424805
2253.045654
2253.045654
2256.232910
2256.232910
2240.341309
2237.176270
2237.176270
2224.559814
2221.416504
2227.707275
2224.559814
2199.531982
2202.645752
2187.118164
2184.024902
2180.935547
2159.422607
2144.173584
2119.971191
2078.174316
2042.882324
2008.052734
1942.490112
1900.506836
1845.386108
1793.840576
1748.325928
1679.683350
1622.386719
1563.123657
1504.389038
1435.950684
1403.142700
1330.159302
1264.812988
1201.898438
1153.938232
1095.610962
1042.002930
987.963257
941.228088
883.491394
830.322571
765.528931
721.654053
660.327026
612.061829
568.777588
515.896606
467.957489
428.307953
378.583618
337.378784
305.161255
262.560730
245.950119
202.146164
215.721207
160.883179
160.883179
153.925354
171.276169
164.353348
153.925354
185.052658
167.817551
153.925354
153.925354
153.925354
164.353348
132.909058
150.437592
143.444199
153.925354
153.925354
143.444199
125.855286
143.444199
139.938522
143.444199
132.909058
143.444199
143.444199
136.426849
143.444199
129.385223
136.426849
132.909058
139.938522
129.385223
132.909058
143.444199
157.407196
129.385223
136.426849
136.426849
136.426849
139.938522
139.938522
129.385223
143.444199
129.385223
129.385223
136.426849
136.426849
125.855286
132.909058
97.392441
143.444199
136.426849
136.426849
125.855286
125.855286
150.437592
129.385223
132.909058
153.925354
132.909058
122.319260
139.938522
111.673912
129.385223
136.426849
150.437592
136.426849
132.909058
129.385223
115.228607
111.673912
108.113014
129.385223
125.855286
125.855286
132.909058
132.909058
129.385223
129.385223
129.385223
136.426849
125.855286
136.426849
129.385223
157.407196
136.426849
136.426849
157.407196
143.444199
108.113014
129.385223
132.909058
178.175781
125.855286
132.909058
118.777008
118.777008
115.228607
125.855286
111.673912
118.777008
122.319260
115.228607
108.113014
118.777008
118.777008
111.673912
129.385223
111.673912
108.113014
111.673912
118.777008
122.319260
132.909058
136.426849
153.925354
157.407196
171.276169
205.548187
212.335739
235.921539
314.875641
275.757629
321.328369
356.489227
394.236359
437.515869
501.013702
545.406433
606.329651
657.509949
710.592957
787.256165
849.011475
920.316589
995.713196
1065.025146
1131.155396
1199.378052
1277.381348
1335.187012
1400.621948
1468.844604
1494.219238
1537.529175
1593.969727
1627.569092
1674.446899
1713.868042
1750.988525
1775.033691
1812.743774
1839.924194
1864.572632
1881.107666
1900.506836
1920.026978
1920.026978
1931.237549
1931.237549
1928.431030
1931.237549
1928.431030
1934.046753
1928.431030
1939.672974
1945.309814
1948.132324
1970.810913
1982.217529
2005.170288
2016.718262
2039.962524
2063.411377
2098.986328
2110.956055
2141.135010
2156.365234
2174.769287
2199.531982
2202.645752
2215.142578
2224.559814
2230.859375
2237.176270
2234.015625
2230.859375
2234.015625
2221.416504
2208.885742
2208.885742
2193.316895
2187.118164
2187.118164
2190.215332
2193.316895
2190.215332
2187.118164
2187.118164
2174.769287
2174.769287
2174.769287
2168.618896
2159.422607
2156.365234
2135.069580
2135.069580
2110.956055
2129.019287
2135.069580
2110.956055
2116.962646
2104.964111
2093.022705
2084.103271
2066.357178
2045.805176
2048.731445
2013.826782
1985.076416
1976.508545
1950.957520
1936.858521
1920.026978
1883.871704
1875.586670
1834.471069
1818.163086
1791.148071
1737.692871
1737.692871
1695.428589
1669.216187
1645.747559
1612.036743
1583.670654
1555.435303
1534.974854
1517.118652
1491.678711
1456.181519
1441.005127
1405.663818
1380.468750
1362.850708
1345.244019
1325.132080
1302.513062
1287.434570
1274.867920
1259.784790
1244.696289
1242.180786
1206.938110
1211.976318
1199.378052
1179.200928
1179.200928
1174.152344
1158.994873
1151.409180
1148.879517
1143.818481
1141.287109
1151.409180
1151.409180
1138.755127
1141.287109
1141.287109
1146.349243
1158.994873
1179.200928
1189.292847
1209.457397
1239.665161
1252.241333
1282.408081
1302.513062
1332.673096
1360.334839
1388.023682
1418.275513
1435.950684
1463.777466
1481.523438
1506.933472
1524.766235
1552.874512
1563.123657
1588.817993
1630.162231
1645.747559
1669.216187
1708.591675
1727.087280
1753.652954
1767.002075
1818.163086
1870.074951
1897.728149
1950.957520
1996.540894
2037.046021
2075.215088
1950.957520
2147.215576
2171.692139
2187.118164
2218.277344
2234.015625
2249.862793
2262.621338
2249.862793
2281.895752
2291.595947
2307.858398
2291.595947
2304.596191
2311.125244
2324.242432
2327.533936
2327.533936
2334.132568
2334.132568
2317.673828
2320.955566
2294.838867
2311.125244
2314.397217
2298.086426
2288.357666
2285.124268
2246.684570
2237.176270
2224.559814
2208.885742
2187.118164
2162.484131
2138.100586
2110.956055
2081.137207
2051.660889
2019.612915
1976.508545
1942.490112
1894.952026
1881.107666
1807.332886
1764.328613
1732.386719
1658.771973
1624.977295
1555.435303
1509.478516
1441.005127
1380.468750
1317.591919
1239.665161
1196.857300
1133.689209
1075.233765
1006.030212
972.430847
899.310913
849.011475
795.369690
749.143250
688.353943
632.033630
577.489380
521.825623
452.784363
458.864929
324.547668
282.326050
235.921539
205.548187
150.437592
108.113014
100.972313
104.545761
97.392441
100.972313
111.673912
115.228607
115.228607
118.777008
100.972313
111.673912
108.113014
111.673912
108.113014
104.545761
115.228607
108.113014
93.806145
104.545761
111.673912
118.777008
122.319260
118.777008
108.113014
108.113014
115.228607
104.545761
129.385223
118.777008
115.228607
118.777008
108.113014
111.673912
111.673912
108.113014
104.545761
118.777008
129.385223
115.228607
100.972313
108.113014
100.972313
122.319260
100.972313
100.972313
132.909058
115.228607
125.855286
104.545761
115.228607
108.113014
108.113014
115.228607
100.972313
104.545761
108.113014
111.673912
108.113014
104.545761
111.673912
111.673912
129.385223
104.545761
115.228607
108.113014
111.673912
122.319260
125.855286
115.228607
111.673912
115.228607
115.228607
118.777008
125.855286
146.943878
143.444199
160.883179
181.617126
202.146164
235.921539
275.757629
308.404144
362.823761
443.634857
536.588684
594.829773
696.712097
781.836914
872.912659
972.430847
1067.578613
1166.575806
1272.354370
1372.916504
1473.914185
1596.547363
1700.689087
1815.452393
1948.132324
2051.660889
2174.769287
2301.338867
2401.261230
2491.886963
2535.116943
2557.087891
2560.773682
2535.116943
2509.786377
2502.607666
2474.144775
2446.074707
2421.824219
2421.824219
2421.824219
2432.182373
2428.723877
2435.646729
2435.646729
2453.056152
2439.116943
2435.646729
2428.723877
2435.646729
2435.646729
2446.074707
2442.592773
2442.592773
2449.562500
2456.555908
2460.061523
2463.573242
2463.573242
2463.573242
2449.562500
2453.056152
2456.555908
2467.091064
2456.555908
2449.562500
2460.061523
2463.573242
2463.573242
2460.061523
2432.182373
2467.091064
2474.144775
2463.573242
2467.091064
2467.091064
2442.592773
2456.555908
2453.056152
2467.091064
2474.144775
2456.555908
2460.061523
2463.573242
2470.614746
2456.555908
2463.573242
2477.680664
2463.573242
2474.144775
2470.614746
2477.680664
2449.562500
2474.144775
2477.680664
2477.680664
2456.555908
2435.646729
2557.087891
2474.144775
2474.144775
2470.614746
2474.144775
2484.771484
2467.091064
2474.144775
2463.573242
2467.091064
2474.144775
2470.614746
2474.144775
2474.144775
2474.144775
2477.680664
2460.061523
2467.091064
0.000000
