169.059296
62.285004
53.387146
71.182861
71.182861
35.591431
17.795715
35.591431
26.693573
44.489288
53.387146
44.489288
44.489288
62.285004
53.387146
71.182861
62.285004
71.182861
71.182861
80.080719
71.182861
88.978577
71.182861
88.978577
88.978577
97.876434
97.876434
106.774292
97.876434
106.774292
106.774292
115.672150
115.672150
124.570007
124.570007
124.570007
124.570007
133.467865
133.467865
142.365723
133.467865
151.263580
142.365723
142.365723
160.161438
142.365723
151.263580
151.263580
160.161438
177.957153
160.161438
177.957153
177.957153
169.059296
177.957153
186.855011
177.957153
186.855011
186.855011
195.752869
195.752869
195.752869
204.650726
195.752869
204.650726
204.650726
204.650726
222.446442
222.446442
213.548584
213.548584
222.446442
222.446442
231.344299
240.242157
231.344299
231.344299
249.140015
240.242157
249.140015
240.242157
258.037872
240.242157
258.037872
258.037872
258.037872
266.935730
275.833588
266.935730
258.037872
275.833588
275.833588
284.731445
275.833588
275.833588
284.731445
284.731445
284.731445
293.629303
302.527161
311.425018
302.527161
293.629303
302.527161
302.527161
302.527161
320.322876
320.322876
311.425018
320.322876
320.322876
329.220734
329.220734
338.118591
329.220734
338.118591
347.016449
338.118591
347.016449
338.118591
347.016449
347.016449
373.710022
355.914307
364.812164
373.710022
355.914307
373.710022
373.710022
355.914307
373.710022
391.505737
391.505737
391.505737
400.403595
373.710022
391.505737
409.301453
400.403595
391.505737
409.301453
391.505737
409.301453
409.301453
409.301453
409.301453
418.199310
409.301453
418.199310
435.995026
418.199310
435.995026
427.097168
435.995026
453.790741
435.995026
435.995026
453.790741
444.892883
462.688599
462.688599
462.688599
471.586456
444.892883
471.586456
462.688599
471.586456
480.484314
462.688599
480.484314
471.586456
471.586456
480.484314
471.586456
498.280029
471.586456
507.177887
480.484314
498.280029
489.382172
507.177887
507.177887
507.177887
507.177887
498.280029
516.075745
489.382172
507.177887
507.177887
516.075745
533.871460
516.075745
533.871460
480.484314
569.462891
516.075745
560.565063
542.769287
551.667175
542.769287
560.565063
542.769287
560.565063
569.462891
587.258606
578.360718
587.258606
587.258606
587.258606
560.565063
587.258606
578.360718
605.054321
596.156494
613.952148
596.156494
613.952148
613.952148
631.747925
613.952148
640.645752
613.952148
631.747925
631.747925
631.747925
622.850037
640.645752
613.952148
640.645752
631.747925
631.747925
649.543579
613.952148
640.645752
631.747925
631.747925
649.543579
640.645752
649.543579
649.543579
649.543579
640.645752
640.645752
667.339355
649.543579
640.645752
658.441467
622.850037
649.543579
658.441467
649.543579
667.339355
649.543579
658.441467
640.645752
676.237183
658.441467
685.135010
676.237183
685.135010
694.032898
685.135010
694.032898
676.237183
676.237183
702.930786
676.237183
685.135010
685.135010
685.135010
694.032898
694.032898
702.930786
720.726440
702.930786
729.624329
738.522217
765.215759
765.215759
774.113647
774.113647
765.215759
738.522217
738.522217
765.215759
738.522217
774.113647
774.113647
774.113647
756.317871
774.113647
756.317871
765.215759
791.909302
747.420044
783.011475
765.215759
756.317871
818.602905
791.909302
756.317871
800.807190
800.807190
774.113647
765.215759
827.500732
774.113647
800.807190
818.602905
836.398621
818.602905
827.500732
845.296509
827.500732
854.194336
871.990051
889.785767
880.887939
889.785767
845.296509
827.500732
845.296509
863.092163
818.602905
845.296509
836.398621
818.602905
836.398621
827.500732
854.194336
845.296509
836.398621
836.398621
818.602905
827.500732
809.705078
827.500732
809.705078
827.500732
827.500732
836.398621
827.500732
836.398621
863.092163
863.092163
898.683594
898.683594
871.990051
863.092163
863.092163
845.296509
871.990051
871.990051
854.194336
863.092163
845.296509
863.092163
863.092163
871.990051
889.785767
925.377197
943.172913
934.275024
934.275024
952.070801
969.866516
969.866516
943.172913
943.172913
898.683594
925.377197
934.275024
925.377197
934.275024
925.377197
898.683594
916.479370
889.785767
969.866455
952.070801
925.377197
925.377197
907.581482
943.172913
969.866455
925.377197
907.581482
934.275024
925.377197
969.866455
969.866455
969.866455
969.866455
969.866455
987.662231
996.560059
1041.049316
1041.049316
1049.947266
1076.640747
1058.845093
1023.253662
1005.457886
978.764343
960.968628
978.764343
969.866455
969.866455
969.866455
978.764343
943.172913
943.172913
943.172913
934.275024
952.070801
960.968628
952.070801
943.172913
952.070801
943.172913
943.172913
952.070801
960.968628
943.172913
943.172913
987.662231
960.968628
987.662231
1023.253662
1023.253662
1032.151489
1014.355835
1058.845093
1076.640869
1023.253662
978.764343
1005.457886
1023.253662
987.662231
996.560059
1014.355835
1014.355774
1041.049316
996.560059
1041.049316
1041.049316
1067.742920
1085.538574
1058.845093
1058.845093
1041.049316
1085.538574
1041.049316
1085.538574
1067.742920
1049.947266
1041.049316
1085.538696
1049.947266
1085.538574
1067.742920
1058.845093
1049.947266
1103.334351
1049.947266
1085.538574
1049.947266
1067.742920
1076.640869
1058.845093
1076.640869
1085.538574
1041.049316
1067.742920
1058.845093
1094.436523
1076.640869
1049.947266
1067.742920
1041.049316
1049.947266
1005.457886
1041.049316
1049.947266
1067.742920
1049.947266
1094.436523
1085.538696
1058.845093
1032.151489
1058.845093
1049.947266
1049.947266
1041.049316
1085.538696
1103.334351
1121.130127
1103.334351
1103.334351
1112.232178
1094.436523
1067.742920
1103.334351
1076.640869
1112.232178
1085.538696
1103.334351
1094.436523
1067.742920
1085.538696
1121.130127
1130.027954
1165.619385
1112.232178
1165.619385
1138.925781
1165.619385
1227.904297
1210.108643
1236.802246
1201.210815
1121.130127
1121.130127
1183.415039
1156.721436
1156.721558
1183.415039
1183.415039
1183.415039
1210.108643
1210.108643
1227.904419
1245.700195
1290.189453
1299.087158
1263.495850
1192.312988
1165.619385
1165.619385
1138.925781
1165.619385
1192.312988
1138.925781
1156.721436
1138.925781
1130.027954
1121.130127
1138.925781
1138.925781
1130.027954
1156.721436
1147.823730
1192.312988
1236.802246
1236.802246
1245.700195
1343.576538
1325.780762
1352.474365
1379.167969
1352.474365
1352.474365
1396.963623
1396.963623
1441.453003
1405.861572
1414.759399
1494.840088
1468.146484
1432.555176
1263.495850
1192.312988
1254.597900
1183.415039
1183.415039
1174.517334
1210.108643
1174.517212
1183.415039
1183.415039
1192.312988
1219.006592
1219.006592
1219.006592
1219.006592
1254.597900
1307.985107
1290.189453
1343.576538
1352.474365
1414.759399
1423.657227
1441.453003
1477.044434
1512.635742
1548.227295
1530.431519
1592.716553
1530.431641
1405.861572
1343.576538
1183.415039
1227.904297
1192.312988
1219.006592
1210.108643
1174.517334
1219.006592
1210.108643
1192.312988
1183.415039
1236.802246
1281.291504
1299.087158
1307.985107
1316.882935
1352.474365
1414.759399
1388.065918
1441.452881
1396.963623
1343.576538
1379.167969
1370.270020
1379.167969
1290.189453
1227.904297
1272.393677
1272.393677
1254.597900
1290.189453
1245.700195
1281.291504
1281.291504
1263.495850
1290.189453
1299.087158
1263.495850
1299.087158
1334.678711
1334.678711
1352.474365
1405.861572
1450.350830
1343.576538
1263.495850
1334.678711
1307.985107
1290.189453
1299.087280
1281.291504
1307.985107
1245.700073
1281.291504
1272.393677
1254.597900
1263.495850
1272.393677
1263.495850
1254.597900
1290.189453
1352.474365
1325.780762
1370.270020
1361.372314
1405.861572
1423.657227
1441.452881
1477.044434
1485.942261
1485.942261
1521.533691
1530.431519
1530.431641
1539.329346
1388.065918
1299.087280
1334.678711
1299.087280
1352.474365
1316.882935
1343.576538
1307.985107
1325.780762
1299.087280
1299.087280
1379.167969
1396.963623
1352.474365
1379.167969
1343.576538
1352.474365
1361.372314
1414.759399
1388.065918
1414.759399
1450.350830
1414.759399
1539.329346
1512.635864
1521.533691
1485.942261
1512.635742
1459.248657
1432.555176
1307.985107
1334.678711
1379.167969
1325.780762
1343.576538
1316.883057
1343.576538
1343.576538
1370.270020
1334.678711
1361.372314
1379.167969
1370.270020
1396.963623
1370.270020
1405.861572
1388.065796
1396.963623
1396.963623
1396.963623
1396.963623
1388.065918
1405.861572
1414.759399
1388.065918
1388.065918
1388.065918
1405.861572
1423.657227
1396.963623
1388.065796
1414.759399
1414.759399
1450.350830
1450.350830
1432.555176
1414.759399
1405.861572
1441.453003
1414.759399
1450.350830
1432.555176
1423.657227
1388.065918
1379.167969
1423.657227
1405.861572
1388.065918
1361.372314
1388.065796
1370.270142
1396.963623
1379.167969
1396.963623
1459.248657
1432.555176
1459.248779
1512.635742
1494.840088
1539.329346
1494.840088
1601.614380
1566.022949
1601.614502
1646.103760
1655.001587
1592.716553
1450.350830
1388.065918
1503.738037
1423.657227
1450.350830
1477.044434
1405.861572
1450.350830
1468.146484
1459.248779
1468.146484
1468.146484
1459.248657
1503.738037
1459.248657
1539.329346
1477.044434
1494.840088
1494.840088
1512.635742
1512.635864
1539.329346
1601.614380
1521.533691
1601.614380
1512.635864
1405.861572
1485.942261
1459.248779
1450.350830
1432.555176
1441.453003
1441.452881
1468.146484
1468.146484
1485.942261
1494.840088
1477.044434
1557.125122
1503.738037
1583.818726
1539.329346
1557.125122
1601.614502
1583.818604
1512.635864
1468.146484
1477.044434
1459.248657
1494.840088
1477.044434
1468.146484
1494.840088
1468.146484
1450.350830
1477.044434
1503.738037
1494.840088
1539.329346
1512.635742
1485.942261
1548.227295
1539.329346
1557.125122
1494.840088
1539.329346
1530.431519
1548.227295
1539.329346
1557.125122
1539.329346
1494.840088
1468.146484
1477.044434
1485.942261
1494.840088
1485.942261
1468.146484
1459.248779
1512.635864
1539.329346
1592.716553
1619.410156
1592.716553
1601.614502
1628.307983
1610.512207
1566.022949
1539.329346
1539.329346
1583.818604
1583.818604
1566.022949
1601.614380
1548.227295
1583.818604
1566.022949
1521.533691
1574.920898
1557.125122
1557.125122
1619.410156
1574.920898
1574.920898
1574.920898
1592.716553
1646.103760
1601.614502
1601.614380
1592.716553
1583.818726
1583.818726
1592.716553
1583.818604
1574.920898
1610.512207
1539.329346
1530.431519
1548.227295
1512.635742
1583.818726
1521.533691
1539.329346
1592.716553
1637.205811
1708.388672
1690.593018
1708.388672
1726.184448
1788.469482
1859.652344
1850.754395
1877.447998
1859.652344
1877.447998
1788.469482
1850.754395
1726.184326
1788.469482
1637.205811
1539.329346
1583.818604
1583.818604
1592.716553
1583.818604
1601.614380
1592.716553
1592.716553
1539.329346
1610.512207
1610.512207
1601.614502
1548.227295
1566.022949
1574.920898
1583.818726
1601.614502
1601.614380
1548.227295
1566.022949
1583.818726
1574.920898
1601.614502
1619.410156
1646.103760
1601.614502
1663.899414
1637.205811
1637.205811
1628.307983
1583.818604
1637.205811
1690.593018
1610.512207
1681.695068
1619.410156
1681.695068
1646.103760
1672.797363
1646.103760
1646.103760
1619.410156
1672.797363
1646.103760
1610.512207
1637.205811
1637.205811
1655.001465
1672.797363
1672.797363
1681.695068
1663.899414
1646.103760
1690.593018
1699.490845
1672.797241
1663.899414
1628.307983
1646.103760
1610.512207
1655.001587
1610.512207
1583.818604
1601.614380
1628.307983
1557.125122
1655.001587
1681.695068
1699.490845
1699.490845
1770.673706
1735.082275
1850.754395
1832.958740
1895.243652
1939.732910
1930.835205
1975.324463
1984.222290
1921.937256
1966.426514
1966.426636
1921.937256
1913.039429
1904.141602
1868.550171
1806.265137
1672.797363
1628.307983
1672.797363
1672.797241
1690.593018
1646.103760
1628.307983
1663.899414
1681.695068
1619.410156
1628.307983
1583.818604
1628.307983
1592.716553
1619.410156
1592.716553
1610.512207
1646.103760
1663.899414
1699.490845
1743.980225
1726.184448
1761.775879
1770.673706
1788.469482
1788.469482
1815.163086
1779.571533
1743.980103
1726.184326
1681.695068
1663.899414
1672.797241
1690.593018
1752.877930
1663.899414
1690.593018
1735.082275
1717.286621
1726.184326
1743.980103
1726.184326
1726.184448
1743.980103
1770.673706
1743.980103
1770.673706
1690.593018
1735.082275
1717.286621
1717.286621
1699.490845
1681.695068
1681.695068
1681.695068
1708.388672
1646.103760
1628.307983
1663.899414
1628.307983
1726.184448
1717.286621
1726.184448
1735.082275
1761.775879
1788.469482
1841.856567
1850.754395
1877.447998
1868.550171
1948.630859
1966.426514
1921.937256
1948.630859
1939.733032
1957.528809
1930.835205
1975.324463
1948.630859
1886.345947
1708.388672
1761.775879
1637.205811
1797.367310
1681.695068
1717.286621
1699.490845
1699.490845
1690.593018
1690.593018
1637.205811
1690.593018
1646.103760
1646.103760
1672.797241
1619.410156
1610.512207
1761.775879
1708.388672
1770.673706
1752.877930
1832.958740
1824.060791
1815.162964
1788.469482
1806.265137
1779.571533
1841.856567
1815.162964
1806.265137
1752.877930
1735.082275
1699.490845
1752.877930
1761.775879
1761.775879
1743.980103
1708.388672
1735.082275
1699.490845
1752.877930
1735.082275
1708.388672
1761.775879
1708.388672
1735.082275
1717.286621
1788.469482
1770.673706
1743.980225
1717.286621
1726.184448
1752.877930
1699.490845
1708.388672
1663.899414
1655.001587
1663.899414
1717.286621
1672.797241
1726.184448
1752.877930
1815.163086
1788.469482
1850.754395
1824.060791
1815.163086
1904.141602
1904.141602
1877.447998
1868.550049
1895.243652
1904.141602
1904.141602
1913.039429
1913.039429
1877.447998
1966.426636
1939.733032
1930.835205
1921.937378
2002.018066
1904.141602
1743.980225
1797.367188
1655.001465
1788.469482
1726.184448
1717.286621
1637.205811
1717.286621
1690.593018
1681.695068
1663.899414
1628.307983
1699.490845
1699.490845
1752.877930
1761.775879
1806.265137
1859.652344
1815.162964
1877.447998
1832.958740
1913.039429
1913.039429
1975.324463
2010.915894
1948.630859
2019.813721
2019.813721
2002.018066
1984.222290
2028.711670
1975.324463
1984.222412
2002.018066
1948.630859
1939.733032
1939.733032
1984.222412
1993.120117
1966.426636
2037.609497
2082.098633
2046.507324
2082.098633
2028.711548
2028.711548
1886.345947
1850.754395
1708.388672
1735.082275
1699.490845
1717.286621
1726.184326
1779.571533
1708.388672
1743.980103
1708.388672
1752.877930
1717.286621
1761.775879
1788.469482
1743.980103
1779.571533
1743.980103
1717.286621
1770.673706
1743.980103
1797.367188
1788.469482
1788.469482
1832.958740
1797.367310
1797.367310
1797.367310
1761.775879
1779.571533
1752.877930
1779.571533
1761.775879
1708.388672
1752.877930
1708.388672
1699.490845
1726.184326
1699.490845
1672.797363
1681.695068
1690.593018
1681.695068
1717.286621
1699.490845
1797.367188
1779.571533
1815.162964
1806.265137
1797.367310
1788.469482
1806.265137
1824.060791
1868.550171
1859.652344
1859.652344
1886.345825
1957.528809
1850.754395
1726.184448
1788.469482
1743.980225
1735.082275
1788.469482
1699.490845
1770.673706
1824.060791
1788.469482
1788.469482
1708.388672
1752.877930
1779.571533
1797.367188
1779.571533
1770.673706
1761.775879
1770.673706
1806.265137
1735.082275
1770.673706
1743.980225
1788.469482
1824.060791
1868.550171
1850.754395
1788.469482
1877.447998
1904.141602
1921.937378
1895.243652
1877.447998
1886.345825
1850.754395
1743.980103
1806.265137
1815.162964
1797.367310
1815.162964
1824.060791
1770.673706
1770.673706
1806.265137
1770.673706
1779.571533
1824.060791
1815.163086
1832.958740
1877.447998
1868.550171
1779.571533
1788.469482
1824.060791
1752.877930
1708.388672
1806.265137
1726.184448
1779.571533
1770.673706
1717.286621
1770.673706
1735.082275
1788.469482
1806.265137
1779.571533
1832.958740
1850.754395
1841.856567
1841.856567
1841.856567
1779.571533
1806.265137
1788.469482
1832.958740
1806.265137
1779.571533
1841.856567
1761.775879
1850.754395
1752.877930
1841.856567
1877.447998
1859.652344
1877.447998
1832.958740
1895.243652
1824.060791
1815.162964
1904.141602
1788.469482
1859.652344
1841.856567
1886.345947
1904.141602
1886.345825
1895.243652
1850.754395
1797.367188
1841.856567
1868.550171
1868.550049
1850.754395
1904.141602
1877.447998
1859.652344
1824.060791
1868.550171
1815.162964
1815.163086
1850.754395
1788.469482
1779.571533
1806.265137
1859.652344
1841.856567
1841.856567
1850.754395
1850.754395
1841.856567
1859.652344
1895.243652
1913.039429
1913.039429
1868.550049
1966.426514
1904.141602
1948.630859
1957.528809
1859.652344
1788.469482
1841.856567
1770.673706
1841.856567
1761.775879
1797.367310
1815.163086
1824.060791
1832.958740
1824.060791
1895.243652
1886.345825
1895.243652
1957.528687
1966.426514
1895.243652
1939.732910
1930.835205
1913.039429
1948.630859
1993.120239
1832.958740
1841.856567
1824.060791
1904.141602
1895.243652
1797.367310
1859.652344
1886.345825
1841.856567
1886.345825
1859.652344
1850.754395
1832.958740
1832.958740
1841.856567
1859.652344
1797.367188
1788.469482
1841.856567
1788.469482
1841.856567
1850.754395
1877.447998
1966.426514
1984.222290
1957.528687
1921.937256
1966.426514
1966.426514
1993.120239
1948.630859
1948.630859
1913.039429
1904.141602
1868.550171
1859.652344
1886.345825
1868.550049
1877.447998
1868.550171
1904.141602
1904.141602
1930.835205
1877.447998
1939.733032
1930.835205
1895.243652
1939.733032
1930.835205
1886.345825
1895.243652
1921.937256
1868.550049
1850.754395
1859.652344
1868.550171
1859.652344
1850.754395
1868.550049
1841.856567
1877.447998
1939.732910
1957.528687
2002.018066
2028.711548
2019.813721
2055.405273
2028.711670
2108.792480
2064.302979
2019.813721
2028.711670
1957.528687
1939.732910
1886.345825
1939.732910
1895.243652
1895.243652
1904.141602
1921.937256
1921.937256
1895.243652
1930.835205
1913.039429
1895.243652
1930.835205
1850.754395
1904.141602
1930.835205
1824.060791
1850.754395
1850.754395
1806.265137
1868.550049
1895.243652
1913.039429
1984.222290
1984.222290
1975.324463
1948.630859
1930.835205
1957.528687
1913.039429
1913.039429
2010.915771
1957.528687
1904.141602
1966.426514
1948.630859
1913.039429
1939.733032
1895.243652
1948.630859
1895.243652
1948.630859
1984.222290
1975.324463
1975.324463
2002.018066
2002.018066
1930.835205
2019.813721
1930.835205
1984.222290
2019.813721
2002.018066
1921.937256
1895.243652
1904.141602
1859.652344
1895.243652
1877.447998
1913.039429
1868.550049
2010.915771
1966.426514
1957.528809
2010.915771
2010.915894
2019.813721
2073.200928
2002.018066
2019.813721
2099.894531
2019.813721
2055.405273
1993.120117
1939.732910
1966.426514
1975.324463
1957.528809
1921.937256
2019.813721
1913.039429
1966.426514
1966.426514
1939.732910
1948.630859
1930.835205
1930.835205
1895.243652
1886.345947
1913.039429
1895.243652
1868.550171
1832.958740
1886.345825
1921.937256
1975.324463
1939.733032
2019.813721
2002.018066
1975.324463
2019.813721
2010.915771
1993.120117
2073.200928
1975.324463
1930.835205
1984.222290
1975.324463
2028.711548
1966.426514
1930.835205
1921.937256
1993.120117
1921.937256
1939.732910
2002.018066
2028.711670
2028.711670
2002.018066
2046.507324
2037.609375
1993.120117
1984.222290
1930.835205
1957.528687
1939.733032
2010.915894
1913.039429
1913.039429
1921.937256
1930.835205
1939.732910
1939.733032
1966.426514
1939.732910
2010.915771
1975.324463
1921.937256
1975.324463
1984.222290
1957.528687
1948.630859
2002.018066
1948.630859
1993.120117
1930.835205
1984.222290
1948.630859
1966.426514
1975.324463
1966.426514
1984.222290
1957.528809
2002.018066
1957.528687
1957.528809
1957.528687
1984.222290
1895.243652
1877.447998
1913.039429
1913.039429
1930.835205
1939.733032
1895.243652
2002.018066
2010.915894
2010.915894
2010.915771
1993.120117
2019.813721
2064.302979
1984.222290
1993.120117
2064.303223
2019.813721
1957.528687
2028.711548
1993.120117
2028.711670
1993.120117
1939.732910
1957.528809
1975.324463
2019.813721
1993.120117
2002.018066
2002.018066
1966.426514
2046.507324
2019.813721
1993.120117
2019.813721
2002.018066
1966.426514
1948.630859
1966.426514
1966.426514
1984.222290
1930.835205
1966.426514
1975.324463
1948.630859
1966.426514
1993.120117
1948.630859
2037.609375
1966.426514
1966.426514
2002.018066
1993.120117
2028.711670
1957.528687
2028.711670
1966.426514
1975.324463
2046.507324
1984.222290
1975.324463
1984.222290
2010.915894
1984.222290
1948.630859
1984.222290
1993.120117
2010.915894
1966.426514
1957.528687
1957.528687
1957.528809
1877.447998
1957.528687
1886.345947
1984.222290
1975.324463
2037.609375
2010.915771
2055.405273
2010.915771
1975.324463
2019.813721
2010.915894
2019.813721
2028.711548
2010.915894
2028.711670
2028.711548
2010.915771
2037.609497
1984.222290
2019.813721
2082.098633
1975.324463
2002.018066
1984.222290
2019.813721
2010.915894
2037.609375
2019.813721
2046.507324
2019.813721
2064.302979
2019.813721
2028.711670
1993.120117
1993.120117
1984.222290
2010.915771
1975.324463
2046.507324
2037.609375
1975.324463
2010.915771
1975.324463
1966.426514
2046.507324
1984.222290
2064.302979
2002.018066
1984.222290
2028.711548
2037.609497
2002.018066
1984.222290
2037.609375
1993.120117
2002.018066
2073.200928
2037.609375
1948.630859
2019.813721
2037.609375
2002.018066
1984.222290
1984.222290
1984.222290
1993.120117
1984.222290
1939.732910
1984.222290
1993.120117
1921.937256
1975.324463
2002.018066
2019.813721
2064.302979
2099.894531
2090.996582
2055.405273
2082.098633
2073.200928
2055.405273
2082.098633
2037.609375
1993.120117
2064.302979
2019.813721
2073.200928
2064.303223
1975.324463
2046.507324
2010.915894
2028.711670
2055.405273
2019.813721
2010.915771
2073.200928
2010.915771
2037.609375
2055.405273
2028.711670
2019.813721
2037.609497
1993.120117
2019.813721
2010.915771
1993.120117
2082.098633
2090.996582
2090.996582
2108.792480
2064.302979
2028.711670
1984.222290
2055.405273
2073.200928
2028.711548
2002.018066
2082.098877
2019.813721
2028.711670
2046.507324
2064.302979
2028.711548
2010.915771
2010.915894
2064.302979
2082.098877
2046.507324
2099.894531
2046.507324
2037.609497
2108.792236
2002.018066
1993.120117
2010.915894
2037.609375
1957.528809
1984.222290
2019.813721
2002.018066
1993.120117
2055.405273
2055.405273
2099.894531
2082.098633
2082.098877
1975.324463
2010.915894
2028.711670
2019.813721
2037.609375
1975.324463
2064.303223
2019.813721
2019.813721
2037.609375
2055.405273
2108.792480
2090.996582
2108.792480
2117.690186
2046.507324
2046.507324
2037.609375
2037.609375
2037.609375
2037.609497
2082.098877
2055.405273
2046.507324
2073.200928
2046.507324
2064.302979
2108.792480
2126.587891
2117.690186
2099.894531
2126.588135
2153.281494
2064.302979
2046.507324
2046.507324
2073.200928
2037.609497
2037.609375
2046.507324
2073.200928
2055.405273
2099.894531
2099.894531
2108.792480
2055.405273
2099.894531
2099.894531
2126.587891
2126.587891
2117.690186
2135.485840
2073.200928
2153.281738
2090.996582
1921.937256
2055.405273
1984.222290
2064.303223
2037.609375
2019.813721
2082.098877
2108.792480
2082.098877
2099.894531
2108.792480
2108.792480
2117.690186
2144.383789
2090.996582
2010.915771
2064.302979
2019.813721
2055.405273
2046.507324
2082.098633
2064.302979
2046.507324
2082.098633
2064.303223
2117.690186
2117.690186
2144.383789
2162.179443
2108.792480
2002.018066
2055.405273
1993.120117
2028.711548
1993.120117
2028.711548
1984.222290
2028.711548
2099.894531
2090.996582
2099.894531
2153.281738
2117.690186
2135.485840
2126.587891
2162.179443
2135.485840
2153.281738
2135.485840
2064.303223
2046.507324
2064.303223
2082.098633
2108.792480
2073.200928
2153.281738
2126.587891
2135.485840
2108.792480
2099.894531
2135.485840
2099.894531
2126.588135
2099.894531
2108.792480
2073.200928
2073.200928
2055.405273
2028.711548
2055.405273
2064.302979
2019.813721
2099.894531
2082.098877
2162.179688
2171.077148
2171.077148
2224.464600
2144.383789
2251.158203
2206.668701
2162.179688
2197.770996
2135.485840
2188.873047
2197.770996
2099.894531
2090.996582
2144.383789
2099.894531
2108.792480
2162.179688
2082.098877
2099.894531
2099.894531
2082.098877
2090.996582
2028.711548
2055.405273
2090.996582
2028.711670
1984.222290
2046.507324
2010.915771
2073.200928
2162.179688
2179.975098
2162.179688
2224.464355
2197.770996
2242.260254
2171.077393
2260.056152
2251.158203
2215.566650
2179.975098
2206.668945
2188.873047
2215.566650
2233.362305
2171.077393
2242.260254
2215.566650
2108.792480
2099.894531
2108.792480
2099.894531
2108.792480
2162.179688
2082.098633
2099.894531
2099.894531
2064.303223
2046.507324
2064.303223
2055.405273
2037.609497
2117.690430
2171.077393
2179.975098
2268.953857
2197.770996
2251.158203
2171.077393
2197.770996
2197.770996
2215.566650
2224.464355
2153.281738
2188.873047
2162.179443
2144.383789
2153.281738
2126.587891
2117.690186
2171.077393
2153.281738
2108.792480
2144.383789
2171.077393
2117.690186
2099.894531
2064.302979
2108.792480
2064.303223
2082.098633
2028.711670
2064.302979
2037.609375
2082.098633
2153.281738
2108.792480
2162.179688
2197.770996
2171.077393
2242.260254
2242.260254
2251.158203
2260.056152
2340.136719
2277.851562
2295.647461
2295.647461
2349.034668
2331.238770
2357.932373
2366.830078
2429.115234
2349.034668
2295.647461
2277.851562
2277.851562
2188.873047
2090.996582
2082.098633
2090.996582
2108.792480
2082.098633
2010.915894
2064.302979
2046.507324
2010.915771
2090.996582
2090.996582
2135.485840
2215.566650
2171.077393
2197.770996
2188.873047
2171.077393
2197.770996
2188.873047
2144.383789
2188.873047
2153.281738
2082.098633
2055.405273
2090.996582
2099.894531
2144.383789
2162.179443
2197.770996
2162.179443
2099.894531
2144.383789
2188.873047
2126.588135
2171.077148
2144.383789
2179.975098
2153.281738
2108.792480
2126.588135
2117.690186
2153.281738
2153.281738
2126.587891
2197.770996
2233.362305
2117.690186
2117.690186
2179.975098
2153.281738
2135.485840
2162.179443
2135.485840
2162.179688
2144.383789
2135.485840
2135.485840
2117.690186
2144.383789
2162.179443
2144.383789
2144.383789
2179.975098
2144.383789
2171.077393
2126.588135
2153.281738
2108.792480
2090.996582
2090.996582
2117.690186
2099.894531
2064.302979
2162.179688
2144.383789
2153.281738
2144.383789
2188.873047
2162.179443
2162.179443
2153.281738
2144.383789
2144.383789
2162.179688
2126.587891
2108.792480
2153.281738
2144.383789
2117.690186
2126.587891
2126.587891
2179.975098
2073.200928
2135.485840
2153.281738
2117.690430
2090.996582
2090.996582
2126.588135
2082.098633
2064.302979
2046.507324
2055.405273
2082.098633
2135.485840
2117.690430
2162.179443
2224.464600
2171.077393
2099.894531
2126.587891
2215.566650
2197.770996
2206.668701
2090.996582
2233.362305
2153.281738
2117.690186
2171.077393
2153.281738
2153.281738
2206.668945
2126.588135
2171.077393
2215.566650
2206.668945
2153.281738
2251.158203
2304.545166
2188.873047
2242.260254
2179.975098
2215.566650
2197.770996
2126.587891
2117.690430
2144.383789
2224.464600
2171.077393
2135.485840
2188.873047
2046.507324
2171.077393
2126.588135
2144.383789
2188.873047
2117.690186
2126.587891
2179.975098
2135.485840
2099.894531
2144.383789
2206.668945
2179.975098
2197.770996
2215.566650
2179.975098
2188.873047
2179.975098
2233.362305
2215.566650
2179.975098
2260.056152
2064.302979
2117.690430
2126.588135
2108.792480
2099.894531
2082.098633
2153.281738
2171.077393
2135.485840
2090.996582
2082.098633
2117.690186
2135.485840
2117.690186
2162.179443
2162.179688
2108.792480
2126.587891
2108.792480
2179.975098
2108.792480
2135.485840
2117.690430
2233.362305
2233.362305
2215.566650
2135.485840
2144.383789
2108.792480
2144.383789
2135.485840
2188.873047
2126.587891
2135.485840
2090.996582
2171.077148
2082.098633
2162.179688
2099.894531
2206.668945
2197.770996
2179.975098
2197.770996
2099.894531
2179.975098
2171.077393
2215.566650
2144.383789
2206.668701
2153.281738
2117.690186
2153.281738
2162.179688
2206.668701
2162.179443
2197.770996
2277.851562
2215.566650
2108.792480
2162.179688
2162.179688
2153.281738
2126.588135
2162.179443
2117.690186
2188.873047
2108.792480
2064.303223
2153.281738
2126.587891
2108.792480
2171.077393
2224.464355
2242.260254
2206.668945
2188.873047
2188.873047
2126.587891
2153.281738
2153.281738
2188.873047
2171.077393
2144.383789
2197.770996
2179.975098
2162.179688
2233.362305
2171.077393
2179.975098
2215.566650
2215.566650
2144.383789
2188.873047
2171.077393
2215.566650
2090.996582
2144.383789
2144.383789
2144.383789
2108.792480
2162.179443
2117.690186
2197.770996
2179.975098
2171.077393
2286.749512
2224.464600
2242.260254
2197.770996
2108.792480
2171.077148
2135.485840
2179.975098
2162.179688
2197.770996
2171.077393
2206.668701
2188.873047
2224.464600
2153.281738
2188.873047
2188.873047
2179.975098
2188.873047
2126.587891
2144.383789
2153.281738
2171.077148
2108.792480
2108.792480
2153.281738
2126.588135
2117.690186
2117.690186
2268.953857
2224.464355
2277.851562
2260.056152
2251.158203
2233.362305
2242.260254
2233.362305
2206.668701
2224.464355
2171.077393
2162.179688
2206.668701
2206.668701
2153.281738
2197.770996
2224.464355
2251.158203
2179.975098
2197.770996
2215.566650
2215.566650
2188.873047
2188.873047
2144.383789
2144.383789
2162.179443
2135.485840
2126.588135
2188.873047
2179.975098
2206.668945
2277.851562
2277.851562
2224.464600
2349.034424
2215.566650
2295.647461
2251.158203
2251.158203
2233.362305
2251.158203
2251.158203
2197.770996
2188.873047
2268.953613
2171.077393
2242.260254
2224.464355
2197.770996
2233.362305
2197.770996
2215.566650
2206.668945
2179.975098
2117.690430
2135.485840
2144.383789
2126.588135
2090.996582
2090.996582
2197.770996
2215.566650
2224.464355
2277.851562
2188.873047
2277.851562
2295.647461
2295.647461
2313.443115
2340.136719
2375.728027
2295.647461
2375.728027
2313.443115
2304.545410
2340.136719
2286.749512
2260.055908
2340.136719
2349.034668
2295.647461
2366.830078
2322.340820
2171.077393
2197.770996
2171.077393
2206.668945
2135.485840
2153.281738
2126.588135
2162.179443
2117.690186
2260.055908
2260.055908
2277.851562
2304.545166
2251.158203
2215.566650
2260.055908
2304.545410
2286.749512
2251.158203
2242.260254
2277.851562
2295.647461
2295.647461
2304.545166
2393.523926
2331.238770
2322.340820
2251.158203
2295.647461
2295.647461
2179.975098
2224.464355
2171.077393
2224.464355
2135.485840
2117.690186
2162.179688
2126.588135
2162.179443
2090.996582
2179.975098
2179.975098
2224.464600
2242.260254
2179.975098
2215.566650
2224.464355
2233.362305
2242.260254
2286.749512
2242.260254
2224.464355
2251.158203
2286.749512
2251.158203
2233.362305
2242.260254
2197.770996
2179.975098
2277.851562
2260.055908
2188.873047
2197.770996
2197.770996
2153.281738
2126.587891
2153.281738
2153.281738
2117.690186
2144.383789
2206.668945
2215.566650
2268.953613
2251.158203
2277.851562
2260.056152
2375.728027
2304.545166
2357.932373
2331.238770
2313.443115
2331.238770
2286.749512
2340.136719
2331.238770
2304.545166
2304.545410
2322.340820
2357.932373
2313.442871
2233.362305
2277.851562
2224.464355
2224.464600
2260.055908
2206.668701
2233.362305
2188.873047
2188.873047
2162.179443
2171.077393
2171.077393
2197.770996
2242.260254
2197.770996
2260.055908
2206.668945
2251.158203
2251.158203
2242.260254
2206.668945
2215.566650
2224.464355
2197.770996
2206.668701
2171.077393
2242.260254
2162.179688
2188.873047
2233.362305
2286.749512
2197.770996
2295.647461
2295.647461
2242.260254
2215.566650
2126.587891
2242.260254
2206.668945
2162.179688
2153.281738
2171.077393
2144.383789
2153.281738
2179.975098
2197.770996
2197.770996
2242.260254
2233.362305
2260.055908
2188.873047
2242.260254
2197.770996
2224.464355
2197.770996
2179.975098
2179.975098
2206.668701
2197.770996
2206.668945
2171.077393
2224.464355
2206.668701
2224.464600
2162.179443
2242.260254
2117.690186
2224.464355
2144.383789
2179.975098
2144.383789
2188.873047
2099.894531
2055.405273
2215.566650
2179.975098
2233.362305
2126.587891
2206.668701
2233.362305
2206.668945
2215.566650
2304.545166
2295.647461
2277.851562
2304.545410
2304.545166
2242.260254
2188.873047
2233.362305
2162.179443
2260.056152
2197.770996
2268.953613
2268.953857
2224.464355
2260.055908
2366.830078
2313.443115
2268.953857
2233.362305
2251.158203
2304.545410
2277.851562
2206.668945
2251.158203
2144.383789
2260.055908
2162.179688
2260.055908
2206.668945
2251.158203
2233.362305
2215.566650
2251.158203
2215.566650
2171.077393
2224.464355
2215.566650
2233.362305
2188.873047
2206.668945
2233.362305
2242.260254
2171.077148
2251.158203
2233.362305
2251.158203
2286.749512
2260.056152
2331.238770
2268.953857
2206.668945
2179.975098
2188.873047
2162.179688
2215.566650
2171.077148
2224.464355
2171.077393
2215.566650
2233.362305
2215.566650
2215.566650
2206.668945
2171.077393
2242.260254
2179.975098
2215.566650
2215.566650
2215.566650
2206.668945
2206.668945
2171.077393
2286.749512
2224.464355
2224.464355
2179.975098
2224.464355
2233.362305
2233.362305
2197.770996
2224.464600
2197.770996
2197.770996
2171.077393
2188.873047
2215.566650
2268.953857
2286.749512
2242.260254
2251.158203
2260.055908
2179.975098
2197.770996
2277.851562
2233.362305
2215.566650
2251.158203
2242.260254
2260.056152
2251.158203
2286.749512
2331.238770
2233.362305
2251.158203
2286.749512
2206.668701
2242.260254
2260.055908
2268.953857
2233.362305
2224.464355
2322.340820
2197.770996
2224.464355
2171.077148
2206.668945
2251.158203
2215.566650
2242.260254
2233.362305
2260.055908
2251.158203
2251.158203
2224.464600
2242.260254
2206.668945
2233.362305
2215.566650
2251.158203
2277.851562
2242.260254
2242.260254
2251.158203
2233.362305
2233.362305
2260.055908
2251.158203
2233.362305
2268.953857
2188.873047
2206.668945
2206.668945
2215.566650
2188.873047
2188.873047
2162.179443
2197.770996
2233.362305
2197.770996
2322.340820
2233.362305
2295.647461
2286.749512
2233.362305
2260.055908
2313.443115
2268.953857
2304.545410
2224.464355
2268.953857
2295.647461
2260.055908
2366.830078
2340.136719
2295.647461
2286.749512
2206.668945
2268.953857
2242.260254
2286.749512
2215.566650
2179.975098
2277.851562
2233.362305
2224.464355
2197.770996
2224.464600
2260.055908
2242.260254
2313.442871
2313.443115
2322.340820
2375.728027
2313.443115
2251.158203
2295.647461
2242.260254
2304.545166
2304.545410
2260.055908
2242.260254
2260.055908
2349.034668
2242.260254
2251.158203
2295.647461
2286.749512
2242.260254
2233.362305
2251.158203
2224.464355
2233.362305
2162.179443
2162.179443
2224.464355
2171.077393
2188.873047
2171.077393
2233.362305
2304.545166
2268.953857
2357.932373
2340.136719
2277.851562
2349.034668
2322.340820
2349.034668
2295.647461
2331.238770
2331.238770
2304.545410
2313.442871
2340.136719
2286.749512
2286.749512
2260.056152
2286.749512
2215.566650
2286.749512
2233.362305
2251.158203
2233.362305
2224.464355
2188.873047
2215.566650
2135.485840
2224.464355
2179.975098
2206.668945
2295.647461
2313.443115
2331.238770
2340.136719
2322.340820
2384.625977
2313.443115
2375.728027
2322.340820
2384.625977
2366.830078
2366.830078
2393.523926
2402.421631
2384.625977
2375.728027
2402.421875
2402.421875
2349.034668
2349.034668
2322.340820
2277.851562
2242.260254
2224.464355
2179.975098
2251.158203
2197.770996
2197.770996
2171.077393
2206.668945
2251.158203
2224.464355
2340.136719
2295.647461
2304.545410
2322.340820
2375.728027
2384.625977
2366.830078
2375.728027
2349.034668
2384.625977
2349.034668
2393.523926
2429.115234
2313.442871
2375.728027
2331.238770
2260.055908
2277.851562
2251.158203
2295.647461
2233.362305
2206.668945
2215.566650
2197.770996
2251.158203
2197.770996
2188.873047
2179.975098
2224.464600
2251.158203
2277.851562
2304.545410
2340.136719
2295.647461
2340.136719
2340.136719
2375.728027
2357.932373
2322.340820
2366.830322
2340.136719
2429.115234
2411.319580
2420.217285
2366.830078
2420.217285
2375.728027
2277.851562
2313.442871
2251.158203
2268.953857
2215.566650
2242.260254
2215.566650
2197.770996
2260.055908
2206.668945
2188.873047
2224.464355
2260.055908
2242.260254
2331.238770
2331.238770
2313.442871
2322.340820
2322.340820
2357.932373
2349.034668
2331.238770
2340.136719
2375.728027
2349.034668
2357.932373
2349.034668
2375.728027
2349.034668
2286.749512
2260.056152
2277.851562
2268.953613
2251.158203
2233.362305
2260.056152
2224.464355
2197.770996
2197.770996
2233.362305
2153.281738
2242.260254
2233.362305
2277.851562
2349.034668
2349.034424
2349.034424
2366.830078
2349.034668
2402.421875
2340.136719
2402.421631
2384.625977
2331.238770
2357.932373
2357.932373
2331.238770
2349.034424
2331.238770
2286.749512
2251.158203
2277.851562
2295.647461
2251.158203
2251.158203
2286.749512
2260.055908
2206.668945
2224.464355
2188.873047
2188.873047
2233.362305
2260.055908
2277.851562
2313.443115
2375.728027
2420.217285
2286.749512
2393.523926
2402.421631
2429.115234
2393.523926
2455.808838
2340.136719
2331.238770
2349.034668
2304.545410
2286.749512
2286.749512
2242.260254
2313.443115
2268.953613
2340.136719
2268.953613
2268.953857
2260.055908
2242.260254
2233.362305
2251.158203
2188.873047
2188.873047
2224.464600
2251.158203
2286.749512
2322.340820
2340.136719
2340.136719
2384.625977
2420.217285
2384.625977
2411.319580
2420.217285
2393.523926
2438.013184
2402.421631
2420.217285
2402.421875
2393.523926
2340.136719
2251.158203
2313.443115
2206.668945
2357.932373
2268.953613
2215.566650
2268.953857
2260.055908
2233.362305
2242.260254
2206.668945
2188.873047
2188.873047
2260.055908
2286.749512
2286.749512
2295.647461
2357.932373
2322.340820
2420.217285
2393.523926
2420.217285
2384.625977
2482.502441
2393.523926
2482.502441
2429.115234
2402.421631
2384.625977
2357.932373
2286.749512
2260.056152
2304.545410
2260.055908
2295.647461
2331.238770
2331.238770
2268.953613
2260.055908
2233.362305
2233.362305
2215.566650
2304.545166
2224.464355
2313.443115
2331.238770
2286.749512
2402.421631
2340.136719
2349.034668
2446.911133
2331.238770
2375.728027
2340.136719
2420.217285
2402.421631
2438.013184
2446.910889
2402.421631
2384.625977
2260.055908
2313.443115
2313.443115
2277.851562
2260.055908
2286.749512
2251.158203
2268.953613
2233.362305
2233.362305
2242.260254
2215.566650
2188.873047
2251.158203
2277.851562
2206.668945
2268.953613
2340.136719
2286.749512
2277.851562
2268.953857
2340.136719
2277.851562
2251.158203
2384.625977
2366.830078
2322.340820
2357.932373
2313.442871
2295.647461
2295.647461
2251.158203
2322.340820
2313.443115
2224.464355
2286.749512
2260.056152
2242.260254
2251.158203
2268.953857
2224.464600
2206.668945
2286.749512
2268.953613
2349.034668
2313.443115
2331.238770
2286.749512
2340.136719
2384.625977
2349.034668
2420.217285
2420.217285
2402.421631
2464.706543
2411.319336
2446.910889
2438.013184
2420.217285
2438.013184
2375.728027
2375.728027
2268.953857
2420.217285
2331.238770
2313.443115
2331.238770
2313.442871
2242.260254
2286.749512
2251.158203
2286.749512
2277.851562
2251.158203
2295.647461
2304.545166
2304.545410
2295.647461
2260.055908
2375.728027
2233.362305
2260.056152
2349.034668
2295.647461
2331.238770
2349.034668
2384.625977
2322.340820
2322.340820
2277.851562
2331.238770
2268.953613
2277.851562
2286.749512
2286.749512
2251.158203
2286.749512
2286.749512
2295.647461
2260.055908
2233.362305
2233.362305
2286.749512
2260.056152
2233.362305
2295.647461
2277.851562
2304.545410
2224.464355
2268.953613
2268.953857
2286.749512
2268.953613
2295.647461
2277.851562
2268.953613
2304.545410
2260.055908
2340.136719
2224.464600
2304.545410
2295.647461
2286.749512
2268.953857
2251.158203
2206.668945
2268.953857
2224.464355
2224.464600
2251.158203
2268.953613
2206.668945
2260.055908
2331.238770
2295.647461
2366.830322
2331.238770
2304.545410
2331.238770
2295.647461
2260.055908
2366.830078
2313.443115
2366.830078
2313.443115
2402.421875
2384.625977
2322.340820
2384.625977
2366.830078
2375.728027
2340.136719
2446.910889
2366.830078
2233.362305
2251.158203
2277.851562
2331.238770
2286.749512
2277.851562
2366.830078
2286.749512
2313.443115
2295.647461
2429.115234
2304.545410
2357.932373
2260.055908
2286.749512
2286.749512
2295.647461
2242.260254
2331.238770
2277.851562
2295.647461
2322.340820
2313.443115
2322.340820
2304.545166
2366.830078
2322.340820
2286.749512
2286.749512
2313.443115
2331.238770
2251.158203
2242.260254
2277.851562
2251.158203
2242.260254
2286.749512
2277.851562
2251.158203
2295.647461
2295.647461
2393.523926
2357.932373
2295.647461
2340.136719
2295.647461
2224.464355
2268.953857
2277.851562
2286.749512
2260.055908
2277.851562
2340.136719
2340.136719
2313.443115
2251.158203
2304.545166
2331.238770
2304.545166
2215.566650
2286.749512
2224.464355
2260.056152
2179.975098
2233.362305
2242.260254
2233.362305
2242.260254
2277.851562
2304.545166
2304.545166
2331.238770
2340.136719
2313.443115
2304.545410
2304.545410
2268.953613
2295.647461
2242.260254
2331.238770
2295.647461
2357.932373
2322.340820
2322.340820
2411.319580
2313.443115
2366.830078
2393.523926
2331.238770
2366.830322
2357.932373
2304.545166
2313.443115
2268.953857
2313.443115
2340.136719
2366.830078
2349.034668
2357.932373
2411.319580
2384.625977
2366.830322
2349.034668
2438.013184
2366.830078
2277.851562
2295.647461
2313.443115
2286.749512
2260.056152
2304.545166
2304.545166
2242.260254
2340.136719
2304.545166
2295.647461
2366.830078
2357.932373
2340.136719
2295.647461
2304.545410
2260.055908
2286.749512
2304.545166
2215.566650
2268.953857
2295.647461
2277.851562
2313.443115
2331.238770
2322.340820
2375.728027
2322.340820
2366.830078
2375.728027
2313.443115
2251.158203
2260.055908
2233.362305
2268.953613
2277.851562
2286.749512
2313.443115
2260.056152
2268.953857
2313.443115
2286.749512
2331.238770
2286.749512
2322.340820
2260.055908
2277.851562
2197.770996
2260.055908
2197.770996
2215.566650
2260.055908
2215.566650
2268.953857
2242.260254
2286.749512
2349.034668
2331.238770
2384.625977
2286.749512
2357.932373
2295.647461
2322.340820
2260.056152
2295.647461
2295.647461
2295.647461
2295.647461
2313.443115
2286.749512
2277.851562
2260.055908
2357.932373
2340.136719
2322.340820
2304.545410
2304.545166
2295.647461
2286.749512
2322.340820
2349.034668
2366.830078
2340.136719
2393.523926
2340.136719
2375.728027
2375.728027
2357.932373
2384.625977
2411.319580
2366.830322
2393.523926
2375.728027
2304.545166
2215.566650
2304.545410
2313.442871
2295.647461
2295.647461
2251.158203
2340.136719
2251.158203
2340.136719
2313.443115
2277.851562
2295.647461
2277.851562
2251.158203
2224.464355
2277.851562
2206.668701
2251.158203
2304.545166
2322.340820
2304.545410
2375.728027
2304.545166
2384.625977
2349.034424
2384.625977
2411.319336
2366.830322
2340.136719
2349.034424
2384.625977
2349.034668
2393.523926
2340.136719
2295.647461
2313.443115
2277.851562
2313.443115
2295.647461
2349.034668
2260.056152
2260.055908
2286.749512
2260.055908
2224.464355
2215.566650
2215.566650
2242.260254
2251.158203
2251.158203
2251.158203
2277.851562
2331.238770
2322.340820
2357.932373
2313.443115
2340.136719
2349.034424
2393.523926
2375.728027
2402.421631
2233.362305
2286.749512
2242.260254
2215.566650
2357.932373
2277.851562
2304.545166
2313.442871
2286.749512
2313.443115
2268.953857
2331.238770
2313.443115
2304.545410
2286.749512
2322.340820
2286.749512
2313.443115
2277.851562
2322.340820
2313.443115
2322.340820
2349.034668
2366.830078
2322.340820
2340.136719
2349.034668
2286.749512
2331.238770
2277.851562
2277.851562
2313.442871
2304.545166
2251.158203
2268.953613
2286.749512
2251.158203
2260.055908
2295.647461
2286.749512
2286.749512
2233.362305
2277.851562
2322.340820
2277.851562
2242.260254
2295.647461
2268.953613
2331.238770
2260.055908
2340.136719
2322.340820
2268.953613
2340.136719
2331.238770
2340.136719
2313.442871
2375.728027
2429.115234
2366.830078
2322.340820
2393.523926
2375.728027
2357.932373
2215.566650
2260.055908
2313.443115
2277.851562
2242.260254
2277.851562
2286.749512
2251.158203
2233.362305
2304.545166
2260.055908
2251.158203
2233.362305
2304.545410
2251.158203
2268.953613
2375.728027
2340.136719
2340.136719
2384.625977
2322.340820
2455.808838
2411.319580
2446.911133
2402.421631
2411.319580
2331.238770
2322.340820
2340.136719
2277.851562
2268.953857
2277.851562
2304.545410
2393.523926
2295.647461
2366.830078
2260.056152
2366.830078
2242.260254
2357.932373
2304.545166
2402.421875
2322.340820
2340.136719
2295.647461
2277.851562
2313.442871
2349.034424
2366.830078
2322.340820
2268.953613
2277.851562
2340.136719
2313.443115
2277.851562
2349.034668
2340.136719
2295.647461
2242.260254
2295.647461
2224.464600
2322.340820
2295.647461
2277.851562
2313.443115
2313.443115
2268.953857
2268.953857
2260.055908
2304.545410
2331.238770
2375.728027
2349.034424
2322.340820
2331.238770
2277.851562
2322.340820
2366.830322
2331.238770
2349.034668
2349.034668
2224.464355
2393.523926
2304.545166
2260.055908
2277.851562
2340.136719
2313.443115
2349.034668
2197.770996
2295.647461
2242.260254
2215.566650
2268.953857
2349.034668
2260.055908
2268.953857
2242.260254
2304.545410
2242.260254
2242.260254
2260.055908
2313.443115
2322.340820
2286.749512
2251.158203
2313.443115
2331.238770
2260.055908
2304.545410
2357.932373
2277.851562
2268.953613
2322.340820
2375.728027
2349.034668
2384.625977
2366.830078
2366.830078
2357.932373
2340.136719
2304.545410
2375.728027
2357.932373
2349.034668
2393.523926
2464.706543
2357.932373
2420.217285
2420.217285
2384.625977
2313.443115
2402.421875
2482.502441
2340.136719
2349.034424
2322.340820
2331.238770
2304.545410
2286.749512
2286.749512
2304.545410
2268.953613
2242.260254
2295.647461
2242.260254
2251.158203
2322.340820
2277.851562
2286.749512
2206.668701
2260.055908
2233.362305
2268.953613
2224.464355
2277.851562
2304.545166
2349.034668
2251.158203
2331.238770
2357.932373
2277.851562
2313.443115
2286.749512
2384.625977
2340.136719
2375.728027
2331.238770
2340.136719
2260.055908
2286.749512
2251.158203
2251.158203
2224.464355
2242.260254
2277.851562
2295.647461
2304.545410
2322.340820
2277.851562
2331.238770
2331.238770
2251.158203
2295.647461
2304.545166
2242.260254
2251.158203
2268.953857
2268.953857
2268.953857
2313.443115
2411.319580
2340.136719
2411.319580
2375.728027
2420.217285
2331.238770
2340.136719
2366.830078
2402.421875
2313.443115
2331.238770
2313.443115
2366.830322
2331.238770
2331.238770
2242.260254
2286.749512
2313.443115
2286.749512
2349.034424
2242.260254
2224.464355
2286.749512
2206.668945
2295.647461
2224.464600
2224.464355
2268.953857
2188.873047
2251.158203
2295.647461
2304.545166
2313.443115
2420.217285
2366.830078
2446.911133
2366.830078
2357.932373
2340.136719
2393.523926
2331.238770
2357.932373
2340.136719
2384.625977
2384.625977
2322.340820
2357.932373
2268.953613
2268.953613
2277.851562
2313.443115
2251.158203
2268.953857
2206.668945
2286.749512
2268.953613
2206.668701
2242.260254
2268.953613
2260.055908
2295.647461
2304.545166
2331.238770
2375.728027
2402.421631
2331.238770
2438.013184
2357.932373
2322.340820
2375.728027
2366.830078
2295.647461
2313.443115
2357.932373
2429.115234
2402.421631
2349.034424
2357.932373
2268.953857
2322.340820
2331.238770
2357.932373
2242.260254
2277.851562
2286.749512
2286.749512
2242.260254
2268.953857
2233.362305
2233.362305
2286.749512
2277.851562
2251.158203
2331.238770
2313.443115
2366.830322
2375.728027
2340.136719
2357.932373
2331.238770
2313.443115
2340.136719
2313.443115
2349.034668
2357.932373
2384.625977
2402.421631
2349.034668
2357.932373
2286.749512
2304.545166
2357.932373
2357.932373
2366.830078
2233.362305
2251.158203
2277.851562
2260.055908
2242.260254
2268.953613
2331.238770
2233.362305
2268.953857
2313.443115
2233.362305
2349.034668
2295.647461
2331.238770
2349.034668
2268.953857
2242.260254
2251.158203
2242.260254
2277.851562
2215.566650
2277.851562
2322.340820
2295.647461
2295.647461
2322.340820
2366.830078
2277.851562
2251.158203
2277.851562
2295.647461
2286.749512
2260.055908
2295.647461
2260.055908
2340.136719
2286.749512
2366.830078
2357.932373
2313.442871
2366.830322
2393.523926
2375.728027
2322.340820
2357.932373
2375.728027
2313.443115
2322.340820
2286.749512
0.000000
0.000000
0.000000
0.000000
0.000000
0.000000
0.000000
0.000000
0.000000
0.000000
0.000000
0.000000
0.000000
0.000000
0.000000
0.000000
0.000000
0.000000
0.000000
0.000000
0.000000
0.000000
0.000000
0.000000
0.000000
0.000000
0.000000
0.000000
0.000000
0.000000
0.000000
0.000000
0.000000
0.000000
0.000000
0.000000
0.000000
0.000000
0.000000
0.000000
0.000000
0.000000
0.000000
0.000000
0.000000
0.000000
0.000000
0.000000
0.000000
0.000000
0.000000
0.000000
0.000000
0.000000
0.000000
0.000000
0.000000
0.000000
0.000000
0.000000
0.000000
0.000000
0.000000
0.000000
0.000000
0.000000
0.000000
0.000000
0.000000
0.000000
0.000000
0.000000
0.000000
0.000000
0.000000
0.000000
0.000000
0.000000
0.000000
0.000000
0.000000
0.000000
0.000000
0.000000
0.000000
0.000000
0.000000
0.000000
0.000000
0.000000
0.000000
0.000000
0.000000
0.000000
0.000000
0.000000
0.000000
0.000000
0.000000
0.000000
0.000000
0.000000
0.000000
