0.000000
71.182861
8.897858
26.693573
17.795715
17.795715
26.693573
35.591431
35.591431
35.591431
44.489288
44.489288
53.387146
44.489288
71.182861
53.387146
62.285004
62.285004
80.080719
62.285004
71.182861
80.080719
71.182861
88.978577
88.978577
97.876434
97.876434
97.876434
106.774292
88.978577
97.876434
106.774292
115.672150
124.570007
115.672150
124.570007
133.467865
124.570007
124.570007
124.570007
133.467865
124.570007
142.365723
142.365723
142.365723
151.263580
142.365723
169.059296
142.365723
151.263580
160.161438
160.161438
160.161438
177.957153
177.957153
177.957153
177.957153
177.957153
195.752869
177.957153
186.855011
177.957153
195.752869
195.752869
204.650726
186.855011
222.446442
195.752869
195.752869
204.650726
240.242157
204.650726
231.344299
204.650726
222.446442
240.242157
231.344299
240.242157
213.548584
231.344299
249.140015
240.242157
240.242157
222.446442
240.242157
266.935730
249.140015
249.140015
231.344299
266.935730
249.140015
275.833588
231.344299
266.935730
284.731445
266.935730
249.140015
258.037872
293.629303
275.833588
258.037872
284.731445
311.425018
275.833588
266.935730
275.833588
320.322876
302.527161
275.833588
293.629303
302.527161
320.322876
284.731445
311.425018
311.425018
293.629303
293.629303
311.425018
320.322876
302.527161
320.322876
329.220734
302.527161
320.322876
338.118591
329.220734
329.220734
347.016449
347.016449
364.812164
373.710022
373.710022
364.812164
347.016449
364.812164
347.016449
355.914307
373.710022
355.914307
382.607880
364.812164
364.812164
373.710022
382.607880
373.710022
382.607880
391.505737
391.505737
382.607880
391.505737
391.505737
391.505737
382.607880
391.505737
382.607880
400.403595
400.403595
391.505737
409.301453
391.505737
409.301453
400.403595
391.505737
400.403595
409.301453
391.505737
409.301453
409.301453
400.403595
418.199310
418.199310
418.199310
409.301453
418.199310
427.097168
409.301453
409.301453
435.995026
427.097168
418.199310
418.199310
409.301453
418.199310
409.301453
418.199310
409.301453
418.199310
435.995026
435.995026
409.301453
435.995026
435.995026
427.097168
427.097168
427.097168
444.892883
435.995026
435.995026
427.097168
444.892883
444.892883
462.688599
444.892883
435.995026
444.892883
444.892883
444.892883
453.790741
435.995026
471.586456
435.995026
462.688599
453.790741
435.995026
462.688599
453.790741
471.586456
471.586456
462.688599
489.382172
462.688599
507.177887
471.586456
507.177887
471.586456
489.382172
516.075745
471.586456
498.280029
480.484314
498.280029
489.382172
507.177887
489.382172
507.177887
507.177887
507.177887
516.075745
516.075745
507.177887
507.177887
507.177887
516.075745
489.382172
516.075745
480.484314
533.871460
498.280029
498.280029
542.769287
498.280029
524.973633
489.382172
551.667175
489.382172
524.973633
489.382172
524.973633
498.280029
516.075745
507.177887
489.382172
533.871460
471.586456
542.769287
462.688599
524.973633
489.382172
489.382172
516.075745
471.586456
551.667175
462.688599
516.075745
471.586456
498.280029
507.177887
480.484314
507.177887
498.280029
489.382172
489.382172
516.075745
489.382172
516.075745
480.484314
524.973633
498.280029
516.075745
498.280029
524.973633
507.177887
516.075745
524.973633
507.177887
516.075745
516.075745
524.973633
516.075745
542.769287
507.177887
533.871460
524.973633
516.075745
542.769287
524.973633
569.462891
524.973633
560.565063
524.973633
533.871460
524.973633
551.667175
507.177887
551.667175
542.769287
524.973633
542.769287
533.871460
542.769287
533.871460
542.769287
524.973633
533.871460
524.973633
542.769287
516.075745
524.973633
524.973633
516.075745
516.075745
524.973633
516.075745
533.871460
516.075745
533.871460
524.973633
542.769287
533.871460
516.075745
533.871460
524.973633
542.769287
524.973633
533.871460
507.177887
516.075745
524.973633
524.973633
542.769287
516.075745
560.565063
507.177887
551.667175
489.382172
569.462891
489.382172
560.565063
498.280029
533.871460
551.667175
516.075745
542.769287
516.075745
542.769287
533.871460
533.871460
524.973633
569.462891
524.973633
551.667175
551.667175
542.769287
551.667175
542.769287
551.667175
542.769287
542.769287
551.667175
569.462891
551.667175
542.769287
551.667175
560.565063
560.565063
560.565063
542.769287
587.258606
533.871460
596.156494
516.075745
596.156494
516.075745
587.258606
507.177887
596.156494
498.280029
578.360718
524.973633
560.565063
533.871460
533.871460
524.973633
533.871460
551.667175
516.075745
542.769287
516.075745
533.871460
524.973633
507.177887
524.973633
542.769287
524.973633
533.871460
524.973633
533.871460
524.973633
542.769287
524.973633
542.769287
516.075745
533.871460
516.075745
524.973633
516.075745
516.075745
524.973633
507.177887
524.973633
524.973633
524.973633
507.177887
533.871460
524.973633
560.565063
542.769287
551.667175
533.871460
524.973633
524.973633
533.871460
533.871460
524.973633
524.973633
533.871460
524.973633
533.871460
533.871460
524.973633
542.769287
542.769287
524.973633
524.973633
551.667175
516.075745
542.769287
533.871460
560.565063
569.462891
533.871460
533.871460
542.769287
542.769287
551.667175
533.871460
551.667175
533.871460
533.871460
542.769287
542.769287
560.565063
516.075745
587.258606
480.484314
596.156494
471.586456
560.565063
551.667175
516.075745
596.156494
516.075745
560.565063
542.769287
551.667175
542.769287
524.973633
551.667175
569.462891
489.382172
551.667175
551.667175
551.667175
551.667175
524.973633
560.565063
542.769287
542.769287
551.667175
542.769287
542.769287
542.769287
551.667175
533.871460
551.667175
551.667175
533.871460
542.769287
533.871460
542.769287
542.769287
533.871460
533.871460
551.667175
551.667175
533.871460
560.565063
533.871460
551.667175
533.871460
551.667175
551.667175
507.177887
569.462891
498.280029
560.565063
498.280029
551.667175
507.177887
551.667175
516.075745
533.871460
533.871460
507.177887
560.565063
516.075745
533.871460
516.075745
516.075745
533.871460
524.973633
516.075745
542.769287
507.177887
533.871460
516.075745
533.871460
533.871460
524.973633
524.973633
524.973633
524.973633
524.973633
533.871460
524.973633
524.973633
498.280029
516.075745
498.280029
524.973633
498.280029
524.973633
516.075745
524.973633
560.565063
507.177887
578.360718
516.075745
551.667175
569.462891
524.973633
551.667175
507.177887
507.177887
533.871460
507.177887
533.871460
507.177887
498.280029
533.871460
533.871460
516.075745
489.382172
516.075745
524.973633
516.075745
480.484314
524.973633
516.075745
533.871460
516.075745
524.973633
533.871460
560.565063
507.177887
524.973633
524.973633
498.280029
533.871460
498.280029
524.973633
524.973633
498.280029
578.360718
435.995026
551.667175
507.177887
498.280029
569.462891
462.688599
560.565063
498.280029
516.075745
498.280029
533.871460
498.280029
516.075745
524.973633
507.177887
542.769287
489.382172
533.871460
516.075745
533.871460
516.075745
507.177887
524.973633
489.382172
533.871460
507.177887
524.973633
524.973633
524.973633
533.871460
516.075745
533.871460
524.973633
533.871460
516.075745
516.075745
524.973633
516.075745
533.871460
524.973633
524.973633
516.075745
498.280029
551.667175
516.075745
516.075745
542.769287
524.973633
533.871460
533.871460
498.280029
578.360718
453.790741
560.565063
489.382172
498.280029
516.075745
489.382172
542.769287
471.586456
533.871460
489.382172
507.177887
516.075745
507.177887
498.280029
516.075745
489.382172
516.075745
489.382172
507.177887
489.382172
498.280029
507.177887
489.382172
507.177887
489.382172
507.177887
507.177887
507.177887
507.177887
489.382172
507.177887
498.280029
498.280029
498.280029
489.382172
507.177887
480.484314
516.075745
489.382172
524.973633
507.177887
533.871460
524.973633
533.871460
533.871460
533.871460
533.871460
507.177887
516.075745
516.075745
516.075745
507.177887
516.075745
507.177887
507.177887
516.075745
498.280029
516.075745
498.280029
507.177887
498.280029
498.280029
489.382172
507.177887
480.484314
542.769287
524.973633
480.484314
551.667175
507.177887
516.075745
507.177887
524.973633
533.871460
524.973633
480.484314
533.871460
498.280029
507.177887
533.871460
462.688599
569.462891
427.097168
516.075745
560.565063
418.199310
560.565063
498.280029
462.688599
596.156494
427.097168
507.177887
560.565063
462.688599
542.769287
498.280029
471.586456
560.565063
453.790741
498.280029
551.667175
453.790741
524.973633
507.177887
533.871460
507.177887
498.280029
516.075745
498.280029
507.177887
516.075745
507.177887
524.973633
507.177887
516.075745
524.973633
524.973633
516.075745
516.075745
524.973633
533.871460
516.075745
524.973633
516.075745
516.075745
516.075745
498.280029
507.177887
516.075745
516.075745
516.075745
533.871460
516.075745
507.177887
533.871460
507.177887
507.177887
542.769287
462.688599
551.667175
471.586456
524.973633
489.382172
480.484314
507.177887
489.382172
498.280029
507.177887
498.280029
516.075745
489.382172
498.280029
507.177887
471.586456
524.973633
471.586456
489.382172
498.280029
489.382172
498.280029
471.586456
498.280029
471.586456
507.177887
489.382172
516.075745
498.280029
471.586456
516.075745
471.586456
507.177887
524.973633
471.586456
498.280029
542.769287
498.280029
533.871460
524.973633
516.075745
533.871460
471.586456
516.075745
498.280029
507.177887
507.177887
498.280029
507.177887
507.177887
498.280029
498.280029
507.177887
498.280029
507.177887
507.177887
498.280029
498.280029
489.382172
498.280029
489.382172
489.382172
489.382172
489.382172
498.280029
524.973633
507.177887
471.586456
542.769287
498.280029
507.177887
498.280029
516.075745
524.973633
480.484314
524.973633
462.688599
507.177887
471.586456
498.280029
507.177887
462.688599
533.871460
427.097168
542.769287
471.586456
489.382172
507.177887
453.790741
524.973633
444.892883
516.075745
471.586456
471.586456
507.177887
480.484314
507.177887
507.177887
471.586456
516.075745
480.484314
498.280029
480.484314
507.177887
489.382172
498.280029
524.973633
471.586456
524.973633
489.382172
516.075745
516.075745
489.382172
516.075745
507.177887
498.280029
516.075745
516.075745
524.973633
516.075745
516.075745
516.075745
516.075745
498.280029
516.075745
507.177887
507.177887
507.177887
498.280029
489.382172
498.280029
507.177887
507.177887
516.075745
507.177887
524.973633
516.075745
480.484314
507.177887
524.973633
489.382172
507.177887
480.484314
498.280029
471.586456
489.382172
489.382172
480.484314
489.382172
471.586456
480.484314
471.586456
489.382172
498.280029
498.280029
507.177887
471.586456
489.382172
453.790741
489.382172
471.586456
480.484314
480.484314
471.586456
489.382172
462.688599
480.484314
489.382172
471.586456
489.382172
471.586456
516.075745
498.280029
489.382172
498.280029
533.871460
516.075745
524.973633
489.382172
462.688599
498.280029
489.382172
498.280029
489.382172
507.177887
489.382172
507.177887
498.280029
489.382172
480.484314
507.177887
507.177887
498.280029
507.177887
498.280029
498.280029
489.382172
507.177887
480.484314
480.484314
498.280029
480.484314
489.382172
489.382172
462.688599
498.280029
498.280029
711.828613
542.769287
542.769287
551.667175
542.769287
569.462891
587.258606
605.054321
605.054321
622.850037
613.952148
631.747925
613.952148
596.156494
613.952148
640.645752
631.747925
667.339355
667.339355
694.032898
729.624329
720.726440
774.113647
783.011475
791.909302
765.215759
711.828613
694.032898
738.522217
747.420044
765.215759
738.522217
765.215759
756.317871
738.522217
783.011475
765.215759
783.011475
791.909302
783.011475
783.011475
809.705078
783.011475
818.602905
791.909302
800.807190
827.500732
845.296509
854.194336
898.683594
916.479370
916.479370
925.377197
952.070801
943.172913
969.866455
987.662231
996.560059
1076.640747
1067.742920
1041.049316
978.764343
934.275024
871.990051
907.581482
889.785767
907.581482
934.275024
943.172913
960.968628
969.866455
943.172913
969.866455
960.968628
960.968628
969.866455
978.764343
978.764343
1014.355774
1014.355774
1023.253662
987.662231
1041.049316
1014.355774
1041.049316
1041.049316
1058.845093
1067.742920
1103.334351
1112.232178
1121.130127
1094.436523
1058.845093
1112.232178
1076.640869
1112.232178
1112.232178
1112.232178
1085.538696
1130.027954
1085.538696
1121.130127
1130.027954
1156.721558
1138.925781
1138.925781
1138.925781
1147.823730
1183.415039
1156.721436
1165.619385
1165.619385
1201.210815
1192.312988
1210.108643
1227.904419
1263.495850
1254.597900
1263.495850
1281.291504
1254.597900
1263.495850
1281.291504
1299.087280
1254.597900
1219.006592
1236.802246
1201.210815
1201.210815
1227.904419
1192.312988
1245.700073
1245.700073
1236.802246
1227.904419
1263.495850
1290.189453
1281.291504
1263.495850
1263.495850
1325.780762
1361.372314
1334.678711
1423.657227
1432.555176
1450.350830
1494.840088
1494.840088
1503.738037
1405.861572
1396.963623
1432.555176
1468.146484
1396.963623
1325.780762
1343.576538
1307.985107
1361.372314
1334.678711
1343.576538
1299.087280
1352.474365
1325.780762
1325.780762
1343.576538
1379.167969
1343.576538
1361.372314
1370.270142
1423.657227
1477.044434
1530.431641
1441.453003
1557.125122
1503.738037
1503.738037
1450.350830
1432.555176
1459.248779
1388.065796
1396.963623
1379.167969
1379.167969
1396.963623
1388.065918
1405.861572
1379.167969
1370.270020
1396.963623
1396.963623
1432.555176
1370.270020
1405.861572
1441.452881
1441.452881
1432.555176
1485.942261
1557.125122
1512.635742
1512.635864
1566.022949
1601.614502
1601.614380
1539.329346
1574.920898
1557.125122
1557.125122
1477.044434
1450.350830
1459.248779
1423.657227
1441.453003
1432.555176
1450.350830
1459.248657
1441.452881
1459.248657
1459.248779
1477.044434
1477.044434
1468.146484
1477.044434
1459.248779
1485.942261
1459.248657
1503.738037
1521.533691
1494.840088
1459.248779
1459.248779
1459.248779
1521.533691
1485.942261
1468.146484
1468.146484
1477.044434
1477.044434
1530.431519
1512.635742
1477.044434
1485.942261
1512.635864
1539.329346
1539.329346
1557.125122
1557.125122
1548.227295
1592.716553
1592.716553
1601.614502
1548.227295
1530.431641
1477.044434
1566.022949
1557.125122
1539.329346
1503.738037
1521.533691
1530.431519
1548.227295
1557.125122
1566.022949
1512.635864
1566.022949
1548.227295
1530.431641
1566.022949
1530.431519
1539.329346
1539.329346
1530.431641
1539.329346
1566.022949
1530.431519
1521.533691
1548.227295
1530.431641
1574.920898
1557.125122
1521.533691
1557.125122
1539.329346
1566.022949
1557.125122
1583.818604
1557.125122
1557.125122
1566.022949
1637.205811
1601.614380
1628.307983
1619.410156
1628.307983
1628.307983
1592.716553
1610.512207
1539.329346
1574.920898
1583.818604
1592.716553
1548.227295
1601.614502
1503.738037
1592.716553
1574.920898
1557.125122
1628.307983
1548.227295
1601.614380
1592.716553
1583.818604
1610.512207
1574.920898
1557.125122
1566.022949
1566.022949
1566.022949
1583.818726
1583.818604
1557.125122
1601.614380
1592.716553
1566.022949
1583.818604
1583.818726
1557.125122
1574.920898
1628.307983
1619.410156
1592.716553
1637.205811
1619.410156
1655.001465
1663.899414
1646.103760
1637.205811
1566.022949
1601.614380
1637.205811
1619.410156
1628.307983
1619.410156
1646.103760
1663.899414
1646.103760
1601.614380
1592.716553
1610.512207
1601.614502
1655.001465
1637.205811
1610.512207
1628.307983
1610.512207
1601.614502
1619.410156
1601.614380
1583.818726
1610.512207
1610.512207
1610.512207
1574.920898
1619.410156
1557.125122
1592.716553
1583.818604
1610.512207
1548.227295
1637.205811
1592.716553
1726.184326
1637.205811
1592.716553
1681.695068
1548.227295
1655.001465
1646.103760
1663.899414
1655.001465
1681.695068
1592.716553
1672.797363
1566.022949
1637.205811
1566.022949
1610.512207
1557.125122
1663.899414
1548.227295
1610.512207
1592.716553
1619.410156
1592.716553
1646.103760
1637.205811
1610.512207
1566.022949
1628.307983
1637.205811
1646.103760
1592.716553
1610.512207
1637.205811
1583.818726
1628.307983
1610.512207
1566.022949
1601.614502
1601.614380
1646.103760
1583.818726
1619.410156
1637.205811
1566.022949
1663.899414
1637.205811
1610.512207
1699.490845
1530.431519
1681.695068
1628.307983
1655.001465
1619.410156
1619.410156
1601.614502
1610.512207
1663.899414
1548.227295
1619.410156
1566.022949
1646.103760
1610.512207
1592.716553
1628.307983
1592.716553
1601.614380
1619.410156
1610.512207
1619.410156
1566.022949
1583.818604
1583.818726
1601.614502
1619.410156
1583.818604
1592.716553
1548.227295
1601.614502
1592.716553
1539.329346
1592.716553
1566.022949
1592.716553
1610.512207
1592.716553
1610.512207
1574.920898
1619.410156
1557.125122
1663.899414
1592.716553
1592.716553
1690.593018
1566.022949
1619.410156
1663.899414
1574.920898
1566.022949
1619.410156
1592.716553
1628.307983
1566.022949
1566.022949
1601.614502
1592.716553
1574.920898
1574.920898
1601.614380
1619.410156
1566.022949
1619.410156
1637.205811
1583.818604
1646.103760
1530.431519
1539.329346
1539.329346
1610.512207
1592.716553
1619.410156
1583.818726
1592.716553
1619.410156
1566.022949
1592.716553
1557.125122
1583.818604
1601.614380
1557.125122
1637.205811
1592.716553
1601.614502
1610.512207
1619.410156
1619.410156
1574.920898
1583.818604
1610.512207
1557.125122
1610.512207
1592.716553
1574.920898
1583.818726
1592.716553
1548.227295
1610.512207
1548.227295
1592.716553
1557.125122
1574.920898
1574.920898
1610.512207
1557.125122
1592.716553
1548.227295
1566.022949
1583.818726
1574.920898
1539.329346
1539.329346
1539.329346
1574.920898
1557.125122
1530.431641
1637.205811
1477.044434
1566.022949
1672.797363
1539.329346
1566.022949
1681.695068
1601.614502
1610.512207
1646.103760
1539.329346
1574.920898
1566.022949
1619.410156
1557.125122
1619.410156
1583.818726
1557.125122
1592.716553
1574.920898
1619.410156
1583.818726
1592.716553
1530.431519
1592.716553
1494.840088
1619.410156
1521.533691
1566.022949
1557.125122
1566.022949
1574.920898
1512.635742
1592.716553
1503.738037
1592.716553
1566.022949
1583.818604
1530.431519
1539.329346
1548.227295
1503.738037
1530.431641
1557.125122
1521.533691
1601.614502
1494.840088
1530.431519
1619.410156
1441.452881
1592.716553
1583.818726
1503.738037
1592.716553
1548.227295
1548.227295
1566.022949
1557.125122
1574.920898
1601.614380
1530.431641
1574.920898
1530.431641
1566.022949
1530.431641
1566.022949
1539.329346
1548.227295
1548.227295
1548.227295
1548.227295
1566.022949
1503.738037
1548.227295
1539.329346
1566.022949
1512.635864
1557.125122
1583.818726
1512.635742
1610.512207
1530.431519
1521.533691
1583.818604
1512.635864
1512.635864
1539.329346
1521.533691
1557.125122
1503.738037
1521.533691
1566.022949
1539.329346
1530.431519
1566.022949
1494.840088
1574.920898
1583.818726
1485.942261
1610.512207
1592.716553
1485.942261
1548.227295
1628.307983
1494.840088
1521.533691
1619.410156
1512.635864
1574.920898
1521.533691
1539.329346
1548.227295
1539.329346
1539.329346
1539.329346
1485.942261
1566.022949
1503.738037
1548.227295
1539.329346
1503.738037
1557.125122
1477.044434
1512.635864
1530.431641
1539.329346
1512.635742
1539.329346
1512.635864
1503.738037
1503.738037
1494.840088
1477.044434
1512.635864
1539.329346
1512.635742
1557.125122
1557.125122
1583.818726
1566.022949
1557.125122
1521.533691
1521.533691
1539.329346
1539.329346
1450.350830
1610.512207
1530.431519
1521.533691
1566.022949
1530.431641
1557.125122
1539.329346
1539.329346
1512.635742
1459.248657
1601.614380
1485.942261
1548.227295
1512.635864
1557.125122
1494.840088
1539.329346
1512.635864
1521.533691
1494.840088
1530.431641
1521.533691
1503.738037
1512.635742
1539.329346
1512.635742
1530.431641
1503.738037
1503.738037
1503.738037
1477.044434
1485.942261
1512.635742
1485.942261
1521.533691
1503.738037
1494.840088
1566.022949
1468.146484
1548.227295
1477.044434
1521.533691
1512.635864
1539.329346
1530.431641
1521.533691
1503.738037
1512.635742
1557.125122
1477.044434
1521.533691
1548.227295
1468.146484
1521.533691
1521.533691
1459.248657
1477.044434
1566.022949
1477.044434
1503.738037
1521.533691
1512.635742
1530.431519
1521.533691
1503.738037
1521.533691
1485.942261
1485.942261
1539.329346
1485.942261
1459.248657
1512.635864
1485.942261
1485.942261
1494.840088
1494.840088
1494.840088
1485.942261
1512.635864
1459.248779
1459.248657
1530.431641
1485.942261
1512.635742
1539.329346
1503.738037
1539.329346
1485.942261
1548.227295
1503.738037
1512.635742
1494.840088
1494.840088
1521.533691
1485.942261
1530.431519
1503.738037
1521.533691
1503.738037
1477.044434
1468.146484
1539.329346
1405.861572
1539.329346
1494.840088
1494.840088
1494.840088
1530.431519
1485.942261
1512.635742
1477.044434
1548.227295
1414.759399
1574.920898
1423.657227
1512.635864
1521.533691
1450.350830
1530.431641
1450.350830
1477.044434
1485.942261
1459.248657
1503.738037
1503.738037
1477.044434
1485.942261
1494.840088
1530.431641
1494.840088
1521.533691
1539.329346
1494.840088
1539.329346
1557.125122
1521.533691
1521.533691
1441.452881
1557.125122
1468.146484
1485.942261
1539.329346
1477.044434
1512.635864
1539.329346
1521.533691
1477.044434
1530.431641
1450.350830
1468.146484
1477.044434
1468.146484
1485.942261
1494.840088
1512.635864
1494.840088
1485.942261
1494.840088
1477.044434
1477.044434
1485.942261
1459.248657
1521.533691
1423.657227
1512.635864
1432.555176
1503.738037
1441.453003
1485.942261
1477.044434
1468.146484
1477.044434
1468.146484
1485.942261
1503.738037
1530.431641
1485.942261
1503.738037
1468.146484
1566.022949
1405.861572
1548.227295
1530.431519
1441.452881
1592.716553
1459.248779
1521.533691
1494.840088
1485.942261
1521.533691
1459.248657
1494.840088
1477.044434
1494.840088
1494.840088
1459.248779
1477.044434
1494.840088
1450.350830
1503.738037
1450.350830
1557.125122
1468.146484
1494.840088
1557.125122
1477.044434
1477.044434
1494.840088
1485.942261
1503.738037
1494.840088
1450.350830
1477.044434
1450.350830
1503.738037
1494.840088
1468.146484
1521.533691
1477.044434
1521.533691
1485.942261
1459.248779
1539.329346
1503.738037
1521.533691
1539.329346
1468.146484
1548.227295
1539.329346
1441.453003
1548.227295
1459.248779
1512.635864
1521.533691
1485.942261
1477.044434
1521.533691
1432.555176
1548.227295
1494.840088
1494.840088
1494.840088
1459.248779
1477.044434
1468.146484
1468.146484
1485.942261
1459.248657
1503.738037
1485.942261
1459.248779
1494.840088
1441.453003
1468.146484
1468.146484
1468.146484
1459.248779
1477.044434
1450.350830
1414.759399
1503.738037
1459.248657
1503.738037
1512.635742
1485.942261
1521.533691
1512.635742
1494.840088
1459.248657
1512.635742
1494.840088
1521.533691
1557.125122
1459.248779
1468.146484
1574.920898
1485.942261
1441.453003
1530.431641
1477.044434
1521.533691
1503.738037
1450.350830
1477.044434
1477.044434
1530.431641
1468.146484
1521.533691
1521.533691
1494.840088
1468.146484
1477.044434
1494.840088
1468.146484
1441.453003
1503.738037
1503.738037
1512.635742
1494.840088
1468.146484
1503.738037
1450.350830
1477.044434
1441.452881
1477.044434
1477.044434
1441.452881
1494.840088
1423.657227
1512.635864
1459.248779
1485.942261
1548.227295
1468.146484
1503.738037
1459.248657
1530.431519
1477.044434
1477.044434
1539.329346
1316.883057
1485.942261
1379.167969
1432.555176
1450.350830
1459.248779
1432.555176
1450.350830
1396.963623
1414.759399
1405.861572
1405.861572
1379.167969
1370.270142
1405.861572
1396.963623
1370.270142
1334.678711
1343.576538
1316.882935
1325.780762
1307.985107
1334.678711
1316.883057
1343.576538
1334.678711
1370.270142
1361.372314
1352.474365
1334.678711
1325.780762
1316.882935
1343.576538
1325.780762
1316.882935
1316.882935
1307.985107
1334.678711
1316.882935
1307.985107
1334.678711
1316.883057
1290.189453
1299.087280
1254.597900
1236.802246
1254.597900
1263.495850
1299.087280
1316.883057
1263.495850
1299.087280
1272.393677
1299.087158
1307.985107
1272.393677
1254.597900
1236.802246
1263.495850
1236.802246
1227.904419
1245.700195
1219.006592
1219.006592
1165.619385
1165.619385
1165.619385
1156.721436
1201.210815
1227.904419
1210.108643
1192.312988
1174.517212
1210.108643
1165.619385
1201.210815
1174.517212
1201.210815
1192.312988
1165.619385
1192.312988
1165.619385
1147.823730
1174.517334
1147.823730
1147.823730
1156.721436
1147.823730
1138.925781
1121.130127
1130.027954
1094.436523
1094.436523
1094.436523
1023.253662
1032.151489
1067.742920
1049.947266
1112.232178
1156.721436
1138.925781
1138.925781
1165.619385
1147.823730
1138.925781
1147.823730
1130.027954
1165.619385
1130.027954
1147.823730
1130.027954
1112.232178
1121.130127
1121.130127
1130.027954
1130.027954
1121.130127
1103.334351
1130.027954
1067.742920
1067.742920
1049.947266
1058.845093
1032.151489
1023.253662
1014.355835
1014.355835
1049.947266
1032.151489
1103.334473
1049.947266
1085.538696
1076.640869
1076.640869
1041.049316
1058.845093
1058.845093
1058.845093
1032.151489
1058.845093
1067.742920
1041.049316
1032.151489
1032.151489
1014.355774
1023.253662
1032.151489
996.560059
1049.947266
1014.355774
1005.457886
1032.151489
978.764343
969.866455
1005.457886
960.968628
969.866455
1023.253662
987.662231
1049.947266
987.662231
1014.355774
1032.151489
1023.253662
1014.355774
1032.151489
1058.845093
1023.253662
1023.253662
1023.253662
1032.151489
1023.253662
1014.355774
1014.355774
1005.457886
1014.355835
1005.457886
987.662231
1032.151489
996.560059
987.662231
978.764343
1023.253662
987.662231
1032.151489
943.172913
952.070801
978.764343
960.968628
934.275024
952.070801
960.968628
960.968628
978.764343
978.764343
969.866455
987.662231
987.662231
969.866455
1005.457886
969.866455
978.764343
969.866455
996.560059
960.968628
960.968628
969.866455
934.275024
969.866455
952.070801
934.275024
978.764343
960.968628
943.172913
925.377197
952.070801
978.764343
934.275024
969.866455
978.764343
952.070801
952.070801
943.172913
960.968628
898.683594
934.275024
1023.253662
952.070801
880.887939
969.866455
1032.151489
934.275024
889.785767
1005.457886
943.172913
871.990051
1049.947266
952.070801
934.275024
969.866455
960.968628
907.581482
969.866455
1005.457886
925.377197
907.581482
987.662231
925.377197
943.172913
925.377197
960.968628
916.479370
960.968628
898.683594
925.377197
952.070801
960.968628
987.662231
934.275024
952.070801
952.070801
934.275024
978.764343
889.785767
943.172913
969.866455
889.785767
960.968628
987.662231
907.581482
916.479370
925.377197
952.070801
960.968628
916.479370
934.275024
925.377197
925.377197
907.581482
934.275024
898.683594
916.479370
916.479370
916.479370
889.785767
898.683594
880.887939
916.479370
898.683594
907.581482
898.683594
889.785767
978.764343
925.377197
898.683594
925.377197
907.581482
916.479370
898.683594
934.275024
907.581482
960.968628
863.092163
978.764343
934.275024
889.785767
978.764343
1032.151489
818.602905
978.764343
845.296509
996.560059
960.968628
836.398621
996.560059
889.785767
871.990051
1041.049316
818.602905
960.968628
934.275024
943.172913
880.887939
898.683594
925.377197
889.785767
943.172913
889.785767
916.479370
898.683594
943.172913
978.764343
925.377197
943.172913
934.275024
925.377197
925.377197
916.479370
925.377197
916.479370
916.479370
934.275024
934.275024
916.479370
925.377197
898.683594
925.377197
907.581482
880.887939
898.683594
907.581482
898.683594
916.479370
916.479370
916.479370
880.887939
916.479370
898.683594
889.785767
907.581482
907.581482
898.683594
871.990051
934.275024
871.990051
925.377197
925.377197
863.092163
907.581482
889.785767
880.887939
934.275024
898.683594
907.581482
889.785767
943.172913
925.377197
898.683594
925.377197
898.683594
943.172913
907.581482
943.172913
898.683594
943.172913
889.785767
943.172913
934.275024
898.683594
925.377197
889.785767
952.070801
916.479370
943.172913
880.887939
916.479370
925.377197
907.581482
907.581482
871.990051
925.377197
898.683594
934.275024
889.785767
952.070801
907.581482
916.479370
987.662231
934.275024
907.581482
934.275024
934.275024
943.172913
934.275024
907.581482
943.172913
916.479370
916.479370
925.377197
925.377197
925.377197
952.070801
907.581482
907.581482
925.377197
889.785767
916.479370
898.683594
898.683594
907.581482
934.275024
889.785767
934.275024
916.479370
907.581482
889.785767
898.683594
916.479370
898.683594
889.785767
925.377197
898.683594
934.275024
898.683594
907.581482
907.581482
889.785767
925.377197
934.275024
898.683594
943.172913
889.785767
943.172913
943.172913
925.377197
952.070801
863.092163
960.968628
907.581482
952.070801
943.172913
960.968628
907.581482
943.172913
916.479370
925.377197
916.479370
925.377197
916.479370
943.172913
907.581482
952.070801
898.683594
925.377197
943.172913
925.377197
934.275024
943.172913
943.172913
960.968628
943.172913
987.662231
934.275024
925.377197
943.172913
934.275024
943.172913
943.172913
916.479370
943.172913
952.070801
925.377197
943.172913
925.377197
952.070801
925.377197
934.275024
943.172913
898.683594
960.968628
916.479370
934.275024
916.479370
925.377197
960.968628
907.581482
960.968628
916.479370
934.275024
969.866455
907.581482
960.968628
916.479370
925.377197
934.275024
934.275024
934.275024
907.581482
934.275024
907.581482
934.275024
952.070801
925.377197
934.275024
916.479370
969.866455
960.968628
943.172913
960.968628
934.275024
952.070801
969.866455
952.070801
978.764343
907.581482
987.662231
934.275024
943.172913
934.275024
934.275024
916.479370
934.275024
952.070801
952.070801
916.479370
952.070801
934.275024
943.172913
952.070801
943.172913
987.662231
978.764343
978.764343
1014.355774
987.662231
960.968628
952.070801
943.172913
943.172913
943.172913
996.560059
925.377197
969.866455
943.172913
969.866455
960.968628
960.968628
925.377197
952.070801
960.968628
960.968628
943.172913
969.866455
907.581482
978.764343
969.866455
934.275024
969.866455
925.377197
925.377197
960.968628
969.866455
969.866455
952.070801
960.968628
934.275024
925.377197
960.968628
934.275024
925.377197
960.968628
907.581482
978.764343
969.866455
943.172913
987.662231
952.070801
978.764343
952.070801
969.866455
978.764343
934.275024
996.560059
969.866455
978.764343
978.764343
943.172913
934.275024
969.866455
987.662231
925.377197
996.560059
898.683594
960.968628
943.172913
934.275024
952.070801
925.377197
943.172913
952.070801
934.275024
952.070801
943.172913
969.866455
960.968628
978.764343
934.275024
978.764343
952.070801
969.866455
969.866455
987.662231
934.275024
960.968628
969.866455
960.968628
978.764343
978.764343
943.172913
960.968628
960.968628
925.377197
969.866455
987.662231
978.764343
960.968628
987.662231
960.968628
987.662231
952.070801
943.172913
960.968628
969.866455
978.764343
943.172913
969.866455
978.764343
969.866455
952.070801
952.070801
969.866455
960.968628
907.581482
996.560059
952.070801
969.866455
996.560059
952.070801
952.070801
987.662231
943.172913
1005.457886
960.968628
1005.457886
978.764343
987.662231
978.764343
943.172913
978.764343
969.866455
996.560059
952.070801
1005.457886
925.377197
978.764343
969.866455
960.968628
934.275024
952.070801
943.172913
934.275024
943.172913
952.070801
969.866455
978.764343
960.968628
978.764343
969.866455
952.070801
952.070801
960.968628
943.172913
960.968628
969.866455
960.968628
952.070801
969.866455
960.968628
978.764343
943.172913
978.764343
960.968628
960.968628
960.968628
960.968628
978.764343
952.070801
1023.253662
952.070801
1005.457886
978.764343
996.560059
960.968628
960.968628
952.070801
978.764343
952.070801
978.764343
969.866455
978.764343
952.070801
960.968628
969.866455
987.662231
960.968628
996.560059
952.070801
969.866455
987.662231
987.662231
996.560059
996.560059
987.662231
1005.457886
978.764343
1005.457886
996.560059
996.560059
1005.457886
978.764343
1014.355774
907.581482
1023.253662
952.070801
996.560059
996.560059
943.172913
996.560059
952.070801
969.866455
952.070801
960.968628
969.866455
960.968628
996.560059
1005.457886
996.560059
987.662231
1005.457886
960.968628
969.866455
996.560059
960.968628
978.764343
978.764343
969.866455
996.560059
969.866455
996.560059
996.560059
960.968628
969.866455
960.968628
969.866455
978.764343
978.764343
1005.457886
943.172913
987.662231
1014.355774
969.866455
996.560059
1005.457886
978.764343
1014.355774
978.764343
952.070801
925.377197
987.662231
978.764343
987.662231
960.968628
969.866455
952.070801
1005.457886
978.764343
987.662231
952.070801
987.662231
987.662231
987.662231
987.662231
969.866455
1014.355835
1023.253662
987.662231
1005.457886
978.764343
996.560059
987.662231
1032.151489
996.560059
1005.457886
943.172913
978.764343
960.968628
1005.457886
952.070801
996.560059
960.968628
952.070801
969.866455
943.172913
960.968628
969.866455
996.560059
1023.253662
996.560059
1032.151489
987.662231
969.866455
969.866455
969.866455
987.662231
952.070801
969.866455
987.662231
969.866455
987.662231
960.968628
969.866455
952.070801
960.968628
969.866455
978.764343
960.968628
969.866455
996.560059
960.968628
952.070801
960.968628
978.764343
978.764343
1014.355774
1014.355774
996.560059
987.662231
943.172913
952.070801
978.764343
960.968628
969.866455
978.764343
960.968628
996.560059
969.866455
978.764343
987.662231
987.662231
969.866455
1005.457886
987.662231
987.662231
978.764343
1032.151489
987.662231
1005.457886
996.560059
987.662231
987.662231
978.764343
1014.355774
1014.355774
996.560059
996.560059
987.662231
969.866455
987.662231
960.968628
987.662231
960.968628
978.764343
987.662231
978.764343
987.662231
952.070801
996.560059
987.662231
1005.457886
1014.355774
1014.355774
987.662231
987.662231
969.866455
987.662231
978.764343
996.560059
978.764343
987.662231
996.560059
987.662231
996.560059
996.560059
960.968628
987.662231
960.968628
996.560059
996.560059
978.764343
1005.457886
943.172913
978.764343
978.764343
987.662231
978.764343
996.560059
987.662231
996.560059
978.764343
987.662231
978.764343
943.172913
969.866455
1005.457886
987.662231
1005.457886
1005.457886
969.866455
1023.253662
943.172913
1041.049316
969.866455
987.662231
996.560059
1032.151489
978.764343
1041.049316
943.172913
1023.253662
978.764343
996.560059
1058.845093
952.070801
1049.947266
943.172913
960.968628
1005.457886
960.968628
1014.355774
978.764343
1014.355835
1023.253662
987.662231
1032.151489
969.866455
1049.947266
1005.457947
1014.355774
1076.640747
960.968628
1014.355774
1041.049316
934.275024
1049.947266
925.377197
1023.253662
969.866455
952.070801
996.560059
978.764343
969.866455
978.764343
1005.457886
996.560059
952.070801
978.764343
987.662231
978.764343
0.000000
0.000000
0.000000
0.000000
0.000000
0.000000
0.000000
0.000000
0.000000
0.000000
0.000000
0.000000
0.000000
0.000000
0.000000
0.000000
0.000000
0.000000
0.000000
0.000000
0.000000
0.000000
0.000000
0.000000
0.000000
0.000000
0.000000
0.000000
0.000000
0.000000
0.000000
0.000000
0.000000
0.000000
0.000000
0.000000
0.000000
0.000000
0.000000
0.000000
0.000000
0.000000
0.000000
0.000000
0.000000
0.000000
0.000000
0.000000
0.000000
0.000000
0.000000
0.000000
0.000000
0.000000
0.000000
0.000000
0.000000
0.000000
0.000000
0.000000
0.000000
0.000000
0.000000
0.000000
0.000000
0.000000
0.000000
0.000000
0.000000
0.000000
0.000000
0.000000
0.000000
0.000000
0.000000
0.000000
0.000000
0.000000
0.000000
0.000000
0.000000
0.000000
0.000000
0.000000
0.000000
0.000000
0.000000
0.000000
0.000000
0.000000
0.000000
0.000000
0.000000
0.000000
0.000000
0.000000
0.000000
0.000000
0.000000
0.000000
0.000000
0.000000
0.000000
0.000000
0.000000
0.000000
0.000000
0.000000
0.000000
0.000000
0.000000
0.000000
0.000000
0.000000
0.000000
0.000000
0.000000
0.000000
0.000000
0.000000
0.000000
0.000000
0.000000
0.000000
0.000000
0.000000
0.000000
0.000000
0.000000
0.000000
0.000000
0.000000
0.000000
0.000000
0.000000
0.000000
0.000000
0.000000
0.000000
0.000000
0.000000
0.000000
0.000000
0.000000
0.000000
0.000000
0.000000
0.000000
0.000000
0.000000
0.000000
0.000000
0.000000
0.000000
0.000000
0.000000
0.000000
0.000000
0.000000
0.000000
0.000000
0.000000
0.000000
0.000000
0.000000
0.000000
0.000000
0.000000
0.000000
0.000000
0.000000
0.000000
0.000000
0.000000
0.000000
0.000000
0.000000
0.000000
0.000000
0.000000
0.000000
0.000000
0.000000
0.000000
0.000000
0.000000
0.000000
0.000000
0.000000
0.000000
0.000000
0.000000
0.000000
0.000000
0.000000
0.000000
0.000000
0.000000
0.000000
0.000000
0.000000
0.000000
0.000000
0.000000
0.000000
0.000000
0.000000
0.000000
0.000000
0.000000
0.000000
0.000000
0.000000
0.000000
0.000000
0.000000
0.000000
0.000000
0.000000
0.000000
0.000000
0.000000
0.000000
0.000000
0.000000
0.000000
0.000000
0.000000
0.000000
0.000000
0.000000
0.000000
0.000000
0.000000
0.000000
0.000000
0.000000
0.000000
0.000000
0.000000
0.000000
0.000000
0.000000
0.000000
0.000000
0.000000
0.000000
0.000000
0.000000
0.000000
0.000000
0.000000
0.000000
0.000000
0.000000
0.000000
0.000000
0.000000
0.000000
0.000000
0.000000
0.000000
0.000000
0.000000
0.000000
0.000000
0.000000
0.000000
0.000000
0.000000
0.000000
0.000000
0.000000
0.000000
0.000000
0.000000
0.000000
0.000000
0.000000
0.000000
0.000000
0.000000
0.000000
0.000000
0.000000
0.000000
0.000000
0.000000
0.000000
0.000000
0.000000
0.000000
0.000000
0.000000
0.000000
0.000000
0.000000
0.000000
0.000000
0.000000
0.000000
0.000000
0.000000
0.000000
0.000000
0.000000
0.000000
0.000000
0.000000
0.000000
0.000000
0.000000
0.000000
0.000000
0.000000
0.000000
0.000000
0.000000
0.000000
0.000000
0.000000
0.000000
0.000000
0.000000
0.000000
0.000000
0.000000
0.000000
0.000000
0.000000
0.000000
0.000000
0.000000
0.000000
0.000000
0.000000
0.000000
0.000000
0.000000
0.000000
0.000000
0.000000
0.000000
0.000000
0.000000
0.000000
0.000000
0.000000
0.000000
0.000000
0.000000
0.000000
0.000000
0.000000
0.000000
0.000000
0.000000
0.000000
0.000000
0.000000
0.000000
0.000000
0.000000
0.000000
0.000000
0.000000
0.000000
0.000000
0.000000
0.000000
0.000000
0.000000
0.000000
0.000000
0.000000
0.000000
0.000000
0.000000
0.000000
0.000000
0.000000
0.000000
0.000000
0.000000
0.000000
0.000000
0.000000
0.000000
0.000000
0.000000
0.000000
0.000000
0.000000
0.000000
0.000000
0.000000
0.000000
0.000000
0.000000
0.000000
0.000000
0.000000
0.000000
0.000000
0.000000
0.000000
0.000000
0.000000
0.000000
0.000000
0.000000
0.000000
0.000000
0.000000
0.000000
0.000000
0.000000
0.000000
0.000000
0.000000
0.000000
0.000000
0.000000
0.000000
0.000000
0.000000
0.000000
0.000000
0.000000
0.000000
0.000000
0.000000
0.000000
0.000000
0.000000
0.000000
0.000000
0.000000
0.000000
0.000000
0.000000
0.000000
0.000000
0.000000
0.000000
0.000000
0.000000
0.000000
0.000000
0.000000
0.000000
0.000000
0.000000
0.000000
0.000000
0.000000
0.000000
0.000000
0.000000
0.000000
0.000000
0.000000
0.000000
0.000000
0.000000
0.000000
0.000000
0.000000
0.000000
0.000000
0.000000
0.000000
0.000000
0.000000
0.000000
0.000000
0.000000
0.000000
0.000000
0.000000
0.000000
0.000000
0.000000
0.000000
0.000000
0.000000
0.000000
0.000000
0.000000
0.000000
0.000000
0.000000
0.000000
0.000000
0.000000
0.000000
0.000000
0.000000
0.000000
0.000000
0.000000
0.000000
0.000000
0.000000
0.000000
0.000000
0.000000
0.000000
0.000000
0.000000
0.000000
0.000000
0.000000
0.000000
0.000000
0.000000
0.000000
0.000000
0.000000
0.000000
0.000000
0.000000
0.000000
0.000000
0.000000
0.000000
0.000000
0.000000
0.000000
0.000000
0.000000
0.000000
0.000000
0.000000
0.000000
0.000000
0.000000
0.000000
0.000000
0.000000
0.000000
0.000000
0.000000
0.000000
0.000000
0.000000
0.000000
0.000000
0.000000
0.000000
0.000000
0.000000
0.000000
0.000000
0.000000
0.000000
0.000000
0.000000
0.000000
0.000000
0.000000
0.000000
0.000000
0.000000
0.000000
0.000000
0.000000
0.000000
0.000000
0.000000
0.000000
0.000000
0.000000
0.000000
0.000000
0.000000
0.000000
0.000000
0.000000
0.000000
0.000000
0.000000
0.000000
0.000000
0.000000
0.000000
0.000000
0.000000
0.000000
0.000000
0.000000
0.000000
0.000000
0.000000
0.000000
0.000000
0.000000
0.000000
0.000000
0.000000
0.000000
0.000000
0.000000
0.000000
0.000000
0.000000
0.000000
0.000000
0.000000
0.000000
0.000000
0.000000
0.000000
0.000000
0.000000
0.000000
0.000000
0.000000
0.000000
0.000000
0.000000
0.000000
0.000000
0.000000
0.000000
0.000000
0.000000
0.000000
0.000000
0.000000
0.000000
0.000000
0.000000
0.000000
0.000000
0.000000
0.000000
0.000000
0.000000
0.000000
0.000000
0.000000
0.000000
0.000000
0.000000
0.000000
0.000000
0.000000
0.000000
0.000000
0.000000
0.000000
0.000000
0.000000
0.000000
0.000000
0.000000
0.000000
0.000000
0.000000
0.000000
0.000000
0.000000
0.000000
0.000000
0.000000
0.000000
0.000000
0.000000
0.000000
0.000000
0.000000
0.000000
0.000000
0.000000
0.000000
0.000000
0.000000
0.000000
0.000000
0.000000
0.000000
0.000000
0.000000
0.000000
0.000000
0.000000
0.000000
0.000000
0.000000
0.000000
0.000000
0.000000
0.000000
0.000000
0.000000
0.000000
0.000000
0.000000
0.000000
0.000000
0.000000
0.000000
0.000000
0.000000
0.000000
0.000000
0.000000
0.000000
0.000000
0.000000
0.000000
0.000000
0.000000
0.000000
0.000000
0.000000
0.000000
0.000000
0.000000
0.000000
0.000000
0.000000
0.000000
0.000000
0.000000
0.000000
0.000000
0.000000
0.000000
0.000000
0.000000
0.000000
0.000000
0.000000
0.000000
0.000000
0.000000
0.000000
0.000000
0.000000
0.000000
0.000000
0.000000
0.000000
0.000000
0.000000
0.000000
0.000000
0.000000
0.000000
0.000000
0.000000
0.000000
0.000000
0.000000
0.000000
0.000000
0.000000
0.000000
0.000000
0.000000
0.000000
0.000000
0.000000
0.000000
0.000000
0.000000
0.000000
0.000000
0.000000
0.000000
0.000000
0.000000
0.000000
0.000000
0.000000
0.000000
0.000000
0.000000
0.000000
0.000000
0.000000
0.000000
0.000000
0.000000
0.000000
0.000000
0.000000
0.000000
0.000000
0.000000
0.000000
0.000000
0.000000
0.000000
0.000000
0.000000
0.000000
0.000000
0.000000
0.000000
0.000000
0.000000
0.000000
0.000000
0.000000
0.000000
0.000000
0.000000
0.000000
0.000000
0.000000
0.000000
0.000000
0.000000
0.000000
0.000000
0.000000
0.000000
0.000000
0.000000
0.000000
0.000000
0.000000
0.000000
0.000000
0.000000
0.000000
0.000000
0.000000
0.000000
0.000000
0.000000
0.000000
0.000000
0.000000
0.000000
0.000000
0.000000
0.000000
0.000000
0.000000
0.000000
0.000000
0.000000
0.000000
0.000000
0.000000
0.000000
0.000000
0.000000
0.000000
0.000000
0.000000
0.000000
0.000000
0.000000
0.000000
0.000000
0.000000
0.000000
0.000000
0.000000
0.000000
0.000000
0.000000
0.000000
0.000000
0.000000
0.000000
0.000000
0.000000
0.000000
0.000000
0.000000
0.000000
0.000000
0.000000
0.000000
0.000000
0.000000
0.000000
0.000000
0.000000
0.000000
0.000000
0.000000
0.000000
0.000000
0.000000
0.000000
0.000000
0.000000
0.000000
0.000000
0.000000
0.000000
0.000000
0.000000
0.000000
0.000000
0.000000
0.000000
0.000000
0.000000
0.000000
0.000000
0.000000
0.000000
0.000000
0.000000
0.000000
0.000000
0.000000
0.000000
0.000000
0.000000
0.000000
0.000000
0.000000
0.000000
0.000000
0.000000
0.000000
0.000000
0.000000
0.000000
0.000000
0.000000
0.000000
0.000000
0.000000
0.000000
0.000000
0.000000
0.000000
0.000000
0.000000
0.000000
0.000000
0.000000
0.000000
0.000000
0.000000
0.000000
0.000000
0.000000
0.000000
0.000000
0.000000
0.000000
0.000000
0.000000
0.000000
0.000000
0.000000
0.000000
0.000000
0.000000
0.000000
0.000000
0.000000
0.000000
0.000000
0.000000
0.000000
0.000000
0.000000
0.000000
0.000000
0.000000
0.000000
0.000000
0.000000
0.000000
0.000000
0.000000
0.000000
0.000000
0.000000
0.000000
0.000000
0.000000
0.000000
0.000000
0.000000
0.000000
0.000000
0.000000
0.000000
0.000000
0.000000
0.000000
0.000000
0.000000
0.000000
0.000000
0.000000
0.000000
0.000000
0.000000
0.000000
0.000000
0.000000
0.000000
0.000000
0.000000
0.000000
0.000000
0.000000
0.000000
0.000000
0.000000
0.000000
0.000000
0.000000
0.000000
0.000000
0.000000
0.000000
0.000000
0.000000
0.000000
0.000000
0.000000
0.000000
0.000000
0.000000
0.000000
0.000000
0.000000
0.000000
0.000000
0.000000
0.000000
0.000000
0.000000
0.000000
0.000000
0.000000
0.000000
0.000000
0.000000
0.000000
0.000000
0.000000
0.000000
0.000000
0.000000
0.000000
0.000000
0.000000
0.000000
0.000000
0.000000
0.000000
0.000000
0.000000
0.000000
0.000000
0.000000
0.000000
0.000000
0.000000
0.000000
0.000000
0.000000
0.000000
0.000000
0.000000
0.000000
0.000000
0.000000
0.000000
0.000000
0.000000
0.000000
0.000000
0.000000
0.000000
0.000000
0.000000
0.000000
0.000000
0.000000
0.000000
0.000000
0.000000
0.000000
0.000000
0.000000
0.000000
0.000000
0.000000
0.000000
0.000000
0.000000
0.000000
0.000000
0.000000
