3440.099365
1725.086426
5000.000000
2824.933105
5000.000000
5000.000000
2397.177246
5000.000000
5000.000000
2652.088135
1853.250610
5000.000000
5000.000000
3647.032227
5000.000000
2761.256592
3913.036865
5000.000000
5000.000000
3180.699707
5000.000000
4281.027832
5000.000000
5000.000000
3047.268311
3559.626953
5000.000000
5000.000000
5000.000000
3959.860107
5000.000000
4602.516602
3471.898438
5000.000000
5000.000000
2657.404785
4344.194824
5000.000000
5000.000000
5000.000000
5000.000000
2680.685303
4700.812988
4597.312500
5000.000000
1525.346802
2288.242920
5000.000000
1671.304321
1168.410645
2426.659180
5000.000000
1226.727417
1077.475342
5000.000000
4933.979492
2343.311035
5000.000000
5000.000000
4965.788086
5000.000000
5000.000000
5000.000000
5000.000000
3425.447998
4364.151855
5000.000000
3564.660645
3034.706787
5000.000000
5000.000000
5000.000000
1842.209961
1588.060791
922.975281
449.783997
125.687035
184.930435
145.162369
133.482834
138.345001
96.797379
96.500877
108.744553
92.412445
87.876686
112.962692
93.502350
148.074448
254.181320
739.348877
842.046448
290.080505
157.601028
149.593109
116.828575
123.968735
116.045547
115.921402
112.997383
125.994469
113.728683
113.317894
104.906631
110.858833
101.921463
105.450729
108.336090
119.211235
93.621506
96.812187
99.440498
105.179871
89.344414
87.607521
89.742744
81.992020
88.629532
83.924919
99.273407
88.732033
98.630730
118.056374
144.114105
185.469437
220.696075
278.648529
331.710693
359.029694
407.546021
476.477783
474.794128
556.766663
734.238403
1035.512939
1080.443115
924.854858
818.193970
958.432800
1360.909424
1556.833984
1063.961792
911.007080
1416.834351
4576.046875
4162.792969
1839.389526
3435.104980
3636.962891
1398.281372
2062.274170
5000.000000
3597.254639
5000.000000
5000.000000
5000.000000
5000.000000
5000.000000
4871.869141
5000.000000
2170.438232
1549.076050
1655.501709
5000.000000
5000.000000
5000.000000
5000.000000
1518.151367
709.770142
475.982574
401.326477
318.543945
283.438599
234.838821
249.817093
221.627914
201.204529
188.495468
171.371094
146.873779
122.232330
142.081985
135.949829
135.950775
147.127121
144.213379
154.748306
150.195770
146.243896
146.145340
148.741562
130.797577
122.127754
130.118011
114.686005
132.406509
145.015945
198.578827
195.858673
167.013855
163.157837
200.552872
301.551910
507.802948
884.280334
870.861816
913.164429
1075.069092
942.852600
943.975769
1245.107910
2285.949219
5000.000000
2192.894043
5000.000000
1930.467773
1110.573975
1314.184814
1562.700073
1837.548950
5000.000000
5000.000000
1639.757812
638.803406
355.774323
295.100006
202.202164
110.624405
115.782227
129.085678
156.435654
111.877937
135.563461
93.653275
87.572380
96.733696
90.436661
90.268417
79.091873
89.878128
94.642990
100.201912
81.891823
88.287407
96.109085
81.240677
89.722382
83.546860
92.144264
145.379517
132.316727
245.811752
1376.718750
521.057556
235.007263
145.543945
162.613541
111.433327
109.379440
125.126831
134.296341
128.239380
114.469200
113.867645
115.801186
106.732483
110.811554
107.474983
113.943176
109.919922
96.146744
100.250542
116.014198
88.613770
84.388954
91.342247
85.856346
83.208099
83.941559
99.890663
93.669395
90.594734
108.369286
142.699661
178.996689
238.839325
426.790314
1058.996582
5000.000000
764.370300
333.880951
224.260254
173.615112
135.737427
109.962296
106.607796
105.339058
107.288216
121.048393
111.794647
109.620087
114.352890
93.181778
92.378464
86.693291
77.643272
76.569969
84.080414
69.884682
62.023327
73.200409
111.786797
146.890839
193.526291
431.800262
2359.737305
532.314697
330.346436
219.275101
209.079041
173.333694
171.242645
208.907867
178.172989
203.941452
222.845398
188.369949
195.059189
200.402237
187.650055
170.077682
173.225235
161.802475
143.110474
145.808365
149.130264
166.249741
149.435013
149.151520
151.110367
169.960617
144.154694
146.346558
124.783096
131.960510
141.610306
142.432922
176.442825
163.779587
184.302536
195.906876
186.357376
166.367249
146.836517
136.791809
137.865311
129.373398
153.353333
152.309082
155.025894
149.980698
146.314072
144.222076
147.756332
154.903488
155.831635
204.407440
250.135925
353.311615
402.416595
337.636383
300.525299
320.945374
359.182281
380.401825
444.579681
947.705994
2061.037354
1293.763184
977.421692
1341.531616
2157.039307
1531.036255
1006.724915
777.118286
2387.006592
5000.000000
5000.000000
5000.000000
5000.000000
5000.000000
5000.000000
1890.571533
1434.125854
1670.531616
5000.000000
5000.000000
5000.000000
4661.626953
2789.969971
5000.000000
2288.773682
1584.727783
2839.281006
5000.000000
5000.000000
5000.000000
4300.437500
5000.000000
2960.132568
3137.364990
2776.112549
1387.687012
892.840759
494.439575
353.064453
336.517700
335.139313
347.828552
342.014435
351.950226
350.785706
319.149780
301.770996
343.273102
379.694641
679.856873
1144.988892
2183.867432
2835.585205
1612.513428
2047.642822
1544.349976
472.548615
411.520966
396.207001
303.501007
241.622498
218.099564
212.022171
206.156250
269.735168
449.789185
664.426697
986.606201
1482.933350
5000.000000
1385.356689
779.375366
527.654114
418.494629
378.210510
356.256439
235.860199
220.246964
214.013901
215.848267
259.991241
244.288467
224.137390
190.354095
182.959839
182.984146
172.776764
173.364807
189.973770
244.463791
299.386322
292.724640
250.829178
212.844589
244.829178
398.165344
717.129883
977.376892
5000.000000
909.793762
704.615479
568.527527
436.828430
426.147461
432.355896
343.594269
276.710754
270.282928
255.670609
237.218033
224.593567
194.466476
179.957626
160.512115
195.502274
297.229492
406.073822
1123.290405
2329.562012
5000.000000
1751.374512
890.285400
840.659485
489.877258
333.176636
298.684235
263.820770
242.836288
231.878647
240.427841
249.613220
251.378647
241.424545
231.031906
211.056046
197.667206
196.050934
172.964966
179.677353
185.415741
200.152161
207.842590
224.295013
246.619781
284.854126
360.516205
617.587158
933.615723
2193.632080
2126.056885
889.194275
604.287720
461.176971
463.919861
288.729279
366.435669
333.014679
281.693573
245.980942
251.093033
299.498199
345.987244
220.281464
190.662933
182.819336
224.356644
400.879669
883.752869
2096.581787
4901.436035
1407.246216
862.697815
591.284851
450.353027
331.998322
291.393555
279.623962
269.377655
251.912796
229.421768
200.428391
192.251587
188.609253
184.234665
218.879654
245.816833
247.635590
238.866653
207.463760
175.499039
155.850204
169.728424
208.059189
231.606293
324.763275
719.671265
1134.330200
1321.768188
5000.000000
1554.989624
1426.605225
1246.296875
681.313782
460.639862
391.650818
334.658020
295.081116
254.181030
246.214264
319.888977
569.352417
902.766235
1924.465698
5000.000000
5000.000000
5000.000000
1079.278687
568.438782
391.391022
311.067841
258.725494
320.528046
262.366211
219.037338
269.178131
442.084595
689.898499
825.817810
1611.635376
3940.876953
746.602783
533.002686
546.659363
523.500244
467.004364
356.752502
297.001770
251.516571
240.668549
253.958481
348.571472
531.267212
984.329346
2783.854004
5000.000000
1686.448853
871.227356
659.072449
477.890503
376.121460
318.599426
249.539017
217.843094
190.584534
187.431946
185.317291
222.765549
231.992584
234.156982
234.636551
217.138687
182.903137
187.787460
196.492355
205.006470
227.088440
240.915909
253.843613
265.470276
318.728546
441.906952
673.542542
959.147766
1512.334106
2077.315674
776.127136
700.940857
418.782959
294.766296
298.491516
311.631073
312.883789
313.277496
338.499908
421.687286
455.291595
506.012329
1201.597900
2430.079102
980.312683
1506.804077
1959.174072
1188.622314
650.375549
458.851196
330.013031
249.992035
213.208206
222.673325
267.439178
283.637299
311.851166
374.873016
381.627441
437.738129
727.244507
4295.518066
1608.106201
847.184265
547.343750
510.188019
488.847748
371.333923
304.365326
286.391937
297.801392
281.995605
278.929749
288.349457
338.058777
448.648132
708.830261
1863.050293
5000.000000
4468.127930
1047.780762
596.810242
496.686646
304.950439
225.198761
219.007263
208.934372
249.975632
238.853287
215.849640
162.614639
125.078667
114.287056
107.846352
103.165459
109.765297
132.849121
122.832153
115.790894
113.884125
106.004250
95.096977
81.215637
78.155807
77.168938
80.176323
86.723457
90.367569
95.549522
89.014496
98.755768
104.707596
108.520775
112.413361
137.252472
160.014923
213.944931
334.329437
656.559326
3264.335938
970.767761
451.518585
294.141663
212.434143
155.215454
150.080383
140.940399
131.666794
130.462173
131.095810
138.357574
147.281876
159.708649
224.874023
278.680817
325.476440
543.508179
753.818909
830.906860
935.354919
856.049622
852.694641
934.878235
1281.622803
1533.701050
2603.947998
2105.045410
1492.847046
1906.781372
2904.813721
3617.042236
5000.000000
5000.000000
5000.000000
5000.000000
5000.000000
2863.127686
5000.000000
5000.000000
4558.305664
5000.000000
3104.389404
5000.000000
2630.787354
4545.982422
3191.696777
4546.346191
4432.227539
5000.000000
5000.000000
5000.000000
5000.000000
3219.827393
3271.390137
5000.000000
4178.718262
5000.000000
5000.000000
5000.000000
5000.000000
5000.000000
5000.000000
5000.000000
5000.000000
5000.000000
2680.408691
5000.000000
1159.462280
586.224243
505.729553
325.582245
234.825150
176.422531
143.475159
120.244980
116.798531
104.196938
101.879974
108.903481
120.488441
109.894371
116.944435
149.984833
199.834442
163.604034
195.232025
253.269043
301.449066
356.934082
391.630035
490.351440
463.981873
492.125641
497.731567
715.873535
1143.446777
1405.659668
1272.853882
1575.371948
1184.221924
1881.339722
5000.000000
5000.000000
2873.878662
5000.000000
5000.000000
2587.730957
1279.022217
1381.908203
2367.060303
4195.754395
5000.000000
3635.341553
5000.000000
2644.705811
2852.261719
5000.000000
5000.000000
5000.000000
5000.000000
5000.000000
5000.000000
5000.000000
5000.000000
5000.000000
5000.000000
5000.000000
5000.000000
5000.000000
5000.000000
3057.906006
5000.000000
5000.000000
5000.000000
5000.000000
5000.000000
3934.706543
5000.000000
3109.924072
1101.029419
722.782776
492.085510
352.059387
265.059967
177.742310
165.525223
118.830765
118.047958
105.987175
88.937386
69.420296
66.912857
69.615776
69.038368
82.877907
80.200638
95.105118
115.891182
131.062561
131.635498
128.527664
114.916046
83.569122
87.087402
80.861656
82.687950
159.226807
162.350601
242.018097
714.254883
1006.447083
391.162842
267.798279
211.542435
185.055618
155.194748
148.294342
172.752304
145.651840
140.661942
133.134399
152.051712
143.711853
158.661942
198.079285
248.034134
337.095947
400.648560
507.155945
683.938538
711.625366
624.351501
667.112610
758.458435
723.900513
916.301514
1103.057495
960.625610
996.825378
1731.005127
2293.069580
1605.264282
1690.945312
3523.915771
4049.689697
3015.164795
3660.846924
5000.000000
5000.000000
5000.000000
5000.000000
5000.000000
4440.127930
5000.000000
5000.000000
5000.000000
5000.000000
5000.000000
5000.000000
5000.000000
1654.411865
657.794678
395.919037
229.139648
201.307770
164.324402
139.972794
133.453796
123.736313
130.108704
152.781082
207.366089
430.973877
1743.127319
1637.132935
551.597595
325.566711
248.035889
176.402542
137.688370
115.947678
103.515022
106.032013
110.887657
97.983727
104.527374
102.899872
107.237892
104.723557
105.899605
110.435692
115.652000
122.927872
135.301178
171.331497
209.237244
357.434387
1060.943726
5000.000000
1255.543701
777.956482
388.337463
255.045547
195.272949
188.164719
148.149948
159.391190
222.214310
373.304840
793.877075
5000.000000
1490.667725
706.269775
520.576111
401.498169
261.522034
196.157166
208.076950
142.469620
96.622375
78.515007
86.843559
113.202751
147.219299
226.831604
5000.000000
845.562927
410.142151
179.043594
146.509369
133.636948
152.267548
196.302094
396.148682
2741.864990
2044.638916
1104.567505
719.856934
296.838928
181.772079
136.870560
109.466194
106.058754
90.307602
99.990631
103.171242
96.313538
98.869980
105.910240
104.081696
109.661201
114.049706
126.189468
136.789597
139.409744
169.828995
195.135376
247.249329
356.975464
437.291809
526.660828
524.637268
445.738953
307.964233
229.385162
175.815704
138.555984
133.521774
112.682915
101.928535
100.479927
91.831841
95.393196
92.879333
99.031433
108.394989
108.824287
100.667206
102.819229
113.934654
114.979828
99.763367
90.256187
76.471405
132.436829
177.875305
272.686096
1722.109253
539.699463
281.652161
186.556244
85.186607
95.925827
79.056282
79.022964
69.441330
97.858223
108.726639
124.860298
144.569046
148.492661
138.347961
139.591599
117.347031
94.178131
89.297920
85.407799
77.787720
81.666367
87.740776
90.248688
90.036797
88.211166
84.494209
84.913132
81.052589
77.801796
77.414146
96.723503
98.890305
84.848061
107.710045
89.500725
102.207115
125.578613
193.777771
332.248535
963.646851
1124.935181
666.159424
284.337341
201.927261
176.710205
147.355835
145.556946
123.039391
117.511795
137.116394
106.460701
107.805534
117.347488
116.064781
106.204933
101.151482
102.371956
94.565842
98.973923
91.987083
96.355835
90.790695
90.978607
88.485062
98.048454
93.848488
95.430000
95.913620
109.910637
97.557686
89.592751
98.990311
109.838943
87.572670
85.522247
88.203140
97.578918
102.225342
135.561249
187.698837
362.021912
815.533936
5000.000000
593.590149
366.461365
257.892578
216.834274
160.737732
122.279953
111.534103
106.317162
97.284035
83.654182
72.875885
87.628143
84.123512
104.154663
179.247925
210.426025
118.346878
165.738007
233.425201
277.869019
415.592560
550.503418
483.368896
510.909912
441.098907
338.741394
274.671692
209.963928
172.016296
145.647003
124.724396
117.083145
111.177155
103.752205
92.893806
87.207146
84.689896
90.814499
101.019669
119.268845
133.666672
180.600632
224.138458
267.064514
358.754150
350.462372
332.733063
426.084534
541.243225
593.604370
677.590698
912.187927
1033.905762
908.994507
930.807251
1431.774780
1363.707642
1148.527710
2117.301758
4141.689941
3674.353516
5000.000000
5000.000000
2056.854736
2329.048828
4766.937988
3500.755615
2170.106934
5000.000000
4421.126953
5000.000000
5000.000000
5000.000000
5000.000000
5000.000000
3142.321777
3117.860596
5000.000000
5000.000000
5000.000000
2743.897217
2327.283936
4379.958984
5000.000000
4250.290527
5000.000000
5000.000000
5000.000000
5000.000000
5000.000000
5000.000000
4512.770508
5000.000000
5000.000000
4771.541504
5000.000000
5000.000000
5000.000000
5000.000000
5000.000000
5000.000000
5000.000000
5000.000000
5000.000000
5000.000000
5000.000000
3611.331299
2442.537109
5000.000000
3778.441406
5000.000000
5000.000000
5000.000000
3701.124023
2746.600342
5000.000000
1801.582031
3090.093506
5000.000000
5000.000000
5000.000000
2696.979004
1723.641113
5000.000000
3185.179688
5000.000000
2912.533936
2303.513672
5000.000000
5000.000000
5000.000000
5000.000000
5000.000000
3916.973145
5000.000000
3629.553223
3068.917236
2428.063232
2295.246094
3556.524658
5000.000000
2638.292969
3556.085449
3427.796631
3861.149170
5000.000000
5000.000000
5000.000000
5000.000000
4856.505371
5000.000000
5000.000000
5000.000000
3255.238281
1617.327759
1813.171265
3029.950439
5000.000000
5000.000000
4206.273438
2119.167725
1704.936035
4029.116211
5000.000000
5000.000000
5000.000000
5000.000000
5000.000000
5000.000000
3867.444336
2220.210449
5000.000000
5000.000000
5000.000000
5000.000000
3462.811279
5000.000000
5000.000000
5000.000000
3114.557373
2571.123291
2719.148438
5000.000000
1660.637817
519.771118
400.078796
275.505249
200.882019
158.722260
140.333481
127.300049
114.807411
105.984200
103.088486
96.274277
92.138977
83.009613
83.868668
87.922920
86.689796
91.634476
96.196304
99.468315
93.830124
94.326035
92.809608
87.350441
82.523674
79.488762
79.556572
78.690002
78.887581
83.285675
91.257408
91.082878
96.958809
123.119873
175.365540
325.804413
1503.035400
1038.387817
423.770538
283.977600
192.846024
206.307053
148.687454
123.306572
131.286942
122.990532
110.855186
110.448097
107.104805
114.088226
108.795609
107.337097
104.937538
112.058136
103.870583
93.108864
97.350075
99.256638
101.267189
106.116928
105.531464
119.326187
155.635269
202.229355
300.534515
645.403870
3664.007568
643.594727
353.992889
244.830887
183.045212
159.583923
139.592453
116.795921
116.978745
111.005180
103.698524
84.123505
89.820297
79.129021
84.617882
88.924744
85.336372
86.343666
96.094254
87.794228
87.372574
89.044594
79.912125
81.926735
81.565956
78.323547
89.954742
78.178688
84.990570
87.597046
124.235275
164.378342
237.541626
352.084656
594.383301
833.228027
1069.523926
1325.255859
2098.631592
1772.968506
1096.577759
1072.965332
1591.756592
2223.449463
1446.414062
1029.682373
1506.056885
1903.088623
1283.275024
1140.354736
1946.564331
3970.912842
3132.022217
1698.645020
1647.395630
1801.157104
2182.279541
4239.716309
5000.000000
5000.000000
5000.000000
5000.000000
5000.000000
5000.000000
4212.109375
2269.926514
2157.543213
5000.000000
5000.000000
3592.779541
5000.000000
3126.859131
5000.000000
5000.000000
4303.540527
5000.000000
4425.056641
5000.000000
5000.000000
4556.563477
5000.000000
3365.836670
5000.000000
5000.000000
5000.000000
5000.000000
5000.000000
5000.000000
5000.000000
5000.000000
5000.000000
4037.689209
5000.000000
5000.000000
3732.844971
1122.417480
785.070312
461.414093
242.177994
172.599686
162.941299
155.771088
139.708389
136.230194
128.243988
124.257118
116.544113
104.265213
103.224480
94.274788
88.013763
84.458000
84.509758
94.482788
89.486099
96.708427
100.251167
99.727112
99.569244
98.517906
106.663246
98.108147
99.357689
117.403389
133.040710
159.333984
189.942596
238.665741
304.632141
338.316711
446.027191
611.496826
554.339294
686.552307
915.472351
923.450684
810.333435
731.926331
876.397339
1204.084351
1082.370850
925.728455
1061.953125
1680.840698
3650.002930
3648.725342
2483.485840
2607.658936
4955.791016
5000.000000
5000.000000
5000.000000
5000.000000
2493.397461
1511.727539
1601.239014
4251.221680
5000.000000
5000.000000
5000.000000
5000.000000
3846.405029
5000.000000
5000.000000
5000.000000
5000.000000
5000.000000
5000.000000
3272.206787
5000.000000
5000.000000
5000.000000
2549.570801
2982.938477
2462.893555
795.153320
469.017487
293.397919
213.630676
164.612793
135.944443
117.980873
105.745064
101.126968
102.389595
107.343719
97.171944
95.188118
86.540070
86.833611
83.320740
81.815094
78.840645
81.767395
85.771492
87.211525
91.762009
108.603378
100.953026
95.786026
107.844238
105.341698
119.127625
132.877426
185.778885
241.508804
315.765869
526.939575
732.335815
615.501343
954.850830
1340.631470
1029.962524
879.773254
1258.816895
1247.128174
1027.820068
697.606934
638.849548
761.802612
1977.769775
4517.252441
5000.000000
3037.736816
5000.000000
2970.521240
5000.000000
5000.000000
4030.355713
5000.000000
2490.379395
3420.159912
3086.508301
2784.930420
4294.527832
5000.000000
5000.000000
5000.000000
5000.000000
2419.618408
3042.275635
3849.799072
5000.000000
5000.000000
5000.000000
4893.342285
5000.000000
1682.791260
2607.149902
5000.000000
5000.000000
5000.000000
2703.803467
1146.799683
872.147949
476.626404
331.346802
279.409729
338.079315
224.674759
193.134583
187.478760
179.394226
188.344193
187.597946
184.433350
190.202332
198.051804
180.435059
157.086044
141.339020
138.377853
145.284134
147.547043
159.907135
155.172958
162.064270
155.117813
154.887207
158.945587
151.950668
161.105118
154.446411
145.693710
131.731033
131.339401
133.509628
133.257950
126.930206
138.582703
147.390518
152.658966
150.478348
149.995377
146.504532
165.722824
173.813095
224.482635
267.166901
320.890930
399.567291
420.929779
408.294556
457.470001
630.439575
953.938110
1082.986938
1065.357544
1071.056641
1192.664429
1436.844482
1397.946899
1483.114258
1282.632935
1586.628784
5000.000000
4511.522949
3138.575195
2738.134766
2943.931396
5000.000000
5000.000000
5000.000000
5000.000000
5000.000000
5000.000000
5000.000000
1548.093994
1545.896484
5000.000000
5000.000000
2175.093994
1765.916260
3554.748047
5000.000000
5000.000000
5000.000000
4987.190430
5000.000000
5000.000000
5000.000000
5000.000000
5000.000000
3085.005615
1611.192139
1287.921387
1304.671143
1676.326538
1331.546509
958.399963
700.781067
567.422913
571.918762
487.094696
500.082642
817.211243
812.880249
800.852356
707.231140
649.236328
637.617249
664.511658
979.441223
1684.084717
1166.614502
663.748108
498.277161
529.363770
646.378845
661.172546
858.437805
1045.898315
746.684082
555.257751
486.340271
652.339233
640.641541
758.867737
908.276611
650.888245
573.379089
667.512512
792.555237
686.049744
563.594421
497.890137
463.191833
455.922882
450.788391
490.806305
537.798401
516.031250
526.573608
595.208801
600.367126
617.861328
555.459167
501.139771
587.861511
668.318420
661.342285
747.934814
770.676697
665.369202
537.667908
360.411041
518.448059
706.230103
912.800171
594.758545
566.715881
624.452209
656.628479
682.266907
659.828613
793.218689
1012.414246
836.198181
571.151978
454.147797
364.664429
402.720001
427.020874
321.178101
625.854553
912.675171
795.404297
818.661072
1682.692871
2570.484375
1322.790894
974.627869
1163.313843
1322.121826
1050.677856
963.863403
940.005554
813.221863
599.986633
481.707855
355.404297
282.538788
270.488953
251.851746
252.232330
231.166580
226.653107
240.647888
211.342224
203.330933
213.653503
272.779907
454.569366
948.738403
5000.000000
445.167694
333.708252
245.149796
163.271118
139.195374
115.353508
106.958405
97.243576
94.170105
90.571121
90.016190
99.898979
101.027534
93.138474
92.409996
89.909904
98.073700
111.283455
119.105759
218.158752
586.170715
1385.229858
415.183075
210.969421
152.420288
115.214325
132.692093
101.654823
113.176498
114.675354
133.342667
149.297729
169.347519
237.475296
371.833771
827.629944
4829.970703
844.562622
472.257446
301.280792
205.531403
168.700653
143.427582
123.587997
94.977203
86.982841
79.476791
78.099091
82.805489
77.359108
90.627403
97.431602
93.130630
102.294861
102.559319
93.673546
82.530602
83.403366
84.533195
77.645164
104.102341
125.137047
176.643051
253.088089
357.837799
642.028015
935.276123
1198.917236
1488.266113
1523.331177
1834.873779
2252.489014
3203.990479
1867.980713
1239.690063
1275.083374
1287.719849
1320.157104
2177.791992
2883.700195
2089.466553
1951.062988
2426.961426
2802.492920
1953.038452
2325.536621
2396.229492
1924.304443
3456.123291
5000.000000
2700.729492
1338.507080
2479.381592
4121.267090
4459.032227
5000.000000
2401.405273
2438.978760
5000.000000
5000.000000
5000.000000
5000.000000
2735.971436
5000.000000
4474.020020
5000.000000
5000.000000
5000.000000
5000.000000
5000.000000
3981.108398
3774.759033
5000.000000
2374.229004
3281.164062
4411.540039
5000.000000
5000.000000
5000.000000
5000.000000
5000.000000
2373.222900
2335.533691
5000.000000
2355.714844
5000.000000
5000.000000
5000.000000
3262.588867
5000.000000
3207.306152
4683.527832
5000.000000
2133.230225
4060.528564
5000.000000
2944.522217
3270.606689
5000.000000
3774.643311
5000.000000
5000.000000
4106.281738
5000.000000
3052.718994
5000.000000
5000.000000
5000.000000
2309.253418
3632.827881
5000.000000
5000.000000
5000.000000
4108.430664
5000.000000
5000.000000
5000.000000
5000.000000
5000.000000
5000.000000
5000.000000
5000.000000
5000.000000
5000.000000
5000.000000
5000.000000
5000.000000
5000.000000
5000.000000
5000.000000
4036.201660
1603.260498
3598.146240
4084.378906
4882.586914
4005.125488
2409.417236
5000.000000
5000.000000
5000.000000
5000.000000
3155.459717
3956.451904
4812.718750
1890.766235
2428.832764
5000.000000
4370.034668
2995.200928
2039.488525
2219.315186
5000.000000
5000.000000
5000.000000
5000.000000
5000.000000
5000.000000
5000.000000
1897.252197
3968.555664
5000.000000
5000.000000
5000.000000
5000.000000
2941.856689
3333.173584
5000.000000
5000.000000
5000.000000
4227.576172
5000.000000
4509.271484
4846.906250
5000.000000
5000.000000
5000.000000
5000.000000
3941.650391
2569.204590
5000.000000
5000.000000
1783.352295
1381.024048
5000.000000
4815.605469
5000.000000
5000.000000
5000.000000
3295.838623
5000.000000
5000.000000
2366.210205
5000.000000
5000.000000
5000.000000
5000.000000
5000.000000
5000.000000
2401.040039
3814.010254
5000.000000
5000.000000
5000.000000
1699.427490
1581.616455
4837.800293
4199.240234
2823.374756
3098.363770
3428.788330
3515.576416
5000.000000
3099.700195
1398.592163
1840.669312
3785.559570
2780.755859
5000.000000
4321.391113
1714.989990
1207.359985
2379.219727
5000.000000
4579.000000
2701.513916
5000.000000
5000.000000
2358.079834
1730.396240
3853.834473
5000.000000
1939.224976
2099.524170
2148.967285
3437.145996
2897.172852
5000.000000
5000.000000
4764.337891
4891.236816
5000.000000
5000.000000
5000.000000
5000.000000
5000.000000
4054.779541
4454.840820
5000.000000
2361.569824
1903.948364
5000.000000
5000.000000
5000.000000
1830.088989
994.870361
1044.720215
1008.272705
1001.682068
733.594238
664.286438
469.039856
377.770477
365.324524
327.384644
312.650177
311.910583
349.010468
392.434235
423.519257
361.481873
332.891846
293.991913
264.788940
250.361710
266.267303
355.487976
808.793945
2715.191650
533.812561
303.125397
210.569061
156.750381
133.238174
116.996964
121.759209
112.076561
113.200615
122.441521
138.713898
153.575165
174.548431
258.432556
351.212677
458.544037
904.689697
3611.906006
3801.682373
1451.942139
755.675110
500.570923
447.280090
372.277496
325.374329
269.717346
250.458984
225.065384
209.320541
201.594727
186.413162
183.855103
176.521606
184.183350
189.301895
183.137131
202.387573
205.040848
203.109497
199.721481
190.078079
195.298553
181.431610
182.154495
179.816528
179.451279
185.126251
192.908920
189.309052
175.401154
182.735992
192.494308
192.938431
197.925720
198.455750
206.651138
240.382446
255.636719
236.661972
226.077301
205.686493
185.089539
185.577194
183.969971
196.300079
212.734833
218.873184
213.530869
215.287140
206.189804
201.204422
189.677994
172.574112
165.324356
166.740051
211.911179
226.653519
205.646957
214.000305
206.292099
209.859421
204.761078
176.541489
179.799835
176.386047
190.297256
201.757050
210.432297
206.798187
213.694000
196.701416
193.143585
147.991531
166.397446
158.530640
203.612137
215.511307
207.230408
292.618439
424.393738
685.763245
1725.320801
5000.000000
5000.000000
5000.000000
5000.000000
2118.757812
1583.856567
1814.167358
1817.494019
1828.568604
1496.839233
1030.077881
1051.466064
858.886292
669.650391
559.612549
653.514160
1031.497559
867.164429
733.082214
635.836426
813.581726
985.004272
947.771729
888.989075
939.342712
749.483582
493.130035
405.457520
353.968964
573.182495
741.137939
849.340942
812.764771
705.714722
667.310364
688.953552
729.976379
767.625427
1184.666748
1203.995117
712.142517
514.240234
625.751892
781.932617
805.453125
778.909302
958.805603
1757.536621
1833.332886
1390.718262
1456.533081
1406.254395
1226.559326
1982.120239
3352.092529
3097.513184
3066.885986
5000.000000
5000.000000
5000.000000
5000.000000
5000.000000
5000.000000
4535.609375
4226.577148
4889.787109
5000.000000
4205.328613
4161.477539
5000.000000
2225.082764
1074.533203
493.900635
298.601166
247.219894
205.024582
195.798752
170.473312
137.850723
117.626434
105.502045
102.333160
97.534019
95.748268
114.750687
124.552414
147.223328
167.752045
219.412323
265.611328
325.471832
405.393860
471.694824
577.647278
658.580505
756.553223
913.716370
828.509705
656.731750
697.789001
865.738159
1318.920898
1376.364258
923.820129
1076.482056
1507.335083
1315.196289
960.457214
4497.420898
5000.000000
4221.337891
5000.000000
5000.000000
5000.000000
5000.000000
3768.509766
5000.000000
5000.000000
5000.000000
5000.000000
4198.862793
5000.000000
5000.000000
5000.000000
5000.000000
5000.000000
5000.000000
2871.020508
5000.000000
4476.139648
5000.000000
2185.193848
5000.000000
2678.732666
3335.494873
4183.054688
3885.094238
5000.000000
5000.000000
5000.000000
5000.000000
0.000000
0.000000
0.000000
0.000000
0.000000
0.000000
0.000000
0.000000
0.000000
0.000000
0.000000
0.000000
0.000000
0.000000
0.000000
0.000000
0.000000
0.000000
0.000000
0.000000
0.000000
0.000000
0.000000
0.000000
0.000000
0.000000
0.000000
0.000000
0.000000
0.000000
0.000000
0.000000
0.000000
0.000000
0.000000
0.000000
0.000000
0.000000
0.000000
0.000000
0.000000
0.000000
0.000000
0.000000
0.000000
0.000000
0.000000
0.000000
0.000000
0.000000
0.000000
0.000000
0.000000
0.000000
0.000000
0.000000
0.000000
0.000000
0.000000
0.000000
0.000000
0.000000
0.000000
0.000000
0.000000
0.000000
0.000000
0.000000
0.000000
0.000000
0.000000
0.000000
0.000000
0.000000
0.000000
0.000000
0.000000
0.000000
0.000000
0.000000
0.000000
0.000000
0.000000
0.000000
0.000000
0.000000
0.000000
0.000000
0.000000
0.000000
0.000000
0.000000
0.000000
0.000000
0.000000
0.000000
0.000000
0.000000
0.000000
0.000000
0.000000
0.000000
0.000000
0.000000
0.000000
0.000000
0.000000
0.000000
0.000000
0.000000
0.000000
0.000000
0.000000
0.000000
0.000000
0.000000
0.000000
0.000000
0.000000
0.000000
0.000000
0.000000
0.000000
0.000000
0.000000
0.000000
0.000000
0.000000
0.000000
0.000000
0.000000
0.000000
0.000000
0.000000
0.000000
0.000000
0.000000
0.000000
0.000000
0.000000
0.000000
0.000000
0.000000
0.000000
0.000000
0.000000
0.000000
0.000000
0.000000
0.000000
0.000000
0.000000
0.000000
0.000000
0.000000
0.000000
0.000000
0.000000
0.000000
0.000000
0.000000
0.000000
0.000000
0.000000
0.000000
0.000000
0.000000
0.000000
0.000000
0.000000
0.000000
0.000000
0.000000
0.000000
0.000000
0.000000
0.000000
0.000000
0.000000
0.000000
0.000000
0.000000
0.000000
0.000000
0.000000
0.000000
0.000000
0.000000
0.000000
0.000000
0.000000
0.000000
0.000000
0.000000
0.000000
0.000000
0.000000
0.000000
0.000000
0.000000
0.000000
0.000000
0.000000
0.000000
0.000000
0.000000
0.000000
0.000000
0.000000
0.000000
0.000000
0.000000
0.000000
0.000000
0.000000
0.000000
0.000000
0.000000
0.000000
0.000000
0.000000
0.000000
0.000000
0.000000
0.000000
0.000000
0.000000
0.000000
0.000000
0.000000
0.000000
0.000000
0.000000
0.000000
0.000000
0.000000
0.000000
0.000000
0.000000
0.000000
0.000000
0.000000
0.000000
0.000000
0.000000
0.000000
0.000000
0.000000
0.000000
0.000000
0.000000
0.000000
0.000000
0.000000
0.000000
0.000000
0.000000
0.000000
0.000000
0.000000
0.000000
0.000000
0.000000
0.000000
0.000000
0.000000
0.000000
0.000000
0.000000
0.000000
0.000000
0.000000
0.000000
0.000000
0.000000
0.000000
0.000000
0.000000
0.000000
0.000000
0.000000
0.000000
0.000000
0.000000
0.000000
0.000000
0.000000
0.000000
0.000000
0.000000
0.000000
0.000000
0.000000
0.000000
0.000000
0.000000
0.000000
0.000000
0.000000
0.000000
0.000000
0.000000
0.000000
0.000000
0.000000
0.000000
0.000000
0.000000
0.000000
0.000000
0.000000
0.000000
0.000000
0.000000
0.000000
0.000000
0.000000
0.000000
0.000000
0.000000
0.000000
0.000000
0.000000
0.000000
0.000000
0.000000
0.000000
0.000000
0.000000
0.000000
0.000000
0.000000
0.000000
0.000000
0.000000
0.000000
0.000000
0.000000
0.000000
0.000000
0.000000
0.000000
0.000000
0.000000
0.000000
0.000000
0.000000
0.000000
0.000000
0.000000
0.000000
0.000000
0.000000
0.000000
0.000000
0.000000
0.000000
0.000000
0.000000
0.000000
0.000000
0.000000
0.000000
0.000000
0.000000
0.000000
0.000000
0.000000
0.000000
0.000000
0.000000
0.000000
0.000000
0.000000
0.000000
0.000000
0.000000
0.000000
0.000000
0.000000
0.000000
0.000000
0.000000
0.000000
0.000000
0.000000
0.000000
0.000000
0.000000
0.000000
0.000000
0.000000
0.000000
0.000000
0.000000
0.000000
0.000000
0.000000
0.000000
0.000000
0.000000
0.000000
0.000000
0.000000
0.000000
0.000000
0.000000
0.000000
0.000000
0.000000
0.000000
0.000000
0.000000
0.000000
0.000000
0.000000
0.000000
0.000000
0.000000
0.000000
0.000000
0.000000
0.000000
0.000000
0.000000
0.000000
0.000000
0.000000
0.000000
0.000000
0.000000
0.000000
0.000000
0.000000
0.000000
0.000000
0.000000
0.000000
0.000000
0.000000
0.000000
0.000000
0.000000
0.000000
0.000000
0.000000
0.000000
0.000000
0.000000
0.000000
0.000000
0.000000
0.000000
0.000000
0.000000
0.000000
0.000000
0.000000
0.000000
0.000000
0.000000
0.000000
0.000000
0.000000
0.000000
0.000000
0.000000
0.000000
0.000000
0.000000
0.000000
0.000000
0.000000
0.000000
0.000000
0.000000
0.000000
0.000000
0.000000
0.000000
0.000000
0.000000
0.000000
0.000000
0.000000
0.000000
0.000000
0.000000
0.000000
0.000000
0.000000
0.000000
0.000000
0.000000
0.000000
0.000000
0.000000
0.000000
0.000000
0.000000
0.000000
0.000000
0.000000
0.000000
0.000000
0.000000
0.000000
0.000000
0.000000
0.000000
0.000000
0.000000
0.000000
0.000000
0.000000
0.000000
0.000000
0.000000
0.000000
0.000000
0.000000
0.000000
0.000000
0.000000
0.000000
0.000000
0.000000
0.000000
0.000000
0.000000
0.000000
0.000000
0.000000
0.000000
0.000000
0.000000
0.000000
0.000000
0.000000
0.000000
0.000000
0.000000
0.000000
0.000000
0.000000
0.000000
0.000000
0.000000
0.000000
0.000000
0.000000
0.000000
0.000000
0.000000
0.000000
0.000000
0.000000
0.000000
0.000000
0.000000
0.000000
0.000000
0.000000
0.000000
0.000000
0.000000
0.000000
0.000000
0.000000
0.000000
0.000000
0.000000
0.000000
0.000000
0.000000
0.000000
0.000000
0.000000
0.000000
0.000000
0.000000
0.000000
0.000000
0.000000
0.000000
0.000000
0.000000
0.000000
0.000000
0.000000
0.000000
0.000000
0.000000
0.000000
0.000000
0.000000
0.000000
0.000000
0.000000
0.000000
0.000000
0.000000
0.000000
0.000000
0.000000
0.000000
0.000000
0.000000
0.000000
0.000000
0.000000
0.000000
0.000000
0.000000
0.000000
0.000000
0.000000
0.000000
0.000000
0.000000
0.000000
0.000000
0.000000
0.000000
0.000000
0.000000
0.000000
0.000000
0.000000
0.000000
0.000000
0.000000
0.000000
0.000000
0.000000
0.000000
0.000000
0.000000
0.000000
0.000000
0.000000
0.000000
0.000000
0.000000
0.000000
0.000000
0.000000
0.000000
0.000000
0.000000
0.000000
0.000000
0.000000
0.000000
0.000000
0.000000
0.000000
0.000000
0.000000
0.000000
0.000000
0.000000
0.000000
0.000000
0.000000
0.000000
0.000000
0.000000
0.000000
0.000000
0.000000
0.000000
0.000000
0.000000
0.000000
0.000000
0.000000
0.000000
0.000000
0.000000
0.000000
0.000000
0.000000
0.000000
0.000000
0.000000
0.000000
0.000000
0.000000
0.000000
0.000000
0.000000
0.000000
0.000000
0.000000
0.000000
0.000000
0.000000
0.000000
0.000000
0.000000
0.000000
0.000000
0.000000
0.000000
0.000000
0.000000
0.000000
0.000000
0.000000
0.000000
0.000000
0.000000
0.000000
0.000000
0.000000
0.000000
0.000000
0.000000
0.000000
0.000000
0.000000
0.000000
0.000000
0.000000
0.000000
0.000000
0.000000
0.000000
0.000000
0.000000
0.000000
0.000000
0.000000
0.000000
0.000000
0.000000
0.000000
0.000000
0.000000
0.000000
0.000000
0.000000
0.000000
0.000000
0.000000
0.000000
0.000000
0.000000
0.000000
0.000000
0.000000
0.000000
0.000000
0.000000
0.000000
0.000000
0.000000
0.000000
0.000000
0.000000
0.000000
0.000000
0.000000
0.000000
0.000000
0.000000
0.000000
0.000000
0.000000
0.000000
0.000000
0.000000
0.000000
0.000000
0.000000
0.000000
0.000000
0.000000
0.000000
0.000000
0.000000
0.000000
0.000000
0.000000
0.000000
0.000000
0.000000
0.000000
0.000000
0.000000
0.000000
0.000000
0.000000
0.000000
0.000000
0.000000
0.000000
0.000000
0.000000
0.000000
0.000000
0.000000
0.000000
0.000000
0.000000
0.000000
0.000000
0.000000
0.000000
0.000000
0.000000
0.000000
0.000000
0.000000
0.000000
0.000000
0.000000
0.000000
0.000000
0.000000
0.000000
0.000000
0.000000
0.000000
0.000000
0.000000
0.000000
0.000000
0.000000
0.000000
0.000000
0.000000
0.000000
0.000000
0.000000
0.000000
0.000000
0.000000
0.000000
0.000000
0.000000
0.000000
0.000000
0.000000
0.000000
0.000000
0.000000
0.000000
0.000000
0.000000
0.000000
0.000000
0.000000
0.000000
0.000000
0.000000
0.000000
0.000000
0.000000
0.000000
0.000000
0.000000
0.000000
0.000000
0.000000
0.000000
0.000000
0.000000
0.000000
0.000000
0.000000
0.000000
0.000000
0.000000
0.000000
0.000000
0.000000
0.000000
0.000000
0.000000
0.000000
0.000000
0.000000
0.000000
0.000000
0.000000
0.000000
0.000000
0.000000
0.000000
0.000000
0.000000
0.000000
0.000000
0.000000
0.000000
0.000000
0.000000
0.000000
0.000000
0.000000
0.000000
0.000000
0.000000
0.000000
0.000000
0.000000
0.000000
0.000000
0.000000
0.000000
0.000000
0.000000
0.000000
0.000000
0.000000
0.000000
0.000000
0.000000
0.000000
0.000000
0.000000
0.000000
0.000000
0.000000
0.000000
0.000000
0.000000
0.000000
0.000000
0.000000
0.000000
0.000000
0.000000
0.000000
0.000000
0.000000
0.000000
0.000000
0.000000
0.000000
0.000000
0.000000
0.000000
0.000000
0.000000
0.000000
0.000000
0.000000
0.000000
0.000000
0.000000
0.000000
0.000000
0.000000
0.000000
0.000000
0.000000
0.000000
0.000000
0.000000
0.000000
0.000000
0.000000
0.000000
0.000000
0.000000
0.000000
0.000000
0.000000
0.000000
0.000000
0.000000
0.000000
0.000000
0.000000
0.000000
0.000000
0.000000
0.000000
0.000000
0.000000
0.000000
0.000000
0.000000
0.000000
0.000000
0.000000
0.000000
0.000000
0.000000
0.000000
0.000000
0.000000
0.000000
0.000000
0.000000
0.000000
0.000000
0.000000
0.000000
0.000000
0.000000
0.000000
0.000000
0.000000
0.000000
0.000000
0.000000
0.000000
0.000000
0.000000
0.000000
0.000000
0.000000
0.000000
0.000000
0.000000
0.000000
0.000000
0.000000
0.000000
0.000000
0.000000
0.000000
0.000000
0.000000
0.000000
0.000000
0.000000
0.000000
0.000000
0.000000
0.000000
0.000000
0.000000
0.000000
0.000000
0.000000
0.000000
0.000000
0.000000
0.000000
0.000000
0.000000
0.000000
0.000000
0.000000
0.000000
0.000000
0.000000
0.000000
0.000000
0.000000
0.000000
0.000000
0.000000
0.000000
0.000000
0.000000
0.000000
0.000000
0.000000
0.000000
0.000000
0.000000
0.000000
0.000000
0.000000
0.000000
0.000000
0.000000
0.000000
0.000000
0.000000
0.000000
0.000000
0.000000
0.000000
0.000000
0.000000
0.000000
0.000000
0.000000
0.000000
0.000000
0.000000
0.000000
0.000000
0.000000
0.000000
0.000000
0.000000
0.000000
0.000000
0.000000
0.000000
0.000000
0.000000
0.000000
0.000000
0.000000
0.000000
0.000000
0.000000
0.000000
0.000000
0.000000
0.000000
0.000000
0.000000
0.000000
0.000000
0.000000
0.000000
0.000000
0.000000
0.000000
0.000000
0.000000
0.000000
0.000000
0.000000
0.000000
0.000000
0.000000
0.000000
0.000000
0.000000
0.000000
0.000000
0.000000
0.000000
0.000000
0.000000
0.000000
0.000000
0.000000
0.000000
0.000000
0.000000
0.000000
0.000000
0.000000
0.000000
0.000000
0.000000
0.000000
0.000000
0.000000
0.000000
0.000000
0.000000
0.000000
0.000000
0.000000
0.000000
0.000000
0.000000
0.000000
0.000000
0.000000
0.000000
0.000000
0.000000
0.000000
0.000000
0.000000
0.000000
0.000000
0.000000
0.000000
0.000000
0.000000
0.000000
0.000000
0.000000
0.000000
0.000000
0.000000
0.000000
0.000000
0.000000
0.000000
0.000000
0.000000
0.000000
0.000000
0.000000
0.000000
0.000000
0.000000
0.000000
0.000000
0.000000
0.000000
0.000000
0.000000
0.000000
0.000000
0.000000
0.000000
0.000000
0.000000
0.000000
0.000000
0.000000
0.000000
0.000000
0.000000
0.000000
0.000000
0.000000
0.000000
0.000000
0.000000
0.000000
0.000000
0.000000
0.000000
0.000000
0.000000
0.000000
0.000000
0.000000
0.000000
0.000000
0.000000
0.000000
0.000000
0.000000
0.000000
0.000000
0.000000
0.000000
0.000000
0.000000
0.000000
0.000000
0.000000
0.000000
0.000000
0.000000
0.000000
0.000000
0.000000
0.000000
0.000000
0.000000
0.000000
0.000000
0.000000
0.000000
0.000000
0.000000
0.000000
0.000000
0.000000
0.000000
0.000000
0.000000
0.000000
0.000000
0.000000
0.000000
0.000000
0.000000
0.000000
0.000000
0.000000
0.000000
0.000000
0.000000
0.000000
0.000000
0.000000
0.000000
0.000000
0.000000
0.000000
0.000000
0.000000
0.000000
0.000000
0.000000
0.000000
0.000000
0.000000
0.000000
0.000000
0.000000
0.000000
0.000000
0.000000
0.000000
0.000000
0.000000
0.000000
0.000000
0.000000
0.000000
0.000000
0.000000
0.000000
0.000000
0.000000
0.000000
0.000000
0.000000
0.000000
0.000000
0.000000
0.000000
0.000000
0.000000
0.000000
0.000000
0.000000
0.000000
0.000000
0.000000
0.000000
0.000000
0.000000
0.000000
0.000000
0.000000
0.000000
0.000000
0.000000
0.000000
0.000000
0.000000
0.000000
0.000000
0.000000
0.000000
0.000000
0.000000
0.000000
0.000000
0.000000
0.000000
0.000000
0.000000
0.000000
0.000000
0.000000
0.000000
0.000000
0.000000
0.000000
0.000000
0.000000
0.000000
0.000000
0.000000
0.000000
0.000000
0.000000
0.000000
0.000000
0.000000
0.000000
0.000000
0.000000
0.000000
0.000000
0.000000
0.000000
0.000000
0.000000
0.000000
0.000000
0.000000
0.000000
0.000000
0.000000
0.000000
0.000000
0.000000
0.000000
0.000000
0.000000
0.000000
0.000000
0.000000
0.000000
0.000000
0.000000
0.000000
0.000000
0.000000
0.000000
0.000000
0.000000
0.000000
0.000000
0.000000
0.000000
0.000000
0.000000
0.000000
0.000000
0.000000
0.000000
0.000000
0.000000
0.000000
0.000000
0.000000
0.000000
0.000000
0.000000
0.000000
0.000000
0.000000
0.000000
0.000000
0.000000
0.000000
0.000000
0.000000
0.000000
0.000000
0.000000
0.000000
0.000000
0.000000
0.000000
0.000000
0.000000
0.000000
0.000000
0.000000
0.000000
0.000000
0.000000
0.000000
0.000000
0.000000
0.000000
0.000000
0.000000
0.000000
0.000000
0.000000
0.000000
0.000000
0.000000
0.000000
0.000000
0.000000
0.000000
0.000000
0.000000
0.000000
0.000000
0.000000
0.000000
0.000000
0.000000
0.000000
0.000000
0.000000
0.000000
0.000000
0.000000
0.000000
0.000000
0.000000
0.000000
0.000000
0.000000
0.000000
0.000000
0.000000
0.000000
0.000000
0.000000
0.000000
0.000000
0.000000
0.000000
0.000000
0.000000
0.000000
0.000000
0.000000
0.000000
0.000000
0.000000
0.000000
0.000000
0.000000
0.000000
0.000000
0.000000
0.000000
0.000000
0.000000
0.000000
0.000000
0.000000
0.000000
0.000000
0.000000
0.000000
0.000000
0.000000
0.000000
0.000000
0.000000
0.000000
0.000000
0.000000
0.000000
0.000000
0.000000
0.000000
0.000000
0.000000
0.000000
0.000000
0.000000
0.000000
0.000000
0.000000
0.000000
0.000000
0.000000
0.000000
0.000000
0.000000
0.000000
0.000000
0.000000
0.000000
0.000000
0.000000
0.000000
0.000000
0.000000
0.000000
0.000000
0.000000
0.000000
0.000000
0.000000
0.000000
0.000000
0.000000
0.000000
0.000000
0.000000
0.000000
0.000000
0.000000
0.000000
0.000000
0.000000
0.000000
0.000000
0.000000
0.000000
0.000000
0.000000
0.000000
0.000000
0.000000
0.000000
0.000000
0.000000
0.000000
0.000000
0.000000
0.000000
0.000000
0.000000
0.000000
0.000000
0.000000
0.000000
0.000000
0.000000
0.000000
0.000000
0.000000
0.000000
0.000000
0.000000
0.000000
0.000000
0.000000
0.000000
0.000000
0.000000
0.000000
0.000000
0.000000
0.000000
0.000000
0.000000
0.000000
0.000000
0.000000
0.000000
0.000000
0.000000
0.000000
0.000000
0.000000
0.000000
0.000000
0.000000
0.000000
0.000000
0.000000
0.000000
0.000000
0.000000
0.000000
0.000000
0.000000
0.000000
0.000000
0.000000
0.000000
0.000000
0.000000
0.000000
0.000000
0.000000
0.000000
0.000000
0.000000
0.000000
0.000000
0.000000
0.000000
0.000000
0.000000
0.000000
0.000000
0.000000
0.000000
0.000000
0.000000
0.000000
0.000000
0.000000
0.000000
0.000000
0.000000
0.000000
0.000000
0.000000
0.000000
0.000000
0.000000
0.000000
0.000000
0.000000
0.000000
0.000000
0.000000
0.000000
0.000000
0.000000
0.000000
0.000000
0.000000
0.000000
0.000000
0.000000
0.000000
0.000000
0.000000
0.000000
0.000000
0.000000
0.000000
0.000000
0.000000
0.000000
0.000000
0.000000
0.000000
0.000000
0.000000
0.000000
0.000000
0.000000
0.000000
0.000000
0.000000
0.000000
0.000000
0.000000
0.000000
0.000000
0.000000
0.000000
0.000000
0.000000
0.000000
0.000000
0.000000
0.000000
0.000000
0.000000
0.000000
0.000000
0.000000
0.000000
0.000000
0.000000
0.000000
0.000000
0.000000
0.000000
0.000000
0.000000
0.000000
0.000000
0.000000
0.000000
0.000000
0.000000
0.000000
0.000000
0.000000
0.000000
0.000000
0.000000
0.000000
0.000000
0.000000
0.000000
0.000000
0.000000
0.000000
0.000000
0.000000
0.000000
0.000000
0.000000
0.000000
0.000000
0.000000
0.000000
0.000000
0.000000
0.000000
0.000000
0.000000
0.000000
0.000000
0.000000
0.000000
0.000000
0.000000
0.000000
0.000000
0.000000
0.000000
0.000000
0.000000
0.000000
0.000000
0.000000
0.000000
0.000000
0.000000
0.000000
0.000000
0.000000
0.000000
0.000000
0.000000
0.000000
0.000000
0.000000
0.000000
0.000000
0.000000
0.000000
0.000000
0.000000
0.000000
0.000000
0.000000
0.000000
0.000000
0.000000
0.000000
0.000000
0.000000
0.000000
0.000000
0.000000
0.000000
0.000000
0.000000
0.000000
0.000000
0.000000
0.000000
0.000000
0.000000
0.000000
0.000000
0.000000
0.000000
0.000000
0.000000
0.000000
0.000000
0.000000
0.000000
0.000000
0.000000
0.000000
0.000000
0.000000
0.000000
0.000000
0.000000
0.000000
0.000000
0.000000
0.000000
0.000000
0.000000
0.000000
0.000000
0.000000
0.000000
0.000000
0.000000
0.000000
0.000000
0.000000
0.000000
0.000000
0.000000
0.000000
0.000000
0.000000
0.000000
0.000000
0.000000
0.000000
0.000000
0.000000
0.000000
0.000000
0.000000
0.000000
0.000000
0.000000
0.000000
0.000000
0.000000
0.000000
0.000000
0.000000
0.000000
0.000000
0.000000
0.000000
0.000000
0.000000
0.000000
0.000000
0.000000
0.000000
0.000000
0.000000
0.000000
0.000000
0.000000
0.000000
0.000000
0.000000
0.000000
0.000000
0.000000
0.000000
0.000000
0.000000
0.000000
0.000000
0.000000
0.000000
0.000000
0.000000
0.000000
0.000000
0.000000
0.000000
0.000000
0.000000
0.000000
0.000000
0.000000
0.000000
0.000000
0.000000
0.000000
0.000000
0.000000
0.000000
0.000000
0.000000
0.000000
0.000000
0.000000
0.000000
0.000000
0.000000
0.000000
0.000000
0.000000
0.000000
0.000000
0.000000
0.000000
0.000000
0.000000
0.000000
0.000000
0.000000
0.000000
0.000000
0.000000
0.000000
0.000000
0.000000
0.000000
0.000000
0.000000
0.000000
0.000000
0.000000
0.000000
0.000000
0.000000
0.000000
0.000000
0.000000
0.000000
0.000000
0.000000
0.000000
0.000000
0.000000
0.000000
0.000000
0.000000
0.000000
0.000000
0.000000
0.000000
0.000000
0.000000
0.000000
0.000000
0.000000
0.000000
0.000000
0.000000
0.000000
0.000000
0.000000
0.000000
0.000000
0.000000
0.000000
0.000000
0.000000
0.000000
0.000000
0.000000
0.000000
0.000000
0.000000
0.000000
0.000000
0.000000
0.000000
0.000000
0.000000
0.000000
0.000000
0.000000
0.000000
0.000000
0.000000
0.000000
0.000000
0.000000
0.000000
0.000000
0.000000
0.000000
0.000000
0.000000
0.000000
0.000000
0.000000
0.000000
0.000000
0.000000
0.000000
0.000000
0.000000
0.000000
0.000000
0.000000
0.000000
0.000000
0.000000
0.000000
0.000000
0.000000
0.000000
0.000000
0.000000
0.000000
0.000000
0.000000
0.000000
0.000000
0.000000
0.000000
0.000000
0.000000
0.000000
0.000000
0.000000
0.000000
0.000000
0.000000
0.000000
0.000000
0.000000
0.000000
0.000000
0.000000
0.000000
0.000000
0.000000
0.000000
0.000000
0.000000
0.000000
0.000000
0.000000
0.000000
0.000000
0.000000
0.000000
0.000000
0.000000
0.000000
0.000000
0.000000
0.000000
0.000000
0.000000
0.000000
0.000000
0.000000
0.000000
0.000000
0.000000
0.000000
0.000000
0.000000
0.000000
0.000000
0.000000
0.000000
0.000000
0.000000
0.000000
0.000000
0.000000
0.000000
0.000000
0.000000
0.000000
0.000000
0.000000
0.000000
0.000000
0.000000
0.000000
0.000000
0.000000
0.000000
0.000000
0.000000
0.000000
0.000000
0.000000
0.000000
0.000000
0.000000
0.000000
0.000000
0.000000
0.000000
0.000000
0.000000
0.000000
0.000000
0.000000
0.000000
0.000000
0.000000
0.000000
0.000000
0.000000
0.000000
0.000000
0.000000
0.000000
0.000000
0.000000
0.000000
0.000000
0.000000
0.000000
0.000000
0.000000
0.000000
0.000000
0.000000
0.000000
0.000000
0.000000
0.000000
0.000000
0.000000
0.000000
0.000000
0.000000
0.000000
0.000000
0.000000
0.000000
0.000000
0.000000
0.000000
0.000000
0.000000
0.000000
0.000000
0.000000
0.000000
0.000000
0.000000
0.000000
0.000000
0.000000
0.000000
0.000000
0.000000
0.000000
0.000000
0.000000
0.000000
0.000000
0.000000
0.000000
0.000000
0.000000
0.000000
0.000000
0.000000
0.000000
0.000000
0.000000
0.000000
0.000000
0.000000
0.000000
0.000000
0.000000
0.000000
0.000000
0.000000
0.000000
0.000000
0.000000
0.000000
0.000000
0.000000
0.000000
0.000000
0.000000
0.000000
0.000000
0.000000
0.000000
0.000000
0.000000
0.000000
0.000000
0.000000
0.000000
0.000000
0.000000
0.000000
0.000000
0.000000
0.000000
0.000000
0.000000
0.000000
0.000000
0.000000
0.000000
0.000000
0.000000
0.000000
0.000000
0.000000
0.000000
0.000000
0.000000
0.000000
0.000000
0.000000
0.000000
0.000000
0.000000
0.000000
0.000000
0.000000
0.000000
0.000000
0.000000
0.000000
0.000000
0.000000
0.000000
0.000000
0.000000
0.000000
0.000000
0.000000
0.000000
0.000000
0.000000
0.000000
0.000000
0.000000
0.000000
0.000000
0.000000
0.000000
0.000000
0.000000
0.000000
0.000000
0.000000
0.000000
0.000000
0.000000
0.000000
0.000000
0.000000
0.000000
0.000000
0.000000
0.000000
0.000000
0.000000
0.000000
0.000000
0.000000
0.000000
0.000000
0.000000
0.000000
0.000000
0.000000
0.000000
0.000000
0.000000
0.000000
0.000000
0.000000
0.000000
0.000000
0.000000
0.000000
0.000000
0.000000
0.000000
0.000000
0.000000
0.000000
0.000000
0.000000
0.000000
0.000000
0.000000
0.000000
0.000000
0.000000
0.000000
0.000000
0.000000
0.000000
0.000000
0.000000
0.000000
0.000000
0.000000
0.000000
0.000000
0.000000
0.000000
0.000000
0.000000
0.000000
0.000000
0.000000
0.000000
0.000000
0.000000
0.000000
0.000000
0.000000
0.000000
0.000000
0.000000
0.000000
0.000000
0.000000
0.000000
0.000000
0.000000
0.000000
0.000000
0.000000
0.000000
0.000000
0.000000
0.000000
0.000000
0.000000
0.000000
0.000000
0.000000
0.000000
0.000000
0.000000
0.000000
0.000000
0.000000
0.000000
0.000000
0.000000
0.000000
0.000000
0.000000
0.000000
0.000000
0.000000
0.000000
0.000000
0.000000
0.000000
0.000000
0.000000
0.000000
0.000000
0.000000
0.000000
0.000000
0.000000
0.000000
0.000000
0.000000
0.000000
0.000000
0.000000
0.000000
0.000000
0.000000
0.000000
0.000000
0.000000
0.000000
0.000000
0.000000
0.000000
0.000000
0.000000
0.000000
0.000000
0.000000
0.000000
0.000000
0.000000
0.000000
0.000000
0.000000
0.000000
0.000000
0.000000
0.000000
0.000000
0.000000
0.000000
0.000000
0.000000
0.000000
0.000000
0.000000
0.000000
0.000000
0.000000
0.000000
0.000000
0.000000
0.000000
0.000000
0.000000
0.000000
0.000000
0.000000
0.000000
0.000000
0.000000
0.000000
0.000000
0.000000
0.000000
0.000000
0.000000
0.000000
0.000000
0.000000
0.000000
0.000000
0.000000
0.000000
0.000000
0.000000
0.000000
0.000000
0.000000
0.000000
0.000000
0.000000
0.000000
0.000000
0.000000
0.000000
0.000000
0.000000
0.000000
0.000000
0.000000
0.000000
0.000000
0.000000
0.000000
0.000000
0.000000
0.000000
0.000000
0.000000
0.000000
0.000000
0.000000
0.000000
0.000000
0.000000
0.000000
0.000000
0.000000
0.000000
0.000000
0.000000
0.000000
0.000000
0.000000
0.000000
0.000000
0.000000
0.000000
0.000000
0.000000
0.000000
0.000000
0.000000
0.000000
0.000000
0.000000
0.000000
0.000000
0.000000
0.000000
0.000000
0.000000
0.000000
0.000000
0.000000
0.000000
0.000000
0.000000
0.000000
0.000000
0.000000
0.000000
0.000000
0.000000
0.000000
0.000000
0.000000
0.000000
0.000000
0.000000
0.000000
0.000000
0.000000
0.000000
0.000000
0.000000
0.000000
0.000000
0.000000
0.000000
0.000000
0.000000
0.000000
0.000000
0.000000
0.000000
0.000000
0.000000
0.000000
0.000000
0.000000
0.000000
0.000000
0.000000
0.000000
0.000000
0.000000
0.000000
0.000000
0.000000
0.000000
0.000000
0.000000
0.000000
0.000000
0.000000
0.000000
0.000000
0.000000
0.000000
0.000000
0.000000
0.000000
0.000000
0.000000
0.000000
0.000000
0.000000
0.000000
0.000000
0.000000
0.000000
0.000000
0.000000
0.000000
0.000000
0.000000
0.000000
0.000000
0.000000
0.000000
0.000000
0.000000
0.000000
0.000000
0.000000
0.000000
0.000000
0.000000
0.000000
0.000000
0.000000
0.000000
0.000000
0.000000
0.000000
0.000000
0.000000
0.000000
0.000000
0.000000
0.000000
0.000000
0.000000
0.000000
0.000000
0.000000
0.000000
0.000000
0.000000
0.000000
0.000000
0.000000
0.000000
0.000000
0.000000
0.000000
0.000000
0.000000
0.000000
0.000000
0.000000
0.000000
0.000000
0.000000
0.000000
0.000000
0.000000
0.000000
0.000000
0.000000
0.000000
0.000000
0.000000
0.000000
0.000000
0.000000
0.000000
0.000000
0.000000
0.000000
0.000000
0.000000
0.000000
0.000000
0.000000
0.000000
0.000000
0.000000
0.000000
0.000000
0.000000
0.000000
0.000000
0.000000
0.000000
0.000000
0.000000
0.000000
0.000000
0.000000
0.000000
0.000000
0.000000
0.000000
0.000000
0.000000
0.000000
0.000000
0.000000
0.000000
0.000000
0.000000
0.000000
0.000000
0.000000
0.000000
0.000000
0.000000
0.000000
0.000000
0.000000
0.000000
0.000000
0.000000
0.000000
0.000000
0.000000
0.000000
0.000000
0.000000
0.000000
0.000000
0.000000
0.000000
0.000000
0.000000
0.000000
0.000000
0.000000
0.000000
0.000000
0.000000
0.000000
0.000000
0.000000
0.000000
0.000000
0.000000
0.000000
0.000000
0.000000
0.000000
0.000000
0.000000
0.000000
0.000000
0.000000
0.000000
0.000000
0.000000
0.000000
0.000000
0.000000
0.000000
0.000000
0.000000
0.000000
0.000000
0.000000
0.000000
0.000000
0.000000
0.000000
0.000000
0.000000
0.000000
0.000000
0.000000
0.000000
0.000000
0.000000
0.000000
0.000000
0.000000
0.000000
0.000000
0.000000
0.000000
0.000000
0.000000
0.000000
0.000000
0.000000
0.000000
0.000000
0.000000
0.000000
0.000000
0.000000
0.000000
0.000000
0.000000
0.000000
0.000000
0.000000
0.000000
0.000000
0.000000
0.000000
0.000000
0.000000
0.000000
0.000000
0.000000
0.000000
0.000000
0.000000
0.000000
0.000000
0.000000
0.000000
0.000000
0.000000
0.000000
0.000000
0.000000
0.000000
0.000000
0.000000
0.000000
0.000000
0.000000
0.000000
0.000000
0.000000
0.000000
0.000000
0.000000
0.000000
0.000000
0.000000
0.000000
0.000000
0.000000
0.000000
0.000000
0.000000
0.000000
0.000000
0.000000
0.000000
0.000000
0.000000
0.000000
0.000000
0.000000
0.000000
0.000000
0.000000
0.000000
0.000000
0.000000
0.000000
0.000000
0.000000
0.000000
0.000000
0.000000
0.000000
0.000000
0.000000
0.000000
0.000000
0.000000
0.000000
0.000000
0.000000
0.000000
0.000000
0.000000
0.000000
0.000000
0.000000
0.000000
0.000000
0.000000
0.000000
0.000000
0.000000
0.000000
0.000000
0.000000
0.000000
0.000000
0.000000
0.000000
0.000000
0.000000
0.000000
0.000000
0.000000
0.000000
0.000000
0.000000
0.000000
0.000000
0.000000
0.000000
0.000000
0.000000
0.000000
0.000000
0.000000
0.000000
0.000000
0.000000
0.000000
0.000000
0.000000
0.000000
0.000000
0.000000
0.000000
0.000000
0.000000
0.000000
0.000000
0.000000
0.000000
0.000000
0.000000
0.000000
0.000000
0.000000
0.000000
0.000000
0.000000
0.000000
0.000000
0.000000
0.000000
0.000000
0.000000
0.000000
0.000000
0.000000
0.000000
0.000000
0.000000
0.000000
0.000000
0.000000
0.000000
0.000000
0.000000
0.000000
0.000000
0.000000
0.000000
0.000000
0.000000
0.000000
0.000000
0.000000
0.000000
0.000000
0.000000
0.000000
0.000000
0.000000
0.000000
0.000000
0.000000
0.000000
0.000000
0.000000
0.000000
0.000000
0.000000
0.000000
0.000000
0.000000
0.000000
0.000000
0.000000
0.000000
0.000000
0.000000
0.000000
0.000000
0.000000
0.000000
0.000000
0.000000
0.000000
0.000000
0.000000
0.000000
0.000000
0.000000
0.000000
0.000000
0.000000
0.000000
0.000000
0.000000
0.000000
0.000000
0.000000
0.000000
0.000000
0.000000
0.000000
0.000000
0.000000
0.000000
0.000000
0.000000
0.000000
0.000000
0.000000
0.000000
0.000000
0.000000
0.000000
0.000000
0.000000
0.000000
0.000000
0.000000
0.000000
0.000000
0.000000
0.000000
0.000000
0.000000
0.000000
0.000000
0.000000
0.000000
0.000000
0.000000
0.000000
0.000000
0.000000
0.000000
0.000000
0.000000
0.000000
0.000000
0.000000
0.000000
0.000000
0.000000
0.000000
0.000000
0.000000
0.000000
0.000000
0.000000
0.000000
0.000000
0.000000
0.000000
0.000000
0.000000
0.000000
0.000000
0.000000
0.000000
0.000000
0.000000
0.000000
0.000000
0.000000
0.000000
0.000000
0.000000
0.000000
0.000000
0.000000
0.000000
0.000000
0.000000
0.000000
0.000000
0.000000
0.000000
0.000000
0.000000
0.000000
0.000000
0.000000
0.000000
0.000000
0.000000
0.000000
0.000000
0.000000
0.000000
0.000000
0.000000
0.000000
0.000000
0.000000
0.000000
0.000000
0.000000
0.000000
0.000000
0.000000
0.000000
0.000000
0.000000
0.000000
0.000000
0.000000
0.000000
0.000000
0.000000
0.000000
0.000000
0.000000
0.000000
0.000000
0.000000
0.000000
0.000000
0.000000
0.000000
0.000000
0.000000
0.000000
0.000000
0.000000
0.000000
0.000000
0.000000
0.000000
0.000000
0.000000
0.000000
0.000000
0.000000
0.000000
0.000000
0.000000
0.000000
0.000000
0.000000
0.000000
0.000000
0.000000
0.000000
0.000000
0.000000
0.000000
0.000000
0.000000
0.000000
0.000000
0.000000
0.000000
0.000000
0.000000
0.000000
0.000000
0.000000
0.000000
0.000000
0.000000
0.000000
0.000000
0.000000
0.000000
0.000000
0.000000
0.000000
0.000000
0.000000
0.000000
0.000000
0.000000
0.000000
0.000000
0.000000
0.000000
0.000000
0.000000
0.000000
0.000000
0.000000
0.000000
0.000000
0.000000
0.000000
0.000000
0.000000
0.000000
0.000000
0.000000
0.000000
0.000000
0.000000
0.000000
0.000000
0.000000
0.000000
0.000000
0.000000
0.000000
0.000000
0.000000
0.000000
0.000000
0.000000
0.000000
0.000000
0.000000
0.000000
0.000000
0.000000
0.000000
0.000000
0.000000
0.000000
0.000000
0.000000
0.000000
0.000000
0.000000
0.000000
0.000000
0.000000
0.000000
0.000000
0.000000
0.000000
0.000000
0.000000
0.000000
0.000000
0.000000
0.000000
0.000000
0.000000
0.000000
0.000000
0.000000
0.000000
0.000000
0.000000
0.000000
0.000000
0.000000
0.000000
0.000000
0.000000
0.000000
0.000000
0.000000
0.000000
0.000000
0.000000
0.000000
0.000000
0.000000
0.000000
0.000000
0.000000
0.000000
0.000000
0.000000
0.000000
0.000000
0.000000
0.000000
0.000000
0.000000
0.000000
0.000000
0.000000
0.000000
0.000000
0.000000
0.000000
0.000000
0.000000
0.000000
0.000000
0.000000
0.000000
0.000000
0.000000
0.000000
0.000000
0.000000
0.000000
0.000000
0.000000
0.000000
0.000000
0.000000
0.000000
0.000000
0.000000
0.000000
0.000000
0.000000
0.000000
0.000000
0.000000
0.000000
0.000000
0.000000
0.000000
0.000000
0.000000
0.000000
0.000000
0.000000
0.000000
0.000000
0.000000
0.000000
0.000000
0.000000
0.000000
0.000000
0.000000
0.000000
0.000000
0.000000
0.000000
0.000000
0.000000
0.000000
0.000000
0.000000
0.000000
0.000000
0.000000
0.000000
0.000000
0.000000
0.000000
0.000000
0.000000
0.000000
0.000000
0.000000
0.000000
0.000000
0.000000
0.000000
0.000000
0.000000
0.000000
0.000000
0.000000
0.000000
0.000000
0.000000
0.000000
0.000000
0.000000
0.000000
0.000000
0.000000
0.000000
0.000000
0.000000
0.000000
0.000000
0.000000
0.000000
0.000000
0.000000
0.000000
0.000000
0.000000
0.000000
0.000000
0.000000
0.000000
0.000000
0.000000
0.000000
0.000000
0.000000
0.000000
0.000000
0.000000
0.000000
0.000000
0.000000
0.000000
0.000000
0.000000
0.000000
0.000000
0.000000
0.000000
0.000000
0.000000
0.000000
0.000000
0.000000
0.000000
0.000000
0.000000
0.000000
0.000000
0.000000
0.000000
0.000000
0.000000
0.000000
0.000000
0.000000
0.000000
0.000000
0.000000
0.000000
0.000000
0.000000
0.000000
0.000000
0.000000
0.000000
0.000000
0.000000
0.000000
0.000000
0.000000
0.000000
0.000000
0.000000
0.000000
0.000000
0.000000
0.000000
0.000000
0.000000
0.000000
0.000000
0.000000
0.000000
0.000000
0.000000
0.000000
0.000000
0.000000
0.000000
0.000000
0.000000
0.000000
0.000000
0.000000
0.000000
0.000000
0.000000
0.000000
0.000000
0.000000
0.000000
0.000000
0.000000
0.000000
0.000000
0.000000
0.000000
0.000000
0.000000
0.000000
0.000000
0.000000
0.000000
0.000000
0.000000
0.000000
0.000000
0.000000
0.000000
0.000000
0.000000
0.000000
0.000000
0.000000
0.000000
0.000000
0.000000
0.000000
0.000000
0.000000
0.000000
0.000000
0.000000
0.000000
0.000000
0.000000
0.000000
0.000000
0.000000
0.000000
0.000000
0.000000
0.000000
0.000000
0.000000
0.000000
0.000000
0.000000
0.000000
0.000000
0.000000
0.000000
0.000000
0.000000
0.000000
0.000000
0.000000
0.000000
0.000000
0.000000
0.000000
0.000000
0.000000
0.000000
0.000000
0.000000
0.000000
0.000000
0.000000
0.000000
0.000000
0.000000
0.000000
0.000000
0.000000
0.000000
0.000000
0.000000
0.000000
0.000000
0.000000
0.000000
0.000000
0.000000
0.000000
0.000000
0.000000
0.000000
0.000000
0.000000
0.000000
0.000000
0.000000
0.000000
0.000000
0.000000
0.000000
0.000000
0.000000
0.000000
0.000000
0.000000
0.000000
0.000000
0.000000
0.000000
0.000000
0.000000
0.000000
0.000000
0.000000
0.000000
0.000000
0.000000
0.000000
0.000000
0.000000
0.000000
0.000000
0.000000
0.000000
0.000000
0.000000
0.000000
0.000000
