1000.000000
1022.360657
1044.721313
1067.082031
1089.442749
1111.803467
1134.164185
1156.524902
1178.885620
1201.246338
1223.607056
1245.967773
1268.328491
1290.689209
1313.049927
1335.410645
1357.771362
1380.132080
1402.492798
1424.853516
1447.214233
1469.574951
1491.935669
1514.296387
1536.657104
1559.017822
1581.378540
1603.739258
1626.099976
1648.460693
1670.821411
1693.182129
1715.542847
1737.903564
1760.264282
1300.000000
1300.000000
1300.000000
1300.000000
1300.000000
1300.000000
1300.000000
1300.000000
1300.000000
1300.000000
1300.000000
1300.000000
1300.000000
1300.000000
1300.000000
1300.000000
1300.000000
1300.000000
1300.000000
1300.000000
1300.000000
1300.000000
1300.000000
1300.000000
1300.000000
1300.000000
1300.000000
1300.000000
1300.000000
1300.000000
1300.000000
1300.000000
1300.000000
1300.000000
1300.000000
1300.000000
1300.000000
1322.360718
1344.721436
1367.082153
1389.442871
1411.803589
1434.164307
1456.525024
1478.885742
1501.246460
1523.607178
1545.967896
1568.328613
1590.689331
1613.050049
1635.410767
1657.771484
1680.132202
1702.492920
1500.000000
1500.000000
1500.000000
1500.000000
1500.000000
1500.000000
1500.000000
1500.000000
1500.000000
1500.000000
1500.000000
1500.000000
1522.360718
1544.721436
1500.000000
1500.000000
1500.000000
1500.000000
1500.000000
1500.000000
1500.000000
1500.000000
1500.000000
1522.360718
1300.000000
1300.000000
1300.000000
1300.000000
1300.000000
1300.000000
1300.000000
1300.000000
1300.000000
1300.000000
1322.360718
1344.721436
1367.082153
1389.442871
1411.803589
1434.164307
1300.000000
1300.000000
1300.000000
1300.000000
1300.000000
1300.000000
1300.000000
1300.000000
1322.360718
1344.721436
1367.082153
1389.442871
1411.803589
1300.000000
1300.000000
1300.000000
1300.000000
1300.000000
1300.000000
1300.000000
1300.000000
1300.000000
1300.000000
1300.000000
1300.000000
1300.000000
1300.000000
1300.000000
1300.000000
1300.000000
1300.000000
1300.000000
1300.000000
1300.000000
1300.000000
1300.000000
1300.000000
1300.000000
1300.000000
1300.000000
1300.000000
1300.000000
1300.000000
1300.000000
1300.000000
1300.000000
1300.000000
1300.000000
1300.000000
1300.000000
1300.000000
1300.000000
1300.000000
1300.000000
1300.000000
1300.000000
1300.000000
1300.000000
1300.000000
1300.000000
1300.000000
1300.000000
1300.000000
1300.000000
1300.000000
1300.000000
1300.000000
1300.000000
1300.000000
1300.000000
1300.000000
1300.000000
1300.000000
1300.000000
1300.000000
1300.000000
1300.000000
1300.000000
1300.000000
1300.000000
1300.000000
1300.000000
1300.000000
1300.000000
1300.000000
1300.000000
1300.000000
1300.000000
1300.000000
1300.000000
1300.000000
1300.000000
1300.000000
1300.000000
1300.000000
1300.000000
1300.000000
1300.000000
1300.000000
1300.000000
1300.000000
1322.360718
1344.721436
1367.082153
1300.000000
1300.000000
1300.000000
1300.000000
1300.000000
1300.000000
1300.000000
1300.000000
1300.000000
1300.000000
1300.000000
1300.000000
1300.000000
1300.000000
1300.000000
1300.000000
1322.360718
1344.721436
1300.000000
1300.000000
1300.000000
1300.000000
1300.000000
1300.000000
1300.000000
1300.000000
1300.000000
1300.000000
1300.000000
1300.000000
1300.000000
1300.000000
1300.000000
1300.000000
1300.000000
1300.000000
1322.360718
1344.721436
1367.082153
1389.442871
1411.803589
1434.164307
1456.525024
1478.885742
1501.246460
1523.607178
1545.967896
1568.328613
1590.689331
1613.050049
1635.410767
1657.771484
1680.132202
1702.492920
1724.853638
1747.214355
1769.575073
1791.935791
1814.296509
1836.657227
1859.017944
1881.378662
1903.739380
1926.100098
1948.460815
1970.821533
1993.182251
2015.542969
2037.903687
2060.264404
2082.625000
2104.985596
2127.346191
2149.706787
2172.067383
2194.427979
2216.788574
2239.149170
2261.509766
2283.870361
2306.230957
2328.591553
2350.952148
2373.312744
2395.673340
2418.033936
2440.394531
2462.755127
2485.115723
2507.476318
2529.836914
2552.197510
2574.558105
2596.918701
2619.279297
2641.639893
2664.000488
2686.361084
2708.721680
2731.082275
2753.442871
2775.803467
2798.164062
2820.524658
2842.885254
2865.245850
2887.606445
2909.967041
2932.327637
2954.688232
2977.048828
2999.409424
3021.770020
3044.130615
3066.491211
3088.851807
3111.212402
3133.572998
3155.933594
3178.294189
3200.654785
3223.015381
3245.375977
3267.736572
3290.097168
3312.457764
3334.818359
3357.178955
3379.539551
3401.900146
3424.260742
3446.621338
3468.981934
3491.342529
3513.703125
3536.063721
3558.424316
3580.784912
3603.145508
3625.506104
3647.866699
3670.227295
3692.587891
3714.948486
3737.309082
3759.669678
3782.030273
3804.390869
3826.751465
3849.112061
3871.472656
3893.833252
3916.193848
3938.554443
3960.915039
3983.275635
1300.000000
1300.000000
1300.000000
1300.000000
1300.000000
1300.000000
1300.000000
1300.000000
1300.000000
1300.000000
1300.000000
1300.000000
1300.000000
1300.000000
1300.000000
1300.000000
1300.000000
1300.000000
1300.000000
1300.000000
1300.000000
1300.000000
1300.000000
1300.000000
1300.000000
1300.000000
1300.000000
1300.000000
1300.000000
1300.000000
1300.000000
1300.000000
1300.000000
1300.000000
1300.000000
1300.000000
1300.000000
1300.000000
1300.000000
1300.000000
1300.000000
1300.000000
1300.000000
1300.000000
1300.000000
1300.000000
1300.000000
1300.000000
1300.000000
1300.000000
1300.000000
1300.000000
1300.000000
1300.000000
1300.000000
1300.000000
1300.000000
1300.000000
1300.000000
1300.000000
1300.000000
1300.000000
1300.000000
1300.000000
1300.000000
1300.000000
1300.000000
1300.000000
1300.000000
1300.000000
1300.000000
1300.000000
1300.000000
1300.000000
1300.000000
1300.000000
1300.000000
1300.000000
1300.000000
1300.000000
1300.000000
1300.000000
1300.000000
1300.000000
1300.000000
1300.000000
1300.000000
1300.000000
1300.000000
1300.000000
1300.000000
1300.000000
1300.000000
1300.000000
1300.000000
1300.000000
1300.000000
1300.000000
1300.000000
1300.000000
1300.000000
1300.000000
1300.000000
1300.000000
1300.000000
1300.000000
1300.000000
1300.000000
1300.000000
1300.000000
1300.000000
1300.000000
1300.000000
1300.000000
1300.000000
1300.000000
1300.000000
1300.000000
1300.000000
1300.000000
1300.000000
1300.000000
1300.000000
1300.000000
1300.000000
1300.000000
1300.000000
1300.000000
1300.000000
1300.000000
1300.000000
1300.000000
1300.000000
1300.000000
1300.000000
1300.000000
1300.000000
1300.000000
1300.000000
1300.000000
1300.000000
1300.000000
1322.360718
1300.000000
1300.000000
1300.000000
1300.000000
1300.000000
1300.000000
1300.000000
1300.000000
1300.000000
1300.000000
1300.000000
1300.000000
1300.000000
1300.000000
1322.360718
1300.000000
1300.000000
1300.000000
1300.000000
1300.000000
1300.000000
1300.000000
1300.000000
1300.000000
1300.000000
1300.000000
1300.000000
1300.000000
1300.000000
1300.000000
1300.000000
1300.000000
1300.000000
1300.000000
1300.000000
1300.000000
1322.360718
1344.721436
1367.082153
1300.000000
1300.000000
1300.000000
1300.000000
1300.000000
1300.000000
1300.000000
1300.000000
1300.000000
1300.000000
1300.000000
1300.000000
1300.000000
1300.000000
1322.360718
1344.721436
1367.082153
1389.442871
1411.803589
1434.164307
1456.525024
1478.885742
1500.000000
1500.000000
1500.000000
1500.000000
1300.000000
1300.000000
1300.000000
1300.000000
1300.000000
1300.000000
1300.000000
1300.000000
1300.000000
1300.000000
1322.360718
1344.721436
1367.082153
1389.442871
1411.803589
1434.164307
1456.525024
1478.885742
1500.000000
1500.000000
1500.000000
1500.000000
1500.000000
1500.000000
1300.000000
1300.000000
1300.000000
1300.000000
1300.000000
1300.000000
1300.000000
1300.000000
1300.000000
1300.000000
1300.000000
1300.000000
1322.360718
1344.721436
1367.082153
1389.442871
1300.000000
1300.000000
1300.000000
1300.000000
1300.000000
1300.000000
1300.000000
1322.360718
1344.721436
1367.082153
1389.442871
1411.803589
1300.000000
1300.000000
1300.000000
1300.000000
1300.000000
1300.000000
1322.360718
1300.000000
1300.000000
1322.360718
1344.721436
1367.082153
1389.442871
1411.803589
1434.164307
1456.525024
1478.885742
1500.000000
1500.000000
1500.000000
1522.360718
1500.000000
1500.000000
1500.000000
1500.000000
1500.000000
1500.000000
1500.000000
1500.000000
1500.000000
1522.360718
1544.721436
1567.082153
1500.000000
1500.000000
1500.000000
1500.000000
1500.000000
1500.000000
1522.360718
1544.721436
1500.000000
1500.000000
1500.000000
1522.360718
1544.721436
1567.082153
1589.442871
1611.803589
1634.164307
1656.525024
1678.885742
1701.246460
1723.607178
1745.967896
1300.000000
1300.000000
1300.000000
1300.000000
1300.000000
1300.000000
1300.000000
1300.000000
1300.000000
1300.000000
1300.000000
1300.000000
1300.000000
1300.000000
1300.000000
1300.000000
1300.000000
1300.000000
1300.000000
1300.000000
1300.000000
1300.000000
1300.000000
1300.000000
1300.000000
1300.000000
1300.000000
1300.000000
1300.000000
1300.000000
1300.000000
1300.000000
1300.000000
1300.000000
1300.000000
1300.000000
1300.000000
1300.000000
1300.000000
1300.000000
1300.000000
1300.000000
1300.000000
1300.000000
1300.000000
1300.000000
1300.000000
1300.000000
1300.000000
1300.000000
1300.000000
1300.000000
1300.000000
1300.000000
1300.000000
1300.000000
1300.000000
1300.000000
1300.000000
1300.000000
1300.000000
1300.000000
1300.000000
1300.000000
1322.360718
1344.721436
1367.082153
1389.442871
1411.803589
1434.164307
1456.525024
1478.885742
1501.246460
1523.607178
1545.967896
1568.328613
1590.689331
1613.050049
1635.410767
1657.771484
1680.132202
1702.492920
1724.853638
1747.214355
1769.575073
1791.935791
1814.296509
1836.657227
1300.000000
1300.000000
1300.000000
1300.000000
1300.000000
1300.000000
1300.000000
1300.000000
1300.000000
1300.000000
1300.000000
1300.000000
1300.000000
1300.000000
1300.000000
1300.000000
1300.000000
1300.000000
1300.000000
1300.000000
1300.000000
1300.000000
1300.000000
1300.000000
1300.000000
1300.000000
1300.000000
1300.000000
1300.000000
1300.000000
1300.000000
1300.000000
1300.000000
1300.000000
1300.000000
1300.000000
1300.000000
1300.000000
1300.000000
1300.000000
1300.000000
1300.000000
1300.000000
1300.000000
1300.000000
1300.000000
1300.000000
1300.000000
1300.000000
1300.000000
1300.000000
1300.000000
1300.000000
1300.000000
1300.000000
1300.000000
1300.000000
1322.360718
1344.721436
1367.082153
1389.442871
1411.803589
1434.164307
1456.525024
1478.885742
1501.246460
1523.607178
1545.967896
1568.328613
1590.689331
1613.050049
1635.410767
1657.771484
1680.132202
1702.492920
1724.853638
1747.214355
1769.575073
1791.935791
1814.296509
1836.657227
1859.017944
1300.000000
1300.000000
1300.000000
1300.000000
1300.000000
1300.000000
1300.000000
1300.000000
1300.000000
1300.000000
1300.000000
1300.000000
1300.000000
1300.000000
1300.000000
1300.000000
1300.000000
1300.000000
1300.000000
1300.000000
1300.000000
1300.000000
1300.000000
1300.000000
1300.000000
1300.000000
1300.000000
1300.000000
1300.000000
1300.000000
1300.000000
1300.000000
1300.000000
1300.000000
1300.000000
1300.000000
1300.000000
1300.000000
1300.000000
1300.000000
1300.000000
1300.000000
1300.000000
1300.000000
1300.000000
1300.000000
1300.000000
1300.000000
1300.000000
1300.000000
1300.000000
1300.000000
1300.000000
1300.000000
1322.360718
1344.721436
1367.082153
1389.442871
1411.803589
1434.164307
1456.525024
1478.885742
1501.246460
1523.607178
1545.967896
1568.328613
1590.689331
1500.000000
1500.000000
1500.000000
1500.000000
1500.000000
1500.000000
1522.360718
1544.721436
1567.082153
1500.000000
1500.000000
1500.000000
1500.000000
1522.360718
1544.721436
1567.082153
1589.442871
1611.803589
1634.164307
1656.525024
1678.885742
1701.246460
1723.607178
1745.967896
1768.328613
1790.689331
1813.050049
1835.410767
1857.771484
1880.132202
1300.000000
1300.000000
1300.000000
1300.000000
1300.000000
1300.000000
1300.000000
1300.000000
1300.000000
1300.000000
1300.000000
1300.000000
1300.000000
1300.000000
1300.000000
1300.000000
1300.000000
1300.000000
1300.000000
1300.000000
1300.000000
1300.000000
1300.000000
1300.000000
1300.000000
1300.000000
1300.000000
1300.000000
1300.000000
1300.000000
1300.000000
1300.000000
1300.000000
1300.000000
1300.000000
1300.000000
1300.000000
1300.000000
1300.000000
1300.000000
1300.000000
1300.000000
1300.000000
1300.000000
1300.000000
1300.000000
1300.000000
1300.000000
1300.000000
1300.000000
1300.000000
1300.000000
1300.000000
1300.000000
1300.000000
1300.000000
1300.000000
1300.000000
1300.000000
1300.000000
1322.360718
1300.000000
1300.000000
1300.000000
1300.000000
1300.000000
1300.000000
1300.000000
1300.000000
1300.000000
1300.000000
1300.000000
1300.000000
1300.000000
1300.000000
1300.000000
1300.000000
1300.000000
1300.000000
1300.000000
1300.000000
1300.000000
1300.000000
1300.000000
1300.000000
1300.000000
1300.000000
1300.000000
1300.000000
1322.360718
1300.000000
1300.000000
1300.000000
1300.000000
1300.000000
1300.000000
1300.000000
1300.000000
1300.000000
1300.000000
1300.000000
1300.000000
1300.000000
1300.000000
1300.000000
1300.000000
1300.000000
1300.000000
1300.000000
1300.000000
1300.000000
1300.000000
1300.000000
1300.000000
1300.000000
1300.000000
1300.000000
1300.000000
1300.000000
1300.000000
1300.000000
1300.000000
1300.000000
1300.000000
1300.000000
1300.000000
1300.000000
1300.000000
1322.360718
1344.721436
1367.082153
1389.442871
1411.803589
1434.164307
1456.525024
1478.885742
1501.246460
1523.607178
1545.967896
1568.328613
1590.689331
1613.050049
1635.410767
1657.771484
1680.132202
1702.492920
1724.853638
1747.214355
1769.575073
1500.000000
1500.000000
1500.000000
1500.000000
1500.000000
1500.000000
1500.000000
1500.000000
1500.000000
1500.000000
1500.000000
1500.000000
1500.000000
1500.000000
1522.360718
1544.721436
1567.082153
1589.442871
1611.803589
1634.164307
1656.525024
1678.885742
1701.246460
1500.000000
1500.000000
1500.000000
1500.000000
1500.000000
1500.000000
1500.000000
1500.000000
1500.000000
1500.000000
1522.360718
1544.721436
1567.082153
1589.442871
1611.803589
1634.164307
1656.525024
1678.885742
1701.246460
1723.607178
1745.967896
1768.328613
1790.689331
1813.050049
1835.410767
1857.771484
1880.132202
1902.492920
1924.853638
1947.214355
1969.575073
1991.935791
2014.296509
2036.657227
2059.017822
2081.378418
2103.739014
2126.099609
2148.460205
2170.820801
2193.181396
2215.541992
2237.902588
2260.263184
2282.623779
2304.984375
2327.344971
2349.705566
2372.066162
2394.426758
2416.787354
1300.000000
1300.000000
1300.000000
1300.000000
1300.000000
1300.000000
1300.000000
1300.000000
1300.000000
1300.000000
1300.000000
1300.000000
1300.000000
1300.000000
1300.000000
1300.000000
1300.000000
1300.000000
1300.000000
1300.000000
1300.000000
1300.000000
1300.000000
1300.000000
1300.000000
1300.000000
1300.000000
1300.000000
1300.000000
1300.000000
1300.000000
1300.000000
1300.000000
1300.000000
1300.000000
1300.000000
1300.000000
1300.000000
1300.000000
1300.000000
1300.000000
1300.000000
1300.000000
1300.000000
1300.000000
1300.000000
1300.000000
1300.000000
1300.000000
1300.000000
1300.000000
1300.000000
1300.000000
1300.000000
1300.000000
1300.000000
1300.000000
1300.000000
1300.000000
1300.000000
1300.000000
1300.000000
1300.000000
1300.000000
1300.000000
1300.000000
1322.360718
1344.721436
1367.082153
1300.000000
1300.000000
1300.000000
1300.000000
1300.000000
1300.000000
1300.000000
1300.000000
1300.000000
1300.000000
1300.000000
1300.000000
1300.000000
1300.000000
1300.000000
1300.000000
1300.000000
1300.000000
1300.000000
1300.000000
1300.000000
1300.000000
1300.000000
1322.360718
1344.721436
1300.000000
1300.000000
1300.000000
1300.000000
1300.000000
1300.000000
1300.000000
1300.000000
1300.000000
1300.000000
1300.000000
1300.000000
1300.000000
1300.000000
1300.000000
1300.000000
1300.000000
1300.000000
1300.000000
1300.000000
1300.000000
1300.000000
1300.000000
1300.000000
1300.000000
1300.000000
1300.000000
1300.000000
1300.000000
1300.000000
1300.000000
1300.000000
1300.000000
1300.000000
1300.000000
1300.000000
1300.000000
1300.000000
1300.000000
1300.000000
1300.000000
1300.000000
1300.000000
1300.000000
1322.360718
1300.000000
1300.000000
1300.000000
1300.000000
1300.000000
1300.000000
1300.000000
1300.000000
1300.000000
1300.000000
1300.000000
1300.000000
1300.000000
1300.000000
1300.000000
1300.000000
1300.000000
1300.000000
1300.000000
1300.000000
1300.000000
1300.000000
1300.000000
1300.000000
1300.000000
1300.000000
1300.000000
1300.000000
1300.000000
1300.000000
1300.000000
1300.000000
1300.000000
1300.000000
1300.000000
1300.000000
1300.000000
1300.000000
1300.000000
1300.000000
1300.000000
1300.000000
1300.000000
1300.000000
1322.360718
1300.000000
1300.000000
1300.000000
1300.000000
1300.000000
1300.000000
1300.000000
1300.000000
1300.000000
1300.000000
1300.000000
1300.000000
1300.000000
1300.000000
1300.000000
1300.000000
1300.000000
1300.000000
1300.000000
1300.000000
1300.000000
1300.000000
1300.000000
1300.000000
1300.000000
1322.360718
1344.721436
1367.082153
1300.000000
1300.000000
1300.000000
1300.000000
1300.000000
1300.000000
1300.000000
1300.000000
1300.000000
1300.000000
1300.000000
1300.000000
1300.000000
1300.000000
1300.000000
1300.000000
1300.000000
1300.000000
1300.000000
1300.000000
1300.000000
1300.000000
1300.000000
1300.000000
1322.360718
1300.000000
1300.000000
1300.000000
1300.000000
1300.000000
1300.000000
1300.000000
1300.000000
1322.360718
1344.721436
1300.000000
1300.000000
1300.000000
1300.000000
1300.000000
1300.000000
1300.000000
1300.000000
1300.000000
1300.000000
1300.000000
1300.000000
1300.000000
1300.000000
1322.360718
1300.000000
1300.000000
1300.000000
1300.000000
1300.000000
1300.000000
1300.000000
1300.000000
1300.000000
1300.000000
1322.360718
1300.000000
1300.000000
1300.000000
1300.000000
1300.000000
1300.000000
1300.000000
1300.000000
1300.000000
1300.000000
1300.000000
1300.000000
1300.000000
1300.000000
1300.000000
1300.000000
1300.000000
1300.000000
1300.000000
1300.000000
1300.000000
1300.000000
1300.000000
1300.000000
1300.000000
1322.360718
1300.000000
1300.000000
1300.000000
1300.000000
1300.000000
1300.000000
1300.000000
1300.000000
1300.000000
1300.000000
1300.000000
1300.000000
1322.360718
1344.721436
1367.082153
1389.442871
1411.803589
1434.164307
1456.525024
1478.885742
1501.246460
1523.607178
1545.967896
1568.328613
1590.689331
1613.050049
1635.410767
1657.771484
1680.132202
1702.492920
1300.000000
1300.000000
1300.000000
1300.000000
1300.000000
1300.000000
1300.000000
1300.000000
1300.000000
1300.000000
1300.000000
1300.000000
1300.000000
1300.000000
1300.000000
1300.000000
1300.000000
1300.000000
1300.000000
1300.000000
1300.000000
1300.000000
1300.000000
1300.000000
1300.000000
1300.000000
1300.000000
1300.000000
1300.000000
1300.000000
1300.000000
1300.000000
1300.000000
1322.360718
1300.000000
1300.000000
1300.000000
1300.000000
1300.000000
1300.000000
1300.000000
1300.000000
1300.000000
1300.000000
1300.000000
1300.000000
1300.000000
1300.000000
1300.000000
1300.000000
1300.000000
1300.000000
1300.000000
1300.000000
1300.000000
1300.000000
1300.000000
1300.000000
1300.000000
1300.000000
1300.000000
1300.000000
1300.000000
1300.000000
1300.000000
1300.000000
1300.000000
1322.360718
1344.721436
1367.082153
1389.442871
1411.803589
1434.164307
1456.525024
1478.885742
1501.246460
1523.607178
1545.967896
1568.328613
1590.689331
1613.050049
1635.410767
1657.771484
1680.132202
1702.492920
1724.853638
1747.214355
1769.575073
1791.935791
1814.296509
1836.657227
1859.017944
1881.378662
1903.739380
1926.100098
1300.000000
1300.000000
1300.000000
1300.000000
1300.000000
1300.000000
1300.000000
1300.000000
1300.000000
1300.000000
1300.000000
1300.000000
1300.000000
1300.000000
1300.000000
1300.000000
1300.000000
1300.000000
1300.000000
1300.000000
1300.000000
1300.000000
1300.000000
1300.000000
1300.000000
1300.000000
1300.000000
1300.000000
1300.000000
1300.000000
1300.000000
1300.000000
1300.000000
1300.000000
1300.000000
1300.000000
1300.000000
1300.000000
1300.000000
1300.000000
1300.000000
1300.000000
1300.000000
1300.000000
1300.000000
1322.360718
1344.721436
1367.082153
1389.442871
1411.803589
1434.164307
1456.525024
1478.885742
1501.246460
1523.607178
1545.967896
1568.328613
1590.689331
1613.050049
1635.410767
1657.771484
1680.132202
1702.492920
1724.853638
1747.214355
1769.575073
1791.935791
1814.296509
1836.657227
1859.017944
1881.378662
1903.739380
1926.100098
1300.000000
1300.000000
1300.000000
1300.000000
1300.000000
1300.000000
1300.000000
1300.000000
1300.000000
1300.000000
1300.000000
1300.000000
1300.000000
1300.000000
1300.000000
1300.000000
1300.000000
1300.000000
1300.000000
1300.000000
1300.000000
1300.000000
1300.000000
1300.000000
1300.000000
1300.000000
1300.000000
1300.000000
1300.000000
1300.000000
1300.000000
1300.000000
1300.000000
1300.000000
1300.000000
1300.000000
1300.000000
1300.000000
1300.000000
1300.000000
1300.000000
1300.000000
1322.360718
1300.000000
1300.000000
1300.000000
1300.000000
1300.000000
1300.000000
1300.000000
1300.000000
1300.000000
1300.000000
1300.000000
1300.000000
1300.000000
1300.000000
1300.000000
1300.000000
1300.000000
1300.000000
1300.000000
1300.000000
1300.000000
1300.000000
1300.000000
1300.000000
1300.000000
1300.000000
1300.000000
1300.000000
1300.000000
1300.000000
1300.000000
1300.000000
1300.000000
1300.000000
1300.000000
1300.000000
1300.000000
1300.000000
1300.000000
1300.000000
1300.000000
1300.000000
1300.000000
1300.000000
1322.360718
1344.721436
1300.000000
1300.000000
1300.000000
1300.000000
1300.000000
1300.000000
1300.000000
1300.000000
1300.000000
1300.000000
1300.000000
1300.000000
1300.000000
1300.000000
1300.000000
1300.000000
1322.360718
1344.721436
1300.000000
1300.000000
1300.000000
1300.000000
1300.000000
1300.000000
1300.000000
1300.000000
1300.000000
1300.000000
1300.000000
1300.000000
1300.000000
1300.000000
1322.360718
1344.721436
1367.082153
1300.000000
1300.000000
1300.000000
1300.000000
1300.000000
1300.000000
1300.000000
1300.000000
1300.000000
1300.000000
1300.000000
1300.000000
1300.000000
1322.360718
1344.721436
1300.000000
1300.000000
1300.000000
1300.000000
1300.000000
1300.000000
1300.000000
1300.000000
1300.000000
1300.000000
1300.000000
1300.000000
1300.000000
1300.000000
1300.000000
1300.000000
1300.000000
1300.000000
1300.000000
1300.000000
1300.000000
1300.000000
1300.000000
1300.000000
1300.000000
1300.000000
1300.000000
1300.000000
1300.000000
1322.360718
1344.721436
1300.000000
1300.000000
1300.000000
1300.000000
1300.000000
1300.000000
1300.000000
1300.000000
1300.000000
1300.000000
1300.000000
1322.360718
1344.721436
1367.082153
1300.000000
1300.000000
1300.000000
1300.000000
1300.000000
1300.000000
1300.000000
1300.000000
1300.000000
1300.000000
1300.000000
1300.000000
1300.000000
1322.360718
1344.721436
1300.000000
1300.000000
1300.000000
1300.000000
1300.000000
1300.000000
1300.000000
1300.000000
1300.000000
1300.000000
1322.360718
1344.721436
1367.082153
1389.442871
1300.000000
1300.000000
1300.000000
1300.000000
1300.000000
1300.000000
1300.000000
1300.000000
1300.000000
1300.000000
1300.000000
1300.000000
1300.000000
1300.000000
1300.000000
1300.000000
1300.000000
1300.000000
1300.000000
1300.000000
1300.000000
1300.000000
1300.000000
1300.000000
1300.000000
1300.000000
1300.000000
1300.000000
1322.360718
1344.721436
1367.082153
1300.000000
1300.000000
1300.000000
1300.000000
1300.000000
1300.000000
1300.000000
1300.000000
1300.000000
1300.000000
1300.000000
1300.000000
1300.000000
1300.000000
1300.000000
1300.000000
1300.000000
1322.360718
1344.721436
1300.000000
1300.000000
1300.000000
1300.000000
1300.000000
1300.000000
1300.000000
1300.000000
1300.000000
1300.000000
1300.000000
1300.000000
1300.000000
1300.000000
1300.000000
1300.000000
1300.000000
1300.000000
1300.000000
1300.000000
1300.000000
1300.000000
1300.000000
1300.000000
1300.000000
1300.000000
1300.000000
1322.360718
1344.721436
1300.000000
1300.000000
1300.000000
1300.000000
1300.000000
1300.000000
1300.000000
1300.000000
1300.000000
1300.000000
1300.000000
1300.000000
1300.000000
1300.000000
1300.000000
1300.000000
1300.000000
1300.000000
1300.000000
1322.360718
1344.721436
1367.082153
1300.000000
1300.000000
1300.000000
1300.000000
1300.000000
1300.000000
1300.000000
1300.000000
1300.000000
1300.000000
1300.000000
1300.000000
1300.000000
1300.000000
1300.000000
1300.000000
1300.000000
1300.000000
1300.000000
1300.000000
1300.000000
1300.000000
1300.000000
1300.000000
1300.000000
1300.000000
1300.000000
1300.000000
1322.360718
1344.721436
1300.000000
1300.000000
1300.000000
1300.000000
1300.000000
1300.000000
1300.000000
1300.000000
1300.000000
1300.000000
1300.000000
1300.000000
1300.000000
1322.360718
1344.721436
1367.082153
1300.000000
1300.000000
1300.000000
1300.000000
1300.000000
1300.000000
1300.000000
1300.000000
1300.000000
1300.000000
1300.000000
1300.000000
1300.000000
1300.000000
1322.360718
1344.721436
1367.082153
1389.442871
1411.803589
1434.164307
1456.525024
1478.885742
1501.246460
1523.607178
1545.967896
1568.328613
1590.689331
1613.050049
1635.410767
1657.771484
1680.132202
1702.492920
1724.853638
1747.214355
1769.575073
1300.000000
1300.000000
1300.000000
1300.000000
1300.000000
1300.000000
1300.000000
1300.000000
1300.000000
1300.000000
1300.000000
1300.000000
1300.000000
1300.000000
1300.000000
1300.000000
1300.000000
1300.000000
1300.000000
1300.000000
1300.000000
1300.000000
1300.000000
1300.000000
1300.000000
1300.000000
1300.000000
1300.000000
1300.000000
1300.000000
1300.000000
1300.000000
1300.000000
1300.000000
1300.000000
1300.000000
1300.000000
1300.000000
1300.000000
1300.000000
1300.000000
1300.000000
1300.000000
1300.000000
1300.000000
1300.000000
1300.000000
1300.000000
1300.000000
1300.000000
1300.000000
1300.000000
1300.000000
1300.000000
1300.000000
1300.000000
1300.000000
1300.000000
1300.000000
1300.000000
1300.000000
1300.000000
1300.000000
1300.000000
1300.000000
1300.000000
1300.000000
1300.000000
1300.000000
1300.000000
1300.000000
1300.000000
1300.000000
1300.000000
1322.360718
1300.000000
1300.000000
1300.000000
1300.000000
1300.000000
1300.000000
1300.000000
1300.000000
1300.000000
1300.000000
1300.000000
1300.000000
1300.000000
1300.000000
1300.000000
1300.000000
1300.000000
1300.000000
1300.000000
1300.000000
1300.000000
1300.000000
1300.000000
1300.000000
1300.000000
1300.000000
1300.000000
1300.000000
1300.000000
1300.000000
1300.000000
1322.360718
1300.000000
1300.000000
1300.000000
1300.000000
1300.000000
1300.000000
1300.000000
1300.000000
1300.000000
1300.000000
1300.000000
1300.000000
1300.000000
1300.000000
1300.000000
1300.000000
1300.000000
1300.000000
1300.000000
1300.000000
1300.000000
1300.000000
1300.000000
1300.000000
1300.000000
1300.000000
1300.000000
1300.000000
1300.000000
1300.000000
1300.000000
1300.000000
1300.000000
1300.000000
1300.000000
1300.000000
1322.360718
1300.000000
1300.000000
1300.000000
1300.000000
1300.000000
1300.000000
1300.000000
1300.000000
1300.000000
1300.000000
1300.000000
1300.000000
1300.000000
1300.000000
1300.000000
1300.000000
1300.000000
1300.000000
1300.000000
1300.000000
1300.000000
1300.000000
1300.000000
1300.000000
1300.000000
1300.000000
1300.000000
1300.000000
1300.000000
1300.000000
1300.000000
1300.000000
1300.000000
1322.360718
1344.721436
1367.082153
1389.442871
1411.803589
1434.164307
1456.525024
1478.885742
1501.246460
1523.607178
1545.967896
1300.000000
1300.000000
1300.000000
1300.000000
1300.000000
1300.000000
1300.000000
1300.000000
1300.000000
1300.000000
1300.000000
1300.000000
1300.000000
1300.000000
1300.000000
1300.000000
1300.000000
1300.000000
1300.000000
1300.000000
1300.000000
1300.000000
1300.000000
1300.000000
1300.000000
1300.000000
1300.000000
1300.000000
1300.000000
1300.000000
1300.000000
1300.000000
1300.000000
1300.000000
1300.000000
1300.000000
1300.000000
1300.000000
1300.000000
1300.000000
1300.000000
1300.000000
1300.000000
1300.000000
1300.000000
1300.000000
1300.000000
1300.000000
1322.360718
1344.721436
1367.082153
1389.442871
1411.803589
1434.164307
1456.525024
1478.885742
1500.000000
1500.000000
1500.000000
1522.360718
1544.721436
1567.082153
1589.442871
1611.803589
1634.164307
1656.525024
1678.885742
1701.246460
1723.607178
1745.967896
1300.000000
1300.000000
1300.000000
1300.000000
1300.000000
1300.000000
1300.000000
1300.000000
1300.000000
1300.000000
1300.000000
1300.000000
1300.000000
1300.000000
1300.000000
1300.000000
1300.000000
1300.000000
1300.000000
1300.000000
1300.000000
1300.000000
1300.000000
1300.000000
1300.000000
1300.000000
1300.000000
1300.000000
1300.000000
1300.000000
1300.000000
1300.000000
1300.000000
1300.000000
1300.000000
1300.000000
1300.000000
1300.000000
1300.000000
1300.000000
1300.000000
1300.000000
1300.000000
1300.000000
1300.000000
1300.000000
1300.000000
1300.000000
1300.000000
1300.000000
1300.000000
1300.000000
1300.000000
1300.000000
1300.000000
1300.000000
1300.000000
1300.000000
1300.000000
1322.360718
1300.000000
1300.000000
1300.000000
1300.000000
1300.000000
1300.000000
1300.000000
1300.000000
1300.000000
1300.000000
1300.000000
1300.000000
1300.000000
1300.000000
1300.000000
1300.000000
1300.000000
1300.000000
1300.000000
1322.360718
1344.721436
1367.082153
1389.442871
1411.803589
1434.164307
1456.525024
1478.885742
1500.000000
1522.360718
1544.721436
1567.082153
1589.442871
1611.803589
1634.164307
1656.525024
1678.885742
1701.246460
1723.607178
1745.967896
1768.328613
1790.689331
1813.050049
1835.410767
1857.771484
1880.132202
1902.492920
1924.853638
1947.214355
1969.575073
1991.935791
2014.296509
2036.657227
2059.017822
2081.378418
2103.739014
1300.000000
1300.000000
1300.000000
1300.000000
1300.000000
1300.000000
1300.000000
1300.000000
1300.000000
1300.000000
1300.000000
1300.000000
1300.000000
1300.000000
1300.000000
1300.000000
1300.000000
1300.000000
1300.000000
1300.000000
1300.000000
1300.000000
1300.000000
1300.000000
1300.000000
1300.000000
1300.000000
1300.000000
1300.000000
1300.000000
1300.000000
1300.000000
1300.000000
1300.000000
1300.000000
1300.000000
1300.000000
1300.000000
1300.000000
1300.000000
1300.000000
1300.000000
1300.000000
1300.000000
1300.000000
1300.000000
1300.000000
1300.000000
1300.000000
1300.000000
1300.000000
1300.000000
1300.000000
1300.000000
1300.000000
1300.000000
1300.000000
1300.000000
1300.000000
1300.000000
1300.000000
1300.000000
1300.000000
1300.000000
1300.000000
1300.000000
1300.000000
1300.000000
1300.000000
1300.000000
1300.000000
1300.000000
1300.000000
1300.000000
1300.000000
1300.000000
1300.000000
1300.000000
1300.000000
1300.000000
1300.000000
1300.000000
1300.000000
1300.000000
1300.000000
1300.000000
1300.000000
1300.000000
1300.000000
1300.000000
1300.000000
1300.000000
1300.000000
1300.000000
1300.000000
1300.000000
1300.000000
1300.000000
1300.000000
1300.000000
1300.000000
1300.000000
1300.000000
1300.000000
1300.000000
1300.000000
1300.000000
1300.000000
1300.000000
1300.000000
1300.000000
1300.000000
1300.000000
1300.000000
1300.000000
1300.000000
1300.000000
1300.000000
1300.000000
1300.000000
1300.000000
1300.000000
1300.000000
1300.000000
1300.000000
1300.000000
1300.000000
1300.000000
1300.000000
1300.000000
1300.000000
1300.000000
1300.000000
1300.000000
1300.000000
1300.000000
1300.000000
1300.000000
1300.000000
1300.000000
1300.000000
1300.000000
1300.000000
1300.000000
1300.000000
1300.000000
1300.000000
1300.000000
1300.000000
1300.000000
1300.000000
1300.000000
1300.000000
1300.000000
1300.000000
1300.000000
1300.000000
1300.000000
1300.000000
1300.000000
1300.000000
1300.000000
1300.000000
1300.000000
1300.000000
1300.000000
1300.000000
1300.000000
1300.000000
1300.000000
1300.000000
1300.000000
1300.000000
1300.000000
1300.000000
1300.000000
1300.000000
1300.000000
1300.000000
1300.000000
1300.000000
1300.000000
1300.000000
1300.000000
1300.000000
1300.000000
1300.000000
1300.000000
1300.000000
1300.000000
1300.000000
1300.000000
1300.000000
1300.000000
1300.000000
1300.000000
1300.000000
1300.000000
1300.000000
1300.000000
1300.000000
1300.000000
1300.000000
1300.000000
1300.000000
1300.000000
1300.000000
1300.000000
1300.000000
1300.000000
1300.000000
1300.000000
1300.000000
1300.000000
1300.000000
1300.000000
1300.000000
1300.000000
1300.000000
1300.000000
1300.000000
1300.000000
1300.000000
1300.000000
1300.000000
1300.000000
1300.000000
1300.000000
1300.000000
1300.000000
1300.000000
1300.000000
1300.000000
1300.000000
1300.000000
1300.000000
1300.000000
1300.000000
1300.000000
1300.000000
1300.000000
1300.000000
1300.000000
1300.000000
1300.000000
1300.000000
1300.000000
1300.000000
1300.000000
1300.000000
1300.000000
1300.000000
1300.000000
1300.000000
1300.000000
1300.000000
1300.000000
1300.000000
1300.000000
1300.000000
1300.000000
1300.000000
1300.000000
1300.000000
1300.000000
1300.000000
1300.000000
1300.000000
1300.000000
1300.000000
1300.000000
1300.000000
1300.000000
1300.000000
1300.000000
1300.000000
1300.000000
1300.000000
1300.000000
1300.000000
1300.000000
1300.000000
1300.000000
1300.000000
1300.000000
1300.000000
1300.000000
1300.000000
1300.000000
1300.000000
1300.000000
1300.000000
1300.000000
1300.000000
1300.000000
1300.000000
1300.000000
1300.000000
1300.000000
1300.000000
1300.000000
1300.000000
1300.000000
1300.000000
1300.000000
1300.000000
1300.000000
1300.000000
1300.000000
1300.000000
1300.000000
1300.000000
1300.000000
1300.000000
1300.000000
1300.000000
1300.000000
1300.000000
1300.000000
1300.000000
1300.000000
1300.000000
1300.000000
1300.000000
1300.000000
1300.000000
1300.000000
1300.000000
1300.000000
1300.000000
1300.000000
1300.000000
1300.000000
1300.000000
1300.000000
1300.000000
1300.000000
1300.000000
1300.000000
1300.000000
1300.000000
1300.000000
1300.000000
1300.000000
1300.000000
1300.000000
1300.000000
1300.000000
1300.000000
1300.000000
1300.000000
1300.000000
1300.000000
1300.000000
1300.000000
1300.000000
1300.000000
1300.000000
1300.000000
1300.000000
1300.000000
1300.000000
1300.000000
1300.000000
1300.000000
1300.000000
1300.000000
1300.000000
1300.000000
1300.000000
1300.000000
1300.000000
1300.000000
1300.000000
1300.000000
1300.000000
1300.000000
1300.000000
1300.000000
1300.000000
1300.000000
1300.000000
1300.000000
1300.000000
1300.000000
1300.000000
1300.000000
1300.000000
1300.000000
1300.000000
1300.000000
1300.000000
1300.000000
1300.000000
1300.000000
1300.000000
1300.000000
1300.000000
1300.000000
1300.000000
1300.000000
1300.000000
1300.000000
1300.000000
1300.000000
1300.000000
1300.000000
1300.000000
1300.000000
1300.000000
1300.000000
1300.000000
1300.000000
1300.000000
1300.000000
1300.000000
1300.000000
1300.000000
1300.000000
1300.000000
1300.000000
1300.000000
1300.000000
1300.000000
1300.000000
1300.000000
1300.000000
1300.000000
1300.000000
1300.000000
1300.000000
1300.000000
1300.000000
1300.000000
1300.000000
1300.000000
1300.000000
1300.000000
1300.000000
1300.000000
1300.000000
1300.000000
1300.000000
1300.000000
1300.000000
1300.000000
1300.000000
1300.000000
1300.000000
1300.000000
1300.000000
1300.000000
1300.000000
1300.000000
1300.000000
1300.000000
1300.000000
1300.000000
1300.000000
1300.000000
1300.000000
1300.000000
1300.000000
1300.000000
1300.000000
1300.000000
1300.000000
1300.000000
1300.000000
1300.000000
1300.000000
1300.000000
1300.000000
1300.000000
1300.000000
1300.000000
1300.000000
1300.000000
1300.000000
1300.000000
1300.000000
1300.000000
1300.000000
1300.000000
1300.000000
1300.000000
1300.000000
1300.000000
1300.000000
1300.000000
1300.000000
1300.000000
1300.000000
1300.000000
1300.000000
1300.000000
1300.000000
1300.000000
1300.000000
1300.000000
1300.000000
1300.000000
1300.000000
1300.000000
1300.000000
1300.000000
1300.000000
1300.000000
1300.000000
1300.000000
1300.000000
1300.000000
1300.000000
1300.000000
1300.000000
1300.000000
1300.000000
1300.000000
1300.000000
1300.000000
1300.000000
1300.000000
1300.000000
1300.000000
1300.000000
1300.000000
1300.000000
1300.000000
1300.000000
1300.000000
1300.000000
1300.000000
1300.000000
1300.000000
1300.000000
1300.000000
1300.000000
1300.000000
1300.000000
1300.000000
1300.000000
1300.000000
1300.000000
1300.000000
1300.000000
1300.000000
1300.000000
1300.000000
1300.000000
1300.000000
1300.000000
1300.000000
1300.000000
1300.000000
1300.000000
1300.000000
1300.000000
1300.000000
1300.000000
1300.000000
1300.000000
1300.000000
1300.000000
1300.000000
1300.000000
1300.000000
1300.000000
1300.000000
1300.000000
1300.000000
1300.000000
1300.000000
1300.000000
1300.000000
1300.000000
1300.000000
1300.000000
1300.000000
1300.000000
1300.000000
1300.000000
1300.000000
1300.000000
1300.000000
1300.000000
1300.000000
1300.000000
1300.000000
1300.000000
1300.000000
1300.000000
1300.000000
1300.000000
1300.000000
1300.000000
1300.000000
1300.000000
1300.000000
1300.000000
1300.000000
1300.000000
1300.000000
1300.000000
1300.000000
1300.000000
1300.000000
1300.000000
1300.000000
1300.000000
1300.000000
1300.000000
1300.000000
1300.000000
1300.000000
1300.000000
1300.000000
1300.000000
1300.000000
1300.000000
1300.000000
1300.000000
1300.000000
1300.000000
1300.000000
1300.000000
1300.000000
1300.000000
1300.000000
1300.000000
1300.000000
1300.000000
1300.000000
1300.000000
1300.000000
1300.000000
1300.000000
1300.000000
1300.000000
1300.000000
1300.000000
1300.000000
1300.000000
1300.000000
1300.000000
1300.000000
1300.000000
1300.000000
1300.000000
1300.000000
1300.000000
1300.000000
1300.000000
1300.000000
1300.000000
1300.000000
1300.000000
1300.000000
1300.000000
1300.000000
1300.000000
1300.000000
1300.000000
1300.000000
1300.000000
1300.000000
1300.000000
1300.000000
1300.000000
1300.000000
1300.000000
1300.000000
1300.000000
1300.000000
1300.000000
1300.000000
1300.000000
1300.000000
1300.000000
1300.000000
1300.000000
1300.000000
1300.000000
1300.000000
1300.000000
1300.000000
1300.000000
1300.000000
1300.000000
1300.000000
1300.000000
1300.000000
1300.000000
1300.000000
1300.000000
1300.000000
1300.000000
1300.000000
1300.000000
1300.000000
1300.000000
1300.000000
1300.000000
1300.000000
1300.000000
1300.000000
1300.000000
1300.000000
1300.000000
1300.000000
1300.000000
1300.000000
1300.000000
1300.000000
1300.000000
1300.000000
1300.000000
1300.000000
1300.000000
1300.000000
1300.000000
1300.000000
1300.000000
1300.000000
1300.000000
1300.000000
1300.000000
1300.000000
1300.000000
1300.000000
1300.000000
1300.000000
1300.000000
1300.000000
1300.000000
1300.000000
1300.000000
1300.000000
1300.000000
1300.000000
1300.000000
1300.000000
1300.000000
1300.000000
1300.000000
1300.000000
1300.000000
1300.000000
1300.000000
1300.000000
1300.000000
1300.000000
1300.000000
1300.000000
1300.000000
1300.000000
1300.000000
1300.000000
1300.000000
1300.000000
1300.000000
1300.000000
1300.000000
1300.000000
1300.000000
1300.000000
1300.000000
1300.000000
1300.000000
1300.000000
1300.000000
1300.000000
1300.000000
1300.000000
1300.000000
1300.000000
1300.000000
1300.000000
1300.000000
1300.000000
1300.000000
1300.000000
1300.000000
1300.000000
1300.000000
1300.000000
1300.000000
1300.000000
1300.000000
1300.000000
1300.000000
1300.000000
1300.000000
1300.000000
1300.000000
1300.000000
1300.000000
1300.000000
1300.000000
1300.000000
1300.000000
1300.000000
1300.000000
1300.000000
1300.000000
1300.000000
1300.000000
1300.000000
1300.000000
1300.000000
1300.000000
1300.000000
1300.000000
1300.000000
1300.000000
1300.000000
1300.000000
1300.000000
1300.000000
1300.000000
1300.000000
1300.000000
1300.000000
1300.000000
1300.000000
1300.000000
1300.000000
1300.000000
1300.000000
1300.000000
1300.000000
1300.000000
1300.000000
1300.000000
1300.000000
1300.000000
1300.000000
1300.000000
1300.000000
1300.000000
1300.000000
1300.000000
1300.000000
1300.000000
1300.000000
1300.000000
1300.000000
1300.000000
1300.000000
1300.000000
1300.000000
1300.000000
1300.000000
1300.000000
1300.000000
1300.000000
1300.000000
1300.000000
1300.000000
1300.000000
1300.000000
1300.000000
1300.000000
1300.000000
1300.000000
1300.000000
1300.000000
1300.000000
1300.000000
1300.000000
1300.000000
1300.000000
1300.000000
1300.000000
1300.000000
1300.000000
1300.000000
1300.000000
1300.000000
1300.000000
1300.000000
1300.000000
1300.000000
1300.000000
1300.000000
1300.000000
1300.000000
1300.000000
1300.000000
1300.000000
1300.000000
1300.000000
1300.000000
1300.000000
1300.000000
1300.000000
1300.000000
1300.000000
1300.000000
1300.000000
1300.000000
1300.000000
1300.000000
1300.000000
1300.000000
1300.000000
1300.000000
1300.000000
1300.000000
1300.000000
1300.000000
1300.000000
1300.000000
1300.000000
1300.000000
1300.000000
1300.000000
1300.000000
1300.000000
1300.000000
1300.000000
1300.000000
1300.000000
1300.000000
1300.000000
1300.000000
1300.000000
1300.000000
1300.000000
1300.000000
1300.000000
1300.000000
1300.000000
1300.000000
1300.000000
1300.000000
1300.000000
1300.000000
1300.000000
1300.000000
1300.000000
1300.000000
1300.000000
1300.000000
1300.000000
1300.000000
1300.000000
1300.000000
1300.000000
1300.000000
1300.000000
1300.000000
1300.000000
1300.000000
1300.000000
1300.000000
1300.000000
1300.000000
1300.000000
1300.000000
1300.000000
1300.000000
1300.000000
1300.000000
1300.000000
1300.000000
1300.000000
1300.000000
1300.000000
1300.000000
1300.000000
1300.000000
1300.000000
1300.000000
1300.000000
1300.000000
1300.000000
1300.000000
1300.000000
1300.000000
1300.000000
1300.000000
1300.000000
1300.000000
1300.000000
1300.000000
1300.000000
1300.000000
1300.000000
1300.000000
1300.000000
1300.000000
1300.000000
1300.000000
1300.000000
1300.000000
1300.000000
1300.000000
1300.000000
1300.000000
1300.000000
1300.000000
1300.000000
1300.000000
1300.000000
1300.000000
1300.000000
1300.000000
1300.000000
1300.000000
1300.000000
1300.000000
1300.000000
1300.000000
1300.000000
1300.000000
1300.000000
1300.000000
1300.000000
1300.000000
1300.000000
1300.000000
1300.000000
1300.000000
1300.000000
1300.000000
1300.000000
1300.000000
1300.000000
1300.000000
1300.000000
1300.000000
1300.000000
1300.000000
1300.000000
1300.000000
1300.000000
1300.000000
1300.000000
1300.000000
1300.000000
1300.000000
1300.000000
1300.000000
1300.000000
1300.000000
1300.000000
1300.000000
1300.000000
1300.000000
1300.000000
1300.000000
1300.000000
1300.000000
1300.000000
1300.000000
1300.000000
1300.000000
1300.000000
1300.000000
1300.000000
1300.000000
1300.000000
1300.000000
1300.000000
1300.000000
1300.000000
1300.000000
1300.000000
1300.000000
1300.000000
1300.000000
1300.000000
1300.000000
1300.000000
1300.000000
1300.000000
1300.000000
1300.000000
1300.000000
1300.000000
1300.000000
1300.000000
1300.000000
1300.000000
1300.000000
1300.000000
1300.000000
1300.000000
1300.000000
1300.000000
1300.000000
1300.000000
1300.000000
1300.000000
1300.000000
1300.000000
1300.000000
1300.000000
1300.000000
1300.000000
1300.000000
1300.000000
1300.000000
1300.000000
1300.000000
1300.000000
1300.000000
1300.000000
1300.000000
1300.000000
1300.000000
1300.000000
1300.000000
1300.000000
1300.000000
1300.000000
1300.000000
1300.000000
1300.000000
1300.000000
1300.000000
1300.000000
1300.000000
1300.000000
1300.000000
1300.000000
1300.000000
1300.000000
1300.000000
1300.000000
1300.000000
1300.000000
1300.000000
1300.000000
1300.000000
1300.000000
1300.000000
1300.000000
1300.000000
1300.000000
1300.000000
1300.000000
1300.000000
1300.000000
1300.000000
1300.000000
1300.000000
1300.000000
1300.000000
1300.000000
1300.000000
1300.000000
1300.000000
1300.000000
1300.000000
1300.000000
1300.000000
1300.000000
1300.000000
1300.000000
1300.000000
1300.000000
1300.000000
1300.000000
1300.000000
1300.000000
1300.000000
1300.000000
1300.000000
1300.000000
1300.000000
1300.000000
1300.000000
1300.000000
1300.000000
1300.000000
1300.000000
1300.000000
1300.000000
1300.000000
1300.000000
1300.000000
1300.000000
1300.000000
1300.000000
1300.000000
1300.000000
1300.000000
1300.000000
1300.000000
1300.000000
1300.000000
1300.000000
1300.000000
1300.000000
1300.000000
1300.000000
1300.000000
1300.000000
1300.000000
1300.000000
1300.000000
1300.000000
1300.000000
1300.000000
1300.000000
1300.000000
1300.000000
1300.000000
1300.000000
1300.000000
1300.000000
1300.000000
1300.000000
1300.000000
1300.000000
1300.000000
1300.000000
1300.000000
1300.000000
1300.000000
1300.000000
1300.000000
1300.000000
1300.000000
1300.000000
1300.000000
1300.000000
1300.000000
1300.000000
1300.000000
1300.000000
1300.000000
1300.000000
1300.000000
1300.000000
1300.000000
1300.000000
1300.000000
1300.000000
1300.000000
1300.000000
1300.000000
1300.000000
1300.000000
1300.000000
1300.000000
1300.000000
1300.000000
1300.000000
1300.000000
1300.000000
1300.000000
1300.000000
1300.000000
1300.000000
1300.000000
1300.000000
1300.000000
1300.000000
1300.000000
1300.000000
1300.000000
1300.000000
1300.000000
1300.000000
1300.000000
1300.000000
1300.000000
1300.000000
1300.000000
1300.000000
1300.000000
1300.000000
1300.000000
1300.000000
1300.000000
1300.000000
1300.000000
1300.000000
1300.000000
1300.000000
1300.000000
1300.000000
1300.000000
1300.000000
1300.000000
1300.000000
1300.000000
1300.000000
1300.000000
1300.000000
1300.000000
1300.000000
1300.000000
1300.000000
1300.000000
1300.000000
1300.000000
1300.000000
1300.000000
1300.000000
1300.000000
1300.000000
1300.000000
1300.000000
1300.000000
1300.000000
1300.000000
1300.000000
1300.000000
1300.000000
1300.000000
1300.000000
1300.000000
1300.000000
1300.000000
1300.000000
1300.000000
1300.000000
1300.000000
1300.000000
1300.000000
1300.000000
1300.000000
1300.000000
1300.000000
1300.000000
1300.000000
1300.000000
1300.000000
1300.000000
1300.000000
1300.000000
1300.000000
1300.000000
1300.000000
1300.000000
1300.000000
1300.000000
1300.000000
1300.000000
1300.000000
1300.000000
1300.000000
1300.000000
1300.000000
1300.000000
1300.000000
1300.000000
1300.000000
1300.000000
1300.000000
1300.000000
1300.000000
1300.000000
1300.000000
1300.000000
1300.000000
1300.000000
1300.000000
1300.000000
1300.000000
1300.000000
1300.000000
1300.000000
1300.000000
1300.000000
1300.000000
1300.000000
1300.000000
1300.000000
1300.000000
1300.000000
1300.000000
1300.000000
1300.000000
1300.000000
1300.000000
1300.000000
1300.000000
1300.000000
1300.000000
1300.000000
1300.000000
1300.000000
1300.000000
1300.000000
1300.000000
1300.000000
1300.000000
1300.000000
1300.000000
1300.000000
1300.000000
1300.000000
1300.000000
1300.000000
1300.000000
1300.000000
1300.000000
1300.000000
1300.000000
1300.000000
1300.000000
1300.000000
1300.000000
1300.000000
1300.000000
1300.000000
1300.000000
1300.000000
1300.000000
1300.000000
1300.000000
1300.000000
1300.000000
1300.000000
1300.000000
1300.000000
1300.000000
1300.000000
1300.000000
1300.000000
1300.000000
1300.000000
1300.000000
1300.000000
1300.000000
1300.000000
1300.000000
1300.000000
1300.000000
1300.000000
1300.000000
1300.000000
1300.000000
1300.000000
1300.000000
1300.000000
1300.000000
1300.000000
1300.000000
1300.000000
1300.000000
1300.000000
1300.000000
1300.000000
1300.000000
1300.000000
1300.000000
1300.000000
1300.000000
1300.000000
1300.000000
1300.000000
1300.000000
1300.000000
1300.000000
1300.000000
1300.000000
1300.000000
1300.000000
1300.000000
1300.000000
1300.000000
1300.000000
1300.000000
1300.000000
1300.000000
1300.000000
1300.000000
1300.000000
1300.000000
1300.000000
1300.000000
1300.000000
1300.000000
1300.000000
1300.000000
1300.000000
1300.000000
1300.000000
1300.000000
1300.000000
1300.000000
1300.000000
1300.000000
1300.000000
1300.000000
1300.000000
1300.000000
1300.000000
1300.000000
1300.000000
1300.000000
1300.000000
1300.000000
1300.000000
1300.000000
1300.000000
1300.000000
1300.000000
1300.000000
1300.000000
1300.000000
1300.000000
1300.000000
1300.000000
1300.000000
1300.000000
1300.000000
1300.000000
1300.000000
1300.000000
1300.000000
1300.000000
1300.000000
1300.000000
1300.000000
1300.000000
1300.000000
1300.000000
1300.000000
1300.000000
1300.000000
1300.000000
1300.000000
1300.000000
1300.000000
1300.000000
1300.000000
1300.000000
1300.000000
1300.000000
1300.000000
1300.000000
1300.000000
1300.000000
1300.000000
1300.000000
1300.000000
1300.000000
1300.000000
1300.000000
1300.000000
1300.000000
1300.000000
1300.000000
1300.000000
1300.000000
1300.000000
1300.000000
1300.000000
1300.000000
1300.000000
1300.000000
1300.000000
1300.000000
1300.000000
1300.000000
1300.000000
1300.000000
1300.000000
1300.000000
1300.000000
1300.000000
1300.000000
1300.000000
1300.000000
1300.000000
1300.000000
1300.000000
1300.000000
1300.000000
1300.000000
1300.000000
1300.000000
1300.000000
1300.000000
1300.000000
1300.000000
1300.000000
1300.000000
1300.000000
1300.000000
1300.000000
1300.000000
1300.000000
1300.000000
1300.000000
1300.000000
1300.000000
1300.000000
1300.000000
1300.000000
1300.000000
1300.000000
1300.000000
1300.000000
1300.000000
1300.000000
1300.000000
1300.000000
1300.000000
1300.000000
1300.000000
1300.000000
1300.000000
1300.000000
1300.000000
1300.000000
1300.000000
1300.000000
1300.000000
1300.000000
1300.000000
1300.000000
1300.000000
1300.000000
1300.000000
1300.000000
1300.000000
1300.000000
1300.000000
1300.000000
1300.000000
1300.000000
1300.000000
1300.000000
1300.000000
1300.000000
1300.000000
1300.000000
1300.000000
1300.000000
1300.000000
1300.000000
1300.000000
1300.000000
1300.000000
1300.000000
1300.000000
1300.000000
1300.000000
1300.000000
1300.000000
1300.000000
1300.000000
1300.000000
1300.000000
1300.000000
1300.000000
1300.000000
1300.000000
1300.000000
1300.000000
1300.000000
1300.000000
1300.000000
1300.000000
1300.000000
1300.000000
1300.000000
1300.000000
1300.000000
1300.000000
1300.000000
1300.000000
1300.000000
1300.000000
1300.000000
1300.000000
1300.000000
1300.000000
1300.000000
1300.000000
1300.000000
1300.000000
1300.000000
1300.000000
1300.000000
1300.000000
1300.000000
1300.000000
1300.000000
1300.000000
1300.000000
1300.000000
1300.000000
1300.000000
1300.000000
1300.000000
1300.000000
1300.000000
1300.000000
1300.000000
1300.000000
1300.000000
1300.000000
1300.000000
1300.000000
1300.000000
1300.000000
1300.000000
1300.000000
1300.000000
1300.000000
1300.000000
1300.000000
1300.000000
1300.000000
1300.000000
1300.000000
1300.000000
1300.000000
1300.000000
1300.000000
1300.000000
1300.000000
1300.000000
1300.000000
1300.000000
1300.000000
1300.000000
1300.000000
1300.000000
1300.000000
1300.000000
1300.000000
1300.000000
1300.000000
1300.000000
1300.000000
1300.000000
1300.000000
1300.000000
1300.000000
1300.000000
1300.000000
1300.000000
1300.000000
1300.000000
1300.000000
1300.000000
1300.000000
1300.000000
1300.000000
1300.000000
1300.000000
1300.000000
1300.000000
1300.000000
1300.000000
1300.000000
1300.000000
1300.000000
1300.000000
1300.000000
1300.000000
1300.000000
1300.000000
1300.000000
1300.000000
1300.000000
1300.000000
1300.000000
1300.000000
1300.000000
1300.000000
1300.000000
1300.000000
1300.000000
1300.000000
1300.000000
1300.000000
1300.000000
1300.000000
1300.000000
1300.000000
1300.000000
1300.000000
1300.000000
1300.000000
1300.000000
1300.000000
1300.000000
1300.000000
1300.000000
1300.000000
1300.000000
1300.000000
1300.000000
1300.000000
1300.000000
1300.000000
1300.000000
1300.000000
1300.000000
1300.000000
1300.000000
1300.000000
1300.000000
1300.000000
1300.000000
1300.000000
1300.000000
1300.000000
1300.000000
1300.000000
1300.000000
1300.000000
1300.000000
1300.000000
1300.000000
1300.000000
1300.000000
1300.000000
1300.000000
1300.000000
1300.000000
1300.000000
1300.000000
1300.000000
1300.000000
1300.000000
1300.000000
1300.000000
1300.000000
1300.000000
1300.000000
1300.000000
1300.000000
1300.000000
1300.000000
1300.000000
1300.000000
1300.000000
1300.000000
1300.000000
1300.000000
1300.000000
1300.000000
1300.000000
1300.000000
1300.000000
1300.000000
1300.000000
1300.000000
1300.000000
1300.000000
1300.000000
1300.000000
1300.000000
1300.000000
1300.000000
1300.000000
1300.000000
1300.000000
1300.000000
1300.000000
1300.000000
1300.000000
1300.000000
1300.000000
1300.000000
1300.000000
1300.000000
1300.000000
1300.000000
1300.000000
1300.000000
1300.000000
1300.000000
1300.000000
1300.000000
1300.000000
1300.000000
1300.000000
1300.000000
1300.000000
1300.000000
1300.000000
1300.000000
1300.000000
1300.000000
1300.000000
1300.000000
1300.000000
1300.000000
1300.000000
1300.000000
1300.000000
1300.000000
1300.000000
1300.000000
1300.000000
1300.000000
1300.000000
1300.000000
1300.000000
1300.000000
1300.000000
1300.000000
1300.000000
1300.000000
1300.000000
1300.000000
1300.000000
1300.000000
1300.000000
1300.000000
1300.000000
1300.000000
1300.000000
1300.000000
1300.000000
1300.000000
1300.000000
1300.000000
1300.000000
1300.000000
1300.000000
1300.000000
1300.000000
1300.000000
1300.000000
1300.000000
1300.000000
1300.000000
1300.000000
1300.000000
1300.000000
1300.000000
1300.000000
1300.000000
1300.000000
1300.000000
1300.000000
1300.000000
1300.000000
1300.000000
1300.000000
1300.000000
1300.000000
1300.000000
1300.000000
1300.000000
1300.000000
1300.000000
1300.000000
1300.000000
1300.000000
1300.000000
1300.000000
1300.000000
1300.000000
1300.000000
1300.000000
1300.000000
1300.000000
1300.000000
1300.000000
1300.000000
1300.000000
1300.000000
1300.000000
1300.000000
1300.000000
1300.000000
1300.000000
1300.000000
1300.000000
1300.000000
1300.000000
1300.000000
1300.000000
1300.000000
1300.000000
1300.000000
1300.000000
1300.000000
1300.000000
1300.000000
1300.000000
1300.000000
1300.000000
1300.000000
1300.000000
1300.000000
1300.000000
1300.000000
1300.000000
1300.000000
1300.000000
1300.000000
1300.000000
1300.000000
1300.000000
1300.000000
1300.000000
1300.000000
1300.000000
1300.000000
1300.000000
1300.000000
1300.000000
1300.000000
1300.000000
1300.000000
1300.000000
1300.000000
1300.000000
1300.000000
1300.000000
1300.000000
1300.000000
1300.000000
1300.000000
1300.000000
1300.000000
1300.000000
1300.000000
1300.000000
1300.000000
1300.000000
1300.000000
1300.000000
1300.000000
1300.000000
1300.000000
1300.000000
1300.000000
1300.000000
1300.000000
1300.000000
1300.000000
1300.000000
1300.000000
1300.000000
1300.000000
1300.000000
1300.000000
1300.000000
1300.000000
1300.000000
1300.000000
1300.000000
1300.000000
1300.000000
1300.000000
1300.000000
1300.000000
1300.000000
1300.000000
1300.000000
1300.000000
1300.000000
1300.000000
1300.000000
1300.000000
1300.000000
1300.000000
1300.000000
1300.000000
1300.000000
1300.000000
1300.000000
1300.000000
1300.000000
1300.000000
1300.000000
1300.000000
1300.000000
1300.000000
1300.000000
1300.000000
1300.000000
1300.000000
1300.000000
1300.000000
1300.000000
1300.000000
1300.000000
1300.000000
1300.000000
1300.000000
1300.000000
1300.000000
1300.000000
1300.000000
1300.000000
1300.000000
1300.000000
1300.000000
1300.000000
1300.000000
1300.000000
1300.000000
1300.000000
1300.000000
1300.000000
1300.000000
1300.000000
1300.000000
1300.000000
1300.000000
1300.000000
1300.000000
1300.000000
1300.000000
1300.000000
1300.000000
1300.000000
1300.000000
1300.000000
1300.000000
1300.000000
1300.000000
1300.000000
1300.000000
1300.000000
1300.000000
1300.000000
1300.000000
1300.000000
1300.000000
1300.000000
1300.000000
1300.000000
1300.000000
1300.000000
1300.000000
1300.000000
1300.000000
1300.000000
1300.000000
1300.000000
1300.000000
1300.000000
1300.000000
1300.000000
1300.000000
1300.000000
1300.000000
1300.000000
1300.000000
1300.000000
1300.000000
1300.000000
1300.000000
1300.000000
1300.000000
1300.000000
1300.000000
1300.000000
1300.000000
1300.000000
1300.000000
1300.000000
1300.000000
1300.000000
1300.000000
1300.000000
1300.000000
1300.000000
1300.000000
1300.000000
1300.000000
1300.000000
1300.000000
1300.000000
1300.000000
1300.000000
1300.000000
1300.000000
1300.000000
1300.000000
1300.000000
1300.000000
1300.000000
1300.000000
1300.000000
1300.000000
1300.000000
1300.000000
1300.000000
1300.000000
1300.000000
1300.000000
1300.000000
1300.000000
1300.000000
1300.000000
1300.000000
1300.000000
1300.000000
1300.000000
1300.000000
1300.000000
1300.000000
1300.000000
1300.000000
1300.000000
1300.000000
1300.000000
1300.000000
1300.000000
1300.000000
1300.000000
1300.000000
1300.000000
1300.000000
1300.000000
1300.000000
1300.000000
1300.000000
1300.000000
1300.000000
1300.000000
1300.000000
1300.000000
1300.000000
1300.000000
1300.000000
1300.000000
1300.000000
1300.000000
1300.000000
1300.000000
1300.000000
1300.000000
1300.000000
1300.000000
1300.000000
1300.000000
1300.000000
1300.000000
1300.000000
1300.000000
1300.000000
1300.000000
1300.000000
1300.000000
1300.000000
1300.000000
1300.000000
1300.000000
1300.000000
1300.000000
1300.000000
1300.000000
1300.000000
1300.000000
1300.000000
1300.000000
1300.000000
1300.000000
1300.000000
1300.000000
1300.000000
1300.000000
1300.000000
1300.000000
1300.000000
1300.000000
1300.000000
1300.000000
1300.000000
1300.000000
1300.000000
1300.000000
1300.000000
1300.000000
1300.000000
1300.000000
1300.000000
1300.000000
1300.000000
1300.000000
1300.000000
1300.000000
1300.000000
1300.000000
1300.000000
1300.000000
1300.000000
1300.000000
1300.000000
1300.000000
1300.000000
1300.000000
1300.000000
1300.000000
1300.000000
1300.000000
1300.000000
1300.000000
1300.000000
1300.000000
1300.000000
1300.000000
1300.000000
1300.000000
1300.000000
1300.000000
1300.000000
1300.000000
1300.000000
1300.000000
1300.000000
1300.000000
1300.000000
1300.000000
1300.000000
1300.000000
1300.000000
1300.000000
1300.000000
1300.000000
1300.000000
1300.000000
1300.000000
1300.000000
1300.000000
1300.000000
1300.000000
1300.000000
1300.000000
1300.000000
1300.000000
1300.000000
1300.000000
1300.000000
1300.000000
1300.000000
1300.000000
1300.000000
1300.000000
1300.000000
1300.000000
1300.000000
1300.000000
1300.000000
1300.000000
1300.000000
1300.000000
1300.000000
1300.000000
1300.000000
1300.000000
1300.000000
1300.000000
1300.000000
1300.000000
1300.000000
1300.000000
1300.000000
1300.000000
1300.000000
1300.000000
1300.000000
1300.000000
1300.000000
1300.000000
1300.000000
1300.000000
1300.000000
1300.000000
1300.000000
1300.000000
1300.000000
1300.000000
1300.000000
1300.000000
1300.000000
1300.000000
1300.000000
1300.000000
1300.000000
1300.000000
1300.000000
1300.000000
1300.000000
1300.000000
1300.000000
1300.000000
1300.000000
1300.000000
1300.000000
1300.000000
1300.000000
1300.000000
1300.000000
1300.000000
1300.000000
1300.000000
1300.000000
1300.000000
1300.000000
1300.000000
1300.000000
1300.000000
1300.000000
1300.000000
1300.000000
1300.000000
1300.000000
1300.000000
1300.000000
1300.000000
1300.000000
1300.000000
1300.000000
1300.000000
1300.000000
1300.000000
1300.000000
1300.000000
1300.000000
1300.000000
1300.000000
1300.000000
1300.000000
1300.000000
1300.000000
1300.000000
1300.000000
1300.000000
1300.000000
1300.000000
1300.000000
1300.000000
1300.000000
1300.000000
1300.000000
1300.000000
1300.000000
1300.000000
1300.000000
1300.000000
1300.000000
1300.000000
1300.000000
1300.000000
1300.000000
1300.000000
1300.000000
1300.000000
1300.000000
1300.000000
1300.000000
1300.000000
1300.000000
1300.000000
1300.000000
1300.000000
1300.000000
1300.000000
1300.000000
1300.000000
1300.000000
1300.000000
1300.000000
1300.000000
1300.000000
1300.000000
1300.000000
1300.000000
1300.000000
1300.000000
1300.000000
1300.000000
1300.000000
1300.000000
1300.000000
1300.000000
1300.000000
1300.000000
1300.000000
1300.000000
1300.000000
1300.000000
1300.000000
1300.000000
1300.000000
1300.000000
1300.000000
1300.000000
1300.000000
1300.000000
1300.000000
1300.000000
1300.000000
1300.000000
1300.000000
1300.000000
1300.000000
1300.000000
1300.000000
1300.000000
1300.000000
1300.000000
1300.000000
1300.000000
1300.000000
1300.000000
1300.000000
1300.000000
1300.000000
1300.000000
1300.000000
1300.000000
1300.000000
1300.000000
1300.000000
1300.000000
1300.000000
1300.000000
1300.000000
1300.000000
1300.000000
1300.000000
1300.000000
1300.000000
1300.000000
1300.000000
1300.000000
1300.000000
1300.000000
1300.000000
1300.000000
1300.000000
1300.000000
1300.000000
1300.000000
1300.000000
1300.000000
1300.000000
1300.000000
1300.000000
1300.000000
1300.000000
1300.000000
1300.000000
1300.000000
1300.000000
1300.000000
1300.000000
1300.000000
1300.000000
1300.000000
1300.000000
1300.000000
1300.000000
1300.000000
1300.000000
1300.000000
1300.000000
1300.000000
1300.000000
1300.000000
1300.000000
1300.000000
1300.000000
1300.000000
1300.000000
1300.000000
1300.000000
1300.000000
1300.000000
1300.000000
1300.000000
1300.000000
1300.000000
1300.000000
1300.000000
1300.000000
1300.000000
1300.000000
1300.000000
1300.000000
1300.000000
1300.000000
1300.000000
1300.000000
1300.000000
1300.000000
1300.000000
1300.000000
1300.000000
1300.000000
1300.000000
1300.000000
1300.000000
1300.000000
1300.000000
1300.000000
1300.000000
1300.000000
1300.000000
1300.000000
1300.000000
1300.000000
1300.000000
1300.000000
1300.000000
1300.000000
1300.000000
1300.000000
1300.000000
1300.000000
1300.000000
1300.000000
1300.000000
1300.000000
1300.000000
1300.000000
1300.000000
1300.000000
1300.000000
1300.000000
1300.000000
1300.000000
1300.000000
1300.000000
1300.000000
1300.000000
1300.000000
1300.000000
1300.000000
1300.000000
1300.000000
1300.000000
1300.000000
1300.000000
1300.000000
1300.000000
1300.000000
1300.000000
1300.000000
1300.000000
1300.000000
1300.000000
1300.000000
1300.000000
1300.000000
1300.000000
1300.000000
1300.000000
1300.000000
1300.000000
1300.000000
1300.000000
1300.000000
1300.000000
1300.000000
1300.000000
1300.000000
1300.000000
1300.000000
1300.000000
1300.000000
1300.000000
1300.000000
1300.000000
1300.000000
1300.000000
1300.000000
1300.000000
1300.000000
1300.000000
1300.000000
1300.000000
1300.000000
1300.000000
1300.000000
1300.000000
1300.000000
1300.000000
1300.000000
1300.000000
1300.000000
1300.000000
1300.000000
1300.000000
1300.000000
1300.000000
1300.000000
1300.000000
1300.000000
1300.000000
1300.000000
1300.000000
1300.000000
1300.000000
1300.000000
1300.000000
1300.000000
1300.000000
1300.000000
1300.000000
1300.000000
1300.000000
1300.000000
1300.000000
1300.000000
1300.000000
1300.000000
1300.000000
1300.000000
1300.000000
1300.000000
1300.000000
1300.000000
1300.000000
1300.000000
1300.000000
1300.000000
1300.000000
1300.000000
1300.000000
1300.000000
1300.000000
1300.000000
1300.000000
1300.000000
1300.000000
1300.000000
1300.000000
1300.000000
1300.000000
1300.000000
1300.000000
1300.000000
1300.000000
1300.000000
1300.000000
1300.000000
1300.000000
1300.000000
1300.000000
1300.000000
1300.000000
1300.000000
1300.000000
1300.000000
1300.000000
1300.000000
1300.000000
1300.000000
1300.000000
1300.000000
1300.000000
1300.000000
1300.000000
1300.000000
1300.000000
1300.000000
1300.000000
1300.000000
1300.000000
1300.000000
1300.000000
1300.000000
1300.000000
1300.000000
1300.000000
1300.000000
1300.000000
1300.000000
1300.000000
1300.000000
1300.000000
1300.000000
1300.000000
1300.000000
1300.000000
1300.000000
1300.000000
1300.000000
1300.000000
1300.000000
1300.000000
1300.000000
1300.000000
1300.000000
1300.000000
1300.000000
1300.000000
1300.000000
1300.000000
1300.000000
1300.000000
1300.000000
1300.000000
1300.000000
1300.000000
1300.000000
1300.000000
1300.000000
1300.000000
1300.000000
1300.000000
1300.000000
1300.000000
1300.000000
1300.000000
1300.000000
1300.000000
1300.000000
1300.000000
1300.000000
1300.000000
1300.000000
1300.000000
1300.000000
1300.000000
1300.000000
1300.000000
1300.000000
1300.000000
1300.000000
1300.000000
1300.000000
1300.000000
1300.000000
1300.000000
1300.000000
1300.000000
1300.000000
1300.000000
1300.000000
1300.000000
1300.000000
1300.000000
1300.000000
1300.000000
1300.000000
1300.000000
1300.000000
1300.000000
1300.000000
1300.000000
1300.000000
1300.000000
1300.000000
1300.000000
1300.000000
1300.000000
1300.000000
1300.000000
1300.000000
1300.000000
1300.000000
1300.000000
1300.000000
1300.000000
1300.000000
1300.000000
1300.000000
1300.000000
1300.000000
1300.000000
1300.000000
1300.000000
1300.000000
1300.000000
1300.000000
1300.000000
1300.000000
1300.000000
1300.000000
1300.000000
1300.000000
1300.000000
1300.000000
1300.000000
1300.000000
1300.000000
1300.000000
1300.000000
1300.000000
1300.000000
1300.000000
1300.000000
1300.000000
1300.000000
1300.000000
1300.000000
1300.000000
1300.000000
1300.000000
1300.000000
1300.000000
1300.000000
1300.000000
1300.000000
1300.000000
1300.000000
1300.000000
1300.000000
1300.000000
1300.000000
1300.000000
1300.000000
1300.000000
1300.000000
1300.000000
1300.000000
1300.000000
1300.000000
1300.000000
1300.000000
1300.000000
1300.000000
1300.000000
1300.000000
1300.000000
1300.000000
1300.000000
1300.000000
1300.000000
1300.000000
1300.000000
1300.000000
1300.000000
1300.000000
1300.000000
1300.000000
1300.000000
1300.000000
1300.000000
1300.000000
1300.000000
1300.000000
1300.000000
1300.000000
1300.000000
1300.000000
1300.000000
1300.000000
1300.000000
1300.000000
1300.000000
1300.000000
1300.000000
1300.000000
1300.000000
1300.000000
1300.000000
1300.000000
1300.000000
1300.000000
1300.000000
1300.000000
1300.000000
1300.000000
1300.000000
1300.000000
1300.000000
1300.000000
1300.000000
1300.000000
1300.000000
1300.000000
1300.000000
1300.000000
1300.000000
1300.000000
1300.000000
1300.000000
1300.000000
1300.000000
1300.000000
1300.000000
1300.000000
1300.000000
1300.000000
1300.000000
1300.000000
1300.000000
1300.000000
1300.000000
1300.000000
1300.000000
1300.000000
1300.000000
1300.000000
1300.000000
1300.000000
1300.000000
1300.000000
1300.000000
1300.000000
1300.000000
1300.000000
1300.000000
1300.000000
1300.000000
1300.000000
1300.000000
1300.000000
1300.000000
1300.000000
1300.000000
1300.000000
1300.000000
1300.000000
1300.000000
1300.000000
1300.000000
1300.000000
1300.000000
1300.000000
1300.000000
1300.000000
1300.000000
1300.000000
1300.000000
1300.000000
1300.000000
1300.000000
1300.000000
1300.000000
1300.000000
1300.000000
1300.000000
1300.000000
1300.000000
1300.000000
1300.000000
1300.000000
1300.000000
1300.000000
1300.000000
1300.000000
1300.000000
1300.000000
1300.000000
1300.000000
1300.000000
1300.000000
1300.000000
1300.000000
1300.000000
1300.000000
1300.000000
1300.000000
1300.000000
1300.000000
1300.000000
1300.000000
1300.000000
1300.000000
1300.000000
1300.000000
1300.000000
1300.000000
1300.000000
1300.000000
1300.000000
1300.000000
1300.000000
1300.000000
1300.000000
1300.000000
1300.000000
1300.000000
1300.000000
1300.000000
1300.000000
1300.000000
1300.000000
1300.000000
1300.000000
1300.000000
1300.000000
1300.000000
1300.000000
1300.000000
1300.000000
1300.000000
1300.000000
1300.000000
1300.000000
1300.000000
1300.000000
1300.000000
1300.000000
1300.000000
1300.000000
1300.000000
1300.000000
1300.000000
1300.000000
1300.000000
1300.000000
1300.000000
1300.000000
1300.000000
1300.000000
1300.000000
1300.000000
1300.000000
1300.000000
1300.000000
1300.000000
1300.000000
1300.000000
1300.000000
1300.000000
1300.000000
1300.000000
1300.000000
1300.000000
1300.000000
1300.000000
1300.000000
1300.000000
1300.000000
1300.000000
1300.000000
1300.000000
1300.000000
1300.000000
1300.000000
1300.000000
1300.000000
1300.000000
1300.000000
1300.000000
1300.000000
1300.000000
1300.000000
1300.000000
1300.000000
1300.000000
1300.000000
1300.000000
1300.000000
1300.000000
1300.000000
1300.000000
1300.000000
1300.000000
1300.000000
1300.000000
1300.000000
1300.000000
1300.000000
1300.000000
1300.000000
1300.000000
1300.000000
1300.000000
1300.000000
1300.000000
1300.000000
1300.000000
1300.000000
1300.000000
1300.000000
1300.000000
1300.000000
1300.000000
1300.000000
1300.000000
1300.000000
1300.000000
1300.000000
1300.000000
1300.000000
1300.000000
1300.000000
1300.000000
1300.000000
1300.000000
1300.000000
1300.000000
1300.000000
1300.000000
1300.000000
1300.000000
1300.000000
1300.000000
1300.000000
1300.000000
1300.000000
1300.000000
1300.000000
1300.000000
1300.000000
1300.000000
1300.000000
1300.000000
1300.000000
1300.000000
1300.000000
1300.000000
1300.000000
1300.000000
1300.000000
1300.000000
1300.000000
1300.000000
1300.000000
1300.000000
1300.000000
1300.000000
1300.000000
1300.000000
1300.000000
1300.000000
1300.000000
1300.000000
1300.000000
1300.000000
1300.000000
1300.000000
1300.000000
1300.000000
1300.000000
1300.000000
1300.000000
1300.000000
1300.000000
1300.000000
1300.000000
1300.000000
1300.000000
1300.000000
1300.000000
1300.000000
1300.000000
1300.000000
1300.000000
1300.000000
1300.000000
1300.000000
1300.000000
1300.000000
1300.000000
1300.000000
1300.000000
1300.000000
1300.000000
1300.000000
1300.000000
1300.000000
1300.000000
1300.000000
1300.000000
1300.000000
1300.000000
1300.000000
1300.000000
1300.000000
1300.000000
1300.000000
1300.000000
1300.000000
1300.000000
1300.000000
1300.000000
1300.000000
1300.000000
1300.000000
1300.000000
1300.000000
1300.000000
1300.000000
1300.000000
1300.000000
1300.000000
1300.000000
1300.000000
1300.000000
1300.000000
1300.000000
1300.000000
1300.000000
1300.000000
1300.000000
1300.000000
1300.000000
1300.000000
1300.000000
1300.000000
1300.000000
1300.000000
1300.000000
1300.000000
1300.000000
1300.000000
1300.000000
1300.000000
1300.000000
1300.000000
1300.000000
1300.000000
1300.000000
1300.000000
1300.000000
1300.000000
1300.000000
1300.000000
1300.000000
1300.000000
1300.000000
1300.000000
1300.000000
1300.000000
1300.000000
1300.000000
1300.000000
1300.000000
1300.000000
1300.000000
1300.000000
1300.000000
1300.000000
1300.000000
1300.000000
1300.000000
1300.000000
1300.000000
1300.000000
1300.000000
1300.000000
1300.000000
1300.000000
1300.000000
1300.000000
1300.000000
1300.000000
1300.000000
1300.000000
1300.000000
1300.000000
1300.000000
1300.000000
1300.000000
1300.000000
1300.000000
1300.000000
1300.000000
1300.000000
1300.000000
1300.000000
1300.000000
1300.000000
1300.000000
1300.000000
1300.000000
1300.000000
1300.000000
1300.000000
1300.000000
1300.000000
1300.000000
1300.000000
1300.000000
1300.000000
1300.000000
1300.000000
1300.000000
1300.000000
1300.000000
1300.000000
1300.000000
1300.000000
1300.000000
1300.000000
1300.000000
1300.000000
1300.000000
1300.000000
1300.000000
1300.000000
1300.000000
1300.000000
1300.000000
1300.000000
1300.000000
1300.000000
1300.000000
1300.000000
1300.000000
1300.000000
1300.000000
1300.000000
1300.000000
1300.000000
1300.000000
1300.000000
1300.000000
1300.000000
1300.000000
1300.000000
1300.000000
1300.000000
1300.000000
1300.000000
1300.000000
1300.000000
1300.000000
1300.000000
1300.000000
1300.000000
1300.000000
1300.000000
1300.000000
1300.000000
1300.000000
1300.000000
1300.000000
1300.000000
1300.000000
1300.000000
1300.000000
1300.000000
1300.000000
1300.000000
1300.000000
1300.000000
1300.000000
1300.000000
1300.000000
1300.000000
1300.000000
1300.000000
1300.000000
1300.000000
1300.000000
1300.000000
1300.000000
1300.000000
1300.000000
1300.000000
1300.000000
1300.000000
1300.000000
1300.000000
1300.000000
1300.000000
1300.000000
1300.000000
1300.000000
1300.000000
1300.000000
1300.000000
1300.000000
1300.000000
1300.000000
1300.000000
1300.000000
1300.000000
1300.000000
1300.000000
1300.000000
1300.000000
1300.000000
1300.000000
1300.000000
1300.000000
1300.000000
1300.000000
1300.000000
1300.000000
1300.000000
1300.000000
1300.000000
1300.000000
1300.000000
1300.000000
1300.000000
1300.000000
1300.000000
1300.000000
1300.000000
1300.000000
1300.000000
1300.000000
1300.000000
1300.000000
1300.000000
1300.000000
1300.000000
1300.000000
1300.000000
1300.000000
1300.000000
1300.000000
1300.000000
1300.000000
1300.000000
1300.000000
1300.000000
1300.000000
1300.000000
1300.000000
1300.000000
1300.000000
1300.000000
1300.000000
1300.000000
1300.000000
1300.000000
1300.000000
1300.000000
1300.000000
1300.000000
1300.000000
1300.000000
1300.000000
1300.000000
1300.000000
1300.000000
1300.000000
1300.000000
1300.000000
1300.000000
1300.000000
1300.000000
1300.000000
1300.000000
1300.000000
1300.000000
1300.000000
1300.000000
1300.000000
1300.000000
1300.000000
1300.000000
1300.000000
1300.000000
1300.000000
1300.000000
1300.000000
